Date,Open,High,Low,Close,Adj Close,Volume,ticker
2007-01-03,50.0,51.150001525878906,48.540000915527344,48.9900016784668,27.534955978393555,4829000,KLAC
2007-01-04,49.290000915527344,50.189998626708984,48.66999816894531,50.04999923706055,28.1307373046875,3303500,KLAC
2007-01-05,49.599998474121094,50.189998626708984,49.2599983215332,50.150001525878906,28.186927795410156,3898400,KLAC
2007-01-08,50.04999923706055,51.38999938964844,49.93000030517578,50.56999969482422,28.42300796508789,4028300,KLAC
2007-01-09,50.9900016784668,51.849998474121094,50.38999938964844,51.099998474121094,28.72087860107422,4448200,KLAC
2007-01-10,50.709999084472656,52.040000915527344,50.5,51.91999816894531,29.1817626953125,3604400,KLAC
2007-01-11,52.209999084472656,52.84000015258789,51.72999954223633,52.06999969482422,29.266080856323242,4551200,KLAC
2007-01-12,52.029998779296875,52.72999954223633,51.56999969482422,52.16999816894531,29.322275161743164,3069300,KLAC
2007-01-16,51.709999084472656,52.20000076293945,50.400001525878906,50.709999084472656,28.501689910888672,6111600,KLAC
2007-01-17,50.5,51.93000030517578,50.16999816894531,51.25,28.80520248413086,4876500,KLAC
2007-01-18,49.939998626708984,50.09000015258789,47.599998474121094,47.810001373291016,26.871742248535156,10811100,KLAC
2007-01-19,47.7400016784668,48.83000183105469,47.34000015258789,48.0099983215332,26.984146118164062,4971200,KLAC
2007-01-22,47.93000030517578,48.4900016784668,47.150001525878906,48.16999816894531,27.074081420898438,4569700,KLAC
2007-01-23,48.25,48.2599983215332,46.849998474121094,46.970001220703125,26.399616241455078,5303100,KLAC
2007-01-24,47.15999984741211,48.04999923706055,46.959999084472656,47.72999954223633,26.826763153076172,3691900,KLAC
2007-01-25,47.75,48.70000076293945,46.939998626708984,47.099998474121094,26.472675323486328,4156300,KLAC
2007-01-26,47.709999084472656,49.33000183105469,47.22999954223633,48.91999816894531,27.495620727539062,7395500,KLAC
2007-01-29,48.95000076293945,49.779998779296875,48.75,49.209999084472656,27.658611297607422,4844900,KLAC
2007-01-30,49.349998474121094,49.540000915527344,48.709999084472656,49.119998931884766,27.608030319213867,3270200,KLAC
2007-01-31,49.04999923706055,49.560001373291016,48.279998779296875,49.25,27.68108558654785,3392200,KLAC
2007-02-01,49.02000045776367,49.720001220703125,48.29999923706055,48.880001068115234,27.473127365112305,4506500,KLAC
2007-02-02,48.790000915527344,50.0,48.77000045776367,50.0,28.102630615234375,4145800,KLAC
2007-02-05,50.290000915527344,51.880001068115234,50.11000061035156,51.290000915527344,28.827688217163086,8852900,KLAC
2007-02-06,50.91999816894531,51.09000015258789,50.33000183105469,50.790000915527344,28.546663284301758,4899800,KLAC
2007-02-07,50.939998626708984,51.77000045776367,50.75,51.20000076293945,28.77710723876953,4067800,KLAC
2007-02-08,50.95000076293945,51.349998474121094,50.81999969482422,50.91999816894531,28.619720458984375,3930200,KLAC
2007-02-09,50.349998474121094,51.0,49.25,49.65999984741211,27.911542892456055,6446700,KLAC
2007-02-12,49.380001068115234,49.790000915527344,49.099998474121094,49.650001525878906,27.90592384338379,3491200,KLAC
2007-02-13,49.90999984741211,50.099998474121094,49.22999954223633,49.400001525878906,27.832674026489258,2917300,KLAC
2007-02-14,49.79999923706055,50.810001373291016,49.59000015258789,50.38999938964844,28.390443801879883,4026800,KLAC
2007-02-15,50.29999923706055,50.91999816894531,50.11000061035156,50.79999923706055,28.621442794799805,2645400,KLAC
2007-02-16,50.86000061035156,51.0,50.29999923706055,50.900001525878906,28.677791595458984,3978200,KLAC
2007-02-20,50.650001525878906,51.34000015258789,50.040000915527344,51.2599983215332,28.88060760498047,4329900,KLAC
2007-02-21,51.099998474121094,51.5,50.900001525878906,51.189998626708984,28.841176986694336,3194900,KLAC
2007-02-22,51.4900016784668,52.25,51.369998931884766,52.25,29.438413619995117,4432300,KLAC
2007-02-23,53.15999984741211,54.540000915527344,53.11000061035156,54.15999984741211,30.51451301574707,10444900,KLAC
2007-02-26,54.380001068115234,54.65999984741211,53.93000030517578,54.41999816894531,30.6610050201416,4459200,KLAC
2007-02-27,53.560001373291016,53.66999816894531,51.810001373291016,52.29999923706055,29.466567993164062,9416400,KLAC
2007-02-28,52.36000061035156,52.720001220703125,51.70000076293945,51.7400016784668,29.151058197021484,6415300,KLAC
2007-03-01,50.75,51.369998931884766,50.209999084472656,50.91999816894531,28.689054489135742,6085700,KLAC
2007-03-02,50.5,51.15999984741211,49.5099983215332,49.90999984741211,28.12000846862793,5332800,KLAC
2007-03-05,49.880001068115234,51.97999954223633,49.75,51.130001068115234,28.8073787689209,7752000,KLAC
2007-03-06,51.72999954223633,51.7400016784668,50.79999923706055,51.150001525878906,28.818645477294922,4744000,KLAC
2007-03-07,50.90999984741211,51.5,50.68000030517578,51.04999923706055,28.762311935424805,4027800,KLAC
2007-03-08,52.02000045776367,53.779998779296875,52.0,53.11000061035156,29.92293357849121,10588000,KLAC
2007-03-09,53.54999923706055,53.54999923706055,52.25,52.849998474121094,29.776456832885742,4832300,KLAC
2007-03-12,52.58000183105469,53.16999816894531,52.41999816894531,52.7599983215332,29.725732803344727,4697300,KLAC
2007-03-13,52.470001220703125,52.52000045776367,51.47999954223633,51.5,29.015844345092773,4918500,KLAC
2007-03-14,51.720001220703125,51.97999954223633,50.9900016784668,51.97999954223633,29.286283493041992,3976500,KLAC
2007-03-15,52.11000061035156,52.189998626708984,51.630001068115234,52.0099983215332,29.303184509277344,2958300,KLAC
2007-03-16,51.97999954223633,52.43000030517578,51.43000030517578,52.029998779296875,29.314455032348633,4376400,KLAC
2007-03-19,52.31999969482422,52.45000076293945,51.75,52.2400016784668,29.432767868041992,3699600,KLAC
2007-03-20,52.27000045776367,53.25,52.02000045776367,53.029998779296875,29.87786102294922,4649000,KLAC
2007-03-21,53.099998474121094,54.40999984741211,52.689998626708984,54.27000045776367,30.57649803161621,4702800,KLAC
2007-03-22,54.290000915527344,54.38999938964844,53.13999938964844,53.61000061035156,30.20464515686035,4015300,KLAC
2007-03-23,53.709999084472656,54.5,53.59000015258789,54.34000015258789,30.615936279296875,4037000,KLAC
2007-03-26,54.34000015258789,54.68000030517578,53.52000045776367,54.38999938964844,30.644113540649414,3661800,KLAC
2007-03-27,54.18000030517578,54.880001068115234,53.86000061035156,53.86000061035156,30.34549903869629,4268400,KLAC
2007-03-28,53.650001525878906,54.06999969482422,53.060001373291016,53.349998474121094,30.058156967163086,2988200,KLAC
2007-03-29,53.59000015258789,53.79999923706055,52.470001220703125,53.470001220703125,30.125755310058594,4746700,KLAC
2007-03-30,53.27000045776367,53.849998474121094,53.08000183105469,53.31999969482422,30.041244506835938,3989000,KLAC
2007-04-02,53.400001525878906,53.619998931884766,52.72999954223633,53.5099983215332,30.148311614990234,4620500,KLAC
2007-04-03,53.7599983215332,54.45000076293945,53.27000045776367,54.220001220703125,30.548330307006836,4471200,KLAC
2007-04-04,54.7400016784668,55.38999938964844,54.56999969482422,55.2400016784668,31.123008728027344,6220300,KLAC
2007-04-05,55.130001068115234,55.900001525878906,54.900001525878906,55.849998474121094,31.466690063476562,4250600,KLAC
2007-04-09,55.79999923706055,55.869998931884766,54.90999984741211,55.529998779296875,31.286409378051758,4637500,KLAC
2007-04-10,55.400001525878906,56.52000045776367,55.15999984741211,56.369998931884766,31.759672164916992,5853700,KLAC
2007-04-11,56.0099983215332,56.25,55.29999923706055,55.36000061035156,31.19062614440918,4808800,KLAC
2007-04-12,55.45000076293945,55.88999938964844,55.0,55.66999816894531,31.365278244018555,4794600,KLAC
2007-04-13,55.16999816894531,55.25,53.91999816894531,54.720001220703125,30.830028533935547,5683400,KLAC
2007-04-16,54.43000030517578,54.7599983215332,53.880001068115234,54.70000076293945,30.81877899169922,4326600,KLAC
2007-04-17,54.709999084472656,54.7400016784668,54.209999084472656,54.560001373291016,30.739891052246094,3766600,KLAC
2007-04-18,54.689998626708984,55.130001068115234,54.18000030517578,54.65999984741211,30.796228408813477,4319900,KLAC
2007-04-19,54.119998931884766,55.15999984741211,53.68000030517578,54.220001220703125,30.548330307006836,5486600,KLAC
2007-04-20,55.06999969482422,55.06999969482422,53.77000045776367,54.209999084472656,30.54269027709961,5052000,KLAC
2007-04-23,53.79999923706055,54.220001220703125,53.599998474121094,54.04999923706055,30.452552795410156,3548100,KLAC
2007-04-24,54.45000076293945,54.90999984741211,53.75,54.63999938964844,30.784950256347656,4780500,KLAC
2007-04-25,54.790000915527344,54.95000076293945,54.09000015258789,54.79999923706055,30.87510108947754,4055200,KLAC
2007-04-26,54.5,55.779998779296875,54.310001373291016,55.58000183105469,31.314571380615234,4678600,KLAC
2007-04-27,54.790000915527344,56.459999084472656,54.779998779296875,55.13999938964844,31.066673278808594,4525200,KLAC
2007-04-30,55.290000915527344,56.54999923706055,55.04999923706055,55.54999923706055,31.29767417907715,6232900,KLAC
2007-05-01,55.52000045776367,56.0,55.150001525878906,55.880001068115234,31.483600616455078,3722200,KLAC
2007-05-02,55.810001373291016,56.459999084472656,55.65999984741211,56.25,31.69206428527832,3135000,KLAC
2007-05-03,56.11000061035156,56.849998474121094,55.959999084472656,56.38999938964844,31.770936965942383,2498100,KLAC
2007-05-04,56.5099983215332,56.95000076293945,56.16999816894531,56.869998931884766,32.04137420654297,2163300,KLAC
2007-05-07,56.95000076293945,57.060001373291016,56.70000076293945,56.779998779296875,31.99066925048828,2870200,KLAC
2007-05-08,56.45000076293945,56.459999084472656,55.709999084472656,56.310001373291016,31.725854873657227,3062500,KLAC
2007-05-09,56.029998779296875,57.0,55.7599983215332,56.91999816894531,32.06954574584961,3016500,KLAC
2007-05-10,56.650001525878906,56.650001525878906,55.11000061035156,55.18000030517578,31.089200973510742,5940900,KLAC
2007-05-11,55.599998474121094,56.29999923706055,55.369998931884766,55.4900016784668,31.332002639770508,4195600,KLAC
2007-05-14,55.720001220703125,55.86000061035156,54.790000915527344,55.38999938964844,31.275535583496094,5141900,KLAC
2007-05-15,55.459999084472656,55.79999923706055,54.86000061035156,55.13999938964844,31.134380340576172,4747700,KLAC
2007-05-16,54.380001068115234,54.77000045776367,53.650001525878906,54.619998931884766,30.840776443481445,6707000,KLAC
2007-05-17,54.4900016784668,55.02000045776367,53.880001068115234,54.599998474121094,30.829469680786133,6051400,KLAC
2007-05-18,54.619998931884766,54.97999954223633,53.27000045776367,53.650001525878906,30.293058395385742,8016900,KLAC
2007-05-21,53.84000015258789,54.33000183105469,53.27000045776367,53.4900016784668,30.202720642089844,4374500,KLAC
2007-05-22,53.93000030517578,54.31999969482422,53.5,54.04999923706055,30.5189208984375,3897300,KLAC
2007-05-23,53.970001220703125,54.220001220703125,53.66999816894531,53.709999084472656,30.32693862915039,4596900,KLAC
2007-05-24,53.91999816894531,54.13999938964844,53.25,53.529998779296875,30.225299835205078,6385700,KLAC
2007-05-25,53.599998474121094,53.88999938964844,53.41999816894531,53.66999816894531,30.304359436035156,3598900,KLAC
2007-05-29,53.59000015258789,54.83000183105469,53.349998474121094,54.470001220703125,30.75606918334961,6575000,KLAC
2007-05-30,53.90999984741211,54.20000076293945,53.27000045776367,53.90999984741211,30.439863204956055,5731300,KLAC
2007-05-31,53.93000030517578,55.11000061035156,53.720001220703125,54.97999954223633,31.04403305053711,4422600,KLAC
2007-06-01,55.060001373291016,55.97999954223633,55.029998779296875,55.369998931884766,31.26424789428711,5299300,KLAC
2007-06-04,55.150001525878906,55.47999954223633,54.709999084472656,55.31999969482422,31.23600959777832,3612900,KLAC
2007-06-05,55.0099983215332,55.36000061035156,54.33000183105469,54.7400016784668,30.908531188964844,3802100,KLAC
2007-06-06,54.650001525878906,55.18000030517578,54.09000015258789,54.099998474121094,30.54715919494629,3583800,KLAC
2007-06-07,53.900001525878906,54.2599983215332,53.029998779296875,53.09000015258789,29.97686195373535,7228100,KLAC
2007-06-08,52.90999984741211,54.13999938964844,52.90999984741211,54.060001373291016,30.52457046508789,3821100,KLAC
2007-06-11,54.060001373291016,54.099998474121094,53.41999816894531,53.83000183105469,30.394695281982422,3925000,KLAC
2007-06-12,53.689998626708984,54.369998931884766,53.16999816894531,53.86000061035156,30.411632537841797,5158800,KLAC
2007-06-13,54.04999923706055,54.79999923706055,54.04999923706055,54.470001220703125,30.75606918334961,5650000,KLAC
2007-06-14,54.540000915527344,55.470001220703125,54.470001220703125,55.130001068115234,31.128725051879883,3914500,KLAC
2007-06-15,55.7400016784668,56.209999084472656,55.459999084472656,56.119998931884766,31.687725067138672,5961100,KLAC
2007-06-18,55.77000045776367,56.279998779296875,55.68000030517578,55.86000061035156,31.540918350219727,2629100,KLAC
2007-06-19,55.77000045776367,55.77000045776367,55.15999984741211,55.540000915527344,31.360225677490234,3712600,KLAC
2007-06-20,55.720001220703125,55.810001373291016,55.0099983215332,55.040000915527344,31.077899932861328,2646100,KLAC
2007-06-21,55.040000915527344,56.79999923706055,55.029998779296875,56.72999954223633,32.03215789794922,4379900,KLAC
2007-06-22,56.47999954223633,56.81999969482422,55.91999816894531,56.2400016784668,31.75548553466797,4960300,KLAC
2007-06-25,55.72999954223633,56.290000915527344,55.18000030517578,55.349998474121094,31.252958297729492,3507300,KLAC
2007-06-26,55.61000061035156,55.790000915527344,54.59000015258789,54.88999938964844,30.993215560913086,3762700,KLAC
2007-06-27,54.81999969482422,56.5099983215332,54.599998474121094,56.33000183105469,31.806303024291992,4114200,KLAC
2007-06-28,55.75,56.099998474121094,55.439998626708984,55.45000076293945,31.309417724609375,3475200,KLAC
2007-06-29,55.5,55.560001373291016,54.59000015258789,54.95000076293945,31.027103424072266,3274700,KLAC
2007-07-02,54.900001525878906,55.7400016784668,54.900001525878906,55.349998474121094,31.252958297729492,2231700,KLAC
2007-07-03,55.52000045776367,55.52000045776367,55.0,55.18000030517578,31.156953811645508,1171600,KLAC
2007-07-05,55.0099983215332,56.279998779296875,54.810001373291016,56.189998626708984,31.72724151611328,3599300,KLAC
2007-07-06,56.040000915527344,56.4900016784668,55.709999084472656,56.41999816894531,31.85711097717285,3170700,KLAC
2007-07-09,56.36000061035156,57.77000045776367,56.20000076293945,57.119998931884766,32.25236129760742,4565700,KLAC
2007-07-10,56.900001525878906,57.58000183105469,56.650001525878906,56.86000061035156,32.105567932128906,3259700,KLAC
2007-07-11,56.599998474121094,56.88999938964844,56.11000061035156,56.45000076293945,31.874052047729492,3270300,KLAC
2007-07-12,56.41999816894531,57.220001220703125,56.33000183105469,57.08000183105469,32.22978591918945,5376000,KLAC
2007-07-13,57.40999984741211,57.41999816894531,56.08000183105469,56.150001525878906,31.704669952392578,4479900,KLAC
2007-07-16,56.08000183105469,57.029998779296875,55.9900016784668,56.70000076293945,32.015220642089844,3608100,KLAC
2007-07-17,57.13999938964844,62.0,57.13999938964844,61.779998779296875,34.883602142333984,17676200,KLAC
2007-07-18,60.599998474121094,61.75,60.150001525878906,61.45000076293945,34.69727325439453,7095300,KLAC
2007-07-19,61.79999923706055,62.58000183105469,61.02000045776367,62.459999084472656,35.26755905151367,4463500,KLAC
2007-07-20,62.5,62.66999816894531,61.83000183105469,61.90999984741211,34.95700454711914,4153100,KLAC
2007-07-23,62.22999954223633,62.29999923706055,61.22999954223633,61.27000045776367,34.59562683105469,3583400,KLAC
2007-07-24,59.599998474121094,59.93000030517578,58.060001373291016,59.310001373291016,33.48893356323242,8110700,KLAC
2007-07-25,59.5,60.119998931884766,58.54999923706055,59.5099983215332,33.601871490478516,5432400,KLAC
2007-07-26,58.650001525878906,59.5,57.810001373291016,58.869998931884766,33.24048614501953,5290400,KLAC
2007-07-27,58.279998779296875,59.869998931884766,57.43000030517578,57.47999954223633,32.45563507080078,4864700,KLAC
2007-07-30,57.209999084472656,58.2400016784668,57.209999084472656,57.689998626708984,32.57420349121094,4493700,KLAC
2007-07-31,58.08000183105469,58.349998474121094,56.779998779296875,56.790000915527344,32.066043853759766,4716800,KLAC
2007-08-01,56.90999984741211,57.439998626708984,56.20000076293945,57.25,32.32577896118164,4251400,KLAC
2007-08-02,57.279998779296875,57.4900016784668,56.130001068115234,56.790000915527344,32.066043853759766,2966600,KLAC
2007-08-03,56.900001525878906,57.099998474121094,55.099998474121094,55.099998474121094,31.111797332763672,3837900,KLAC
2007-08-06,55.34000015258789,57.400001525878906,55.0,57.2400016784668,32.320133209228516,4149400,KLAC
2007-08-07,56.939998626708984,58.25,56.38999938964844,57.41999816894531,32.421756744384766,3716500,KLAC
2007-08-08,57.779998779296875,60.0,57.630001068115234,58.709999084472656,33.15015411376953,4303500,KLAC
2007-08-09,57.79999923706055,61.380001068115234,57.779998779296875,59.40999984741211,33.54540252685547,7381800,KLAC
2007-08-10,59.0,60.84000015258789,58.7400016784668,60.20000076293945,33.99147033691406,6192400,KLAC
2007-08-13,60.83000183105469,61.13999938964844,59.5,59.65999984741211,33.68655776977539,4243800,KLAC
2007-08-14,59.959999084472656,60.02000045776367,57.630001068115234,57.7400016784668,32.60244369506836,3636500,KLAC
2007-08-15,57.209999084472656,58.279998779296875,56.619998931884766,57.02000045776367,32.1959114074707,4816600,KLAC
2007-08-16,56.470001220703125,57.970001220703125,55.88999938964844,57.75,32.69409942626953,7007600,KLAC
2007-08-17,58.869998931884766,59.939998626708984,58.16999816894531,59.4900016784668,33.67916488647461,5321600,KLAC
2007-08-20,59.279998779296875,60.619998931884766,59.04999923706055,60.029998779296875,33.98488235473633,4601600,KLAC
2007-08-21,59.709999084472656,60.150001525878906,59.2599983215332,59.650001525878906,33.76974868774414,3005500,KLAC
2007-08-22,59.75,59.900001525878906,58.66999816894531,59.099998474121094,33.4583740234375,4469600,KLAC
2007-08-23,59.13999938964844,59.15999984741211,58.099998474121094,58.43000030517578,33.07907485961914,3528000,KLAC
2007-08-24,58.5099983215332,59.2400016784668,58.22999954223633,59.0,33.401763916015625,2940300,KLAC
2007-08-27,58.95000076293945,59.02000045776367,58.439998626708984,58.439998626708984,33.08474349975586,3025000,KLAC
2007-08-28,58.0,58.439998626708984,56.529998779296875,56.619998931884766,32.05437469482422,3767600,KLAC
2007-08-29,57.029998779296875,58.27000045776367,56.810001373291016,58.20000076293945,32.948856353759766,2512600,KLAC
2007-08-30,57.900001525878906,58.939998626708984,57.65999984741211,58.189998626708984,32.94319534301758,2761200,KLAC
2007-08-31,57.939998626708984,58.029998779296875,56.97999954223633,57.470001220703125,32.535587310791016,3713000,KLAC
2007-09-04,57.189998626708984,58.900001525878906,57.0,58.349998474121094,33.033775329589844,3174300,KLAC
2007-09-05,58.20000076293945,58.47999954223633,57.27000045776367,57.47999954223633,32.541236877441406,4552500,KLAC
2007-09-06,57.93000030517578,58.16999816894531,57.43000030517578,57.849998474121094,32.75071716308594,3311100,KLAC
2007-09-07,57.08000183105469,57.369998931884766,56.310001373291016,56.849998474121094,32.18458557128906,3274300,KLAC
2007-09-10,57.36000061035156,57.689998626708984,56.20000076293945,57.040000915527344,32.29214096069336,2631700,KLAC
2007-09-11,57.38999938964844,58.130001068115234,57.0,57.900001525878906,32.77902603149414,2761000,KLAC
2007-09-12,57.599998474121094,57.7599983215332,56.18000030517578,56.209999084472656,31.822248458862305,3618500,KLAC
2007-09-13,56.59000015258789,56.810001373291016,55.599998474121094,56.27000045776367,31.856229782104492,4380800,KLAC
2007-09-14,55.90999984741211,56.47999954223633,55.709999084472656,56.18000030517578,31.805265426635742,2782000,KLAC
2007-09-17,55.970001220703125,56.66999816894531,55.7599983215332,56.29999923706055,31.873205184936523,2554500,KLAC
2007-09-18,56.31999969482422,58.290000915527344,56.15999984741211,58.060001373291016,32.869606018066406,3878400,KLAC
2007-09-19,58.20000076293945,58.970001220703125,57.58000183105469,57.939998626708984,32.80167007446289,2991400,KLAC
2007-09-20,56.470001220703125,57.369998931884766,56.38999938964844,57.189998626708984,32.377071380615234,4517600,KLAC
2007-09-21,57.45000076293945,57.779998779296875,57.130001068115234,57.15999984741211,32.360084533691406,2805700,KLAC
2007-09-24,57.189998626708984,57.5099983215332,55.939998626708984,56.279998779296875,31.861888885498047,3766600,KLAC
2007-09-25,55.83000183105469,57.08000183105469,55.83000183105469,56.7400016784668,32.1223030090332,2587100,KLAC
2007-09-26,56.72999954223633,57.22999954223633,55.20000076293945,55.77000045776367,31.573158264160156,3274400,KLAC
2007-09-27,56.0,56.27000045776367,55.09000015258789,55.189998626708984,31.24479866027832,4101400,KLAC
2007-09-28,55.439998626708984,56.16999816894531,54.790000915527344,55.779998779296875,31.57882308959961,4559600,KLAC
2007-10-01,55.97999954223633,57.9900016784668,55.779998779296875,57.540000915527344,32.57521057128906,2908400,KLAC
2007-10-02,57.36000061035156,58.13999938964844,56.970001220703125,57.27000045776367,32.4223518371582,2603600,KLAC
2007-10-03,56.86000061035156,57.0,54.7400016784668,55.20000076293945,31.250469207763672,4421500,KLAC
2007-10-04,54.790000915527344,54.97999954223633,53.25,53.9900016784668,30.56544303894043,7698100,KLAC
2007-10-05,54.40999984741211,55.86000061035156,54.16999816894531,55.720001220703125,31.544849395751953,4575300,KLAC
2007-10-08,55.34000015258789,56.08000183105469,54.58000183105469,55.650001525878906,31.50521469116211,3293400,KLAC
2007-10-09,55.4900016784668,55.560001373291016,53.33000183105469,54.209999084472656,30.689992904663086,6230200,KLAC
2007-10-10,53.65999984741211,53.79999923706055,52.349998474121094,53.25,30.14650535583496,7124500,KLAC
2007-10-11,53.83000183105469,54.25,51.41999816894531,51.709999084472656,29.274654388427734,5529100,KLAC
2007-10-12,52.310001373291016,53.31999969482422,52.20000076293945,53.02000045776367,30.016298294067383,3502900,KLAC
2007-10-15,53.0,53.65999984741211,52.099998474121094,52.540000915527344,29.74456214904785,3653000,KLAC
2007-10-16,52.5099983215332,53.66999816894531,52.369998931884766,53.119998931884766,30.072904586791992,3259900,KLAC
2007-10-17,54.18000030517578,55.130001068115234,53.88999938964844,54.91999816894531,31.09195899963379,5194000,KLAC
2007-10-18,54.7400016784668,54.7400016784668,53.29999923706055,54.34000015258789,30.763586044311523,3347000,KLAC
2007-10-19,54.310001373291016,54.310001373291016,53.0,53.119998931884766,30.072904586791992,4101000,KLAC
2007-10-22,53.0,53.900001525878906,52.70000076293945,53.400001525878906,30.231443405151367,2390500,KLAC
2007-10-23,52.959999084472656,53.25,51.849998474121094,53.08000183105469,30.050270080566406,3531300,KLAC
2007-10-24,53.22999954223633,54.22999954223633,51.540000915527344,53.18000030517578,30.10687255859375,3755500,KLAC
2007-10-25,53.18000030517578,53.439998626708984,51.2400016784668,52.59000015258789,29.772863388061523,4825600,KLAC
2007-10-26,51.439998626708984,53.459999084472656,50.95000076293945,52.08000183105469,29.4841365814209,6492800,KLAC
2007-10-29,52.22999954223633,52.45000076293945,51.45000076293945,51.970001220703125,29.421859741210938,3678700,KLAC
2007-10-30,51.75,53.689998626708984,51.61000061035156,52.84000015258789,29.914386749267578,4282500,KLAC
2007-10-31,52.90999984741211,53.0099983215332,51.90999984741211,52.650001525878906,29.80681610107422,4641000,KLAC
2007-11-01,52.599998474121094,52.650001525878906,50.61000061035156,50.81999969482422,28.77079963684082,5236200,KLAC
2007-11-02,51.0,51.27000045776367,50.25,50.90999984741211,28.821765899658203,2828500,KLAC
2007-11-05,50.09000015258789,50.529998779296875,49.630001068115234,49.939998626708984,28.272602081298828,3902400,KLAC
2007-11-06,49.88999938964844,50.66999816894531,49.63999938964844,50.5099983215332,28.595304489135742,3743400,KLAC
2007-11-07,49.900001525878906,50.400001525878906,49.27000045776367,49.349998474121094,27.9385986328125,4129400,KLAC
2007-11-08,49.470001220703125,50.279998779296875,48.959999084472656,49.630001068115234,28.09710693359375,5093300,KLAC
2007-11-09,49.459999084472656,50.619998931884766,49.16999816894531,49.91999816894531,28.26128578186035,4351300,KLAC
2007-11-12,50.2400016784668,50.65999984741211,49.630001068115234,49.959999084472656,28.283933639526367,3451900,KLAC
2007-11-13,50.209999084472656,51.0099983215332,49.959999084472656,50.86000061035156,28.7934513092041,3241100,KLAC
2007-11-14,50.959999084472656,51.11000061035156,49.959999084472656,50.08000183105469,28.351871490478516,3532600,KLAC
2007-11-15,49.439998626708984,50.45000076293945,48.75,49.11000061035156,27.886253356933594,4985700,KLAC
2007-11-16,49.08000183105469,49.13999938964844,48.0099983215332,48.4900016784668,27.534191131591797,4004200,KLAC
2007-11-19,48.47999954223633,48.4900016784668,47.310001373291016,47.689998626708984,27.079925537109375,4153800,KLAC
2007-11-20,47.70000076293945,48.04999923706055,46.59000015258789,47.34000015258789,26.88118553161621,5062000,KLAC
2007-11-21,47.34000015258789,48.2400016784668,47.08000183105469,47.369998931884766,26.898225784301758,3245200,KLAC
2007-11-23,47.52000045776367,48.22999954223633,47.2400016784668,48.060001373291016,27.290016174316406,1066400,KLAC
2007-11-26,48.029998779296875,48.43000030517578,47.150001525878906,47.189998626708984,26.796003341674805,2871000,KLAC
2007-11-27,47.29999923706055,48.209999084472656,46.91999816894531,47.43000030517578,26.93229103088379,4390300,KLAC
2007-11-28,47.939998626708984,48.70000076293945,47.5099983215332,48.279998779296875,27.41494369506836,3065100,KLAC
2007-11-29,48.29999923706055,48.93000030517578,48.02000045776367,48.70000076293945,27.653440475463867,2511100,KLAC
2007-11-30,49.189998626708984,49.380001068115234,47.77000045776367,48.08000183105469,27.301380157470703,3462600,KLAC
2007-12-03,47.810001373291016,48.63999938964844,47.68000030517578,48.029998779296875,27.272985458374023,2383200,KLAC
2007-12-04,47.68000030517578,48.13999938964844,47.5099983215332,47.86000061035156,27.17645263671875,3024500,KLAC
2007-12-05,48.16999816894531,49.099998474121094,48.16999816894531,48.70000076293945,27.653440475463867,3815400,KLAC
2007-12-06,48.7599983215332,50.540000915527344,48.459999084472656,50.45000076293945,28.647144317626953,3563400,KLAC
2007-12-07,50.2599983215332,50.93000030517578,49.849998474121094,50.369998931884766,28.601715087890625,2625500,KLAC
2007-12-10,50.720001220703125,51.849998474121094,50.2599983215332,51.34000015258789,29.152507781982422,3522300,KLAC
2007-12-11,51.54999923706055,51.560001373291016,49.380001068115234,49.5,28.107707977294922,3980600,KLAC
2007-12-12,49.9900016784668,50.72999954223633,48.869998931884766,49.43000030517578,28.06795883178711,3090500,KLAC
2007-12-13,49.20000076293945,49.790000915527344,48.189998626708984,48.56999969482422,27.579626083374023,3157300,KLAC
2007-12-14,47.900001525878906,48.5,47.70000076293945,47.900001525878906,27.19917106628418,2181700,KLAC
2007-12-17,47.7400016784668,48.5,47.54999923706055,47.83000183105469,27.159420013427734,2224600,KLAC
2007-12-18,48.189998626708984,48.75,47.72999954223633,48.380001068115234,27.47172737121582,2366700,KLAC
2007-12-19,48.33000183105469,48.72999954223633,48.189998626708984,48.22999954223633,27.386552810668945,1965500,KLAC
2007-12-20,48.27000045776367,49.20000076293945,48.2400016784668,49.13999938964844,27.90328598022461,3056400,KLAC
2007-12-21,49.63999938964844,50.0099983215332,49.119998931884766,49.630001068115234,28.181520462036133,4031300,KLAC
2007-12-24,49.619998931884766,50.08000183105469,49.470001220703125,49.90999984741211,28.34052085876465,845200,KLAC
2007-12-26,49.81999969482422,50.099998474121094,49.09000015258789,49.41999816894531,28.062267303466797,1419200,KLAC
2007-12-27,49.5,49.75,48.7599983215332,48.849998474121094,27.738597869873047,1424700,KLAC
2007-12-28,49.18000030517578,49.2400016784668,48.52000045776367,48.72999954223633,27.67047119140625,1396200,KLAC
2007-12-31,48.59000015258789,48.79999923706055,48.06999969482422,48.15999984741211,27.346803665161133,1643700,KLAC
2008-01-02,47.90999984741211,48.349998474121094,46.06999969482422,46.540000915527344,26.426918029785156,3900400,KLAC
2008-01-03,46.0099983215332,46.40999984741211,45.2400016784668,45.810001373291016,26.012393951416016,3691700,KLAC
2008-01-04,45.279998779296875,45.38999938964844,43.11000061035156,43.52000045776367,24.712064743041992,5297900,KLAC
2008-01-07,43.599998474121094,44.11000061035156,42.630001068115234,43.189998626708984,24.524673461914062,4836800,KLAC
2008-01-08,42.900001525878906,43.630001068115234,41.849998474121094,41.88999938964844,23.786495208740234,5094200,KLAC
2008-01-09,41.83000183105469,42.70000076293945,41.34000015258789,42.540000915527344,24.15558433532715,4893400,KLAC
2008-01-10,42.16999816894531,43.279998779296875,41.689998626708984,42.720001220703125,24.257801055908203,4134300,KLAC
2008-01-11,42.54999923706055,42.81999969482422,41.65999984741211,41.810001373291016,23.741069793701172,3061900,KLAC
2008-01-14,42.2599983215332,42.90999984741211,42.11000061035156,42.810001373291016,24.30889892578125,3053900,KLAC
2008-01-15,42.709999084472656,43.13999938964844,41.400001525878906,41.43000030517578,23.525297164916992,5521100,KLAC
2008-01-16,41.15999984741211,44.61000061035156,40.630001068115234,43.619998931884766,24.768850326538086,7438500,KLAC
2008-01-17,43.88999938964844,44.33000183105469,42.22999954223633,42.56999969482422,24.17262077331543,7758100,KLAC
2008-01-18,42.61000061035156,44.400001525878906,42.56999969482422,43.72999954223633,24.831317901611328,5748300,KLAC
2008-01-22,41.47999954223633,43.369998931884766,41.47999954223633,42.560001373291016,24.16694450378418,4715300,KLAC
2008-01-23,41.38999938964844,43.130001068115234,40.099998474121094,42.7400016784668,24.26915740966797,6733600,KLAC
2008-01-24,42.310001373291016,43.650001525878906,41.66999816894531,41.970001220703125,23.831924438476562,6645500,KLAC
2008-01-25,42.43000030517578,43.29999923706055,41.599998474121094,42.16999816894531,23.945491790771484,8763000,KLAC
2008-01-28,42.13999938964844,43.189998626708984,41.959999084472656,43.09000015258789,24.467899322509766,3505000,KLAC
2008-01-29,43.13999938964844,43.560001373291016,41.709999084472656,42.34000015258789,24.042024612426758,4272600,KLAC
2008-01-30,42.25,42.630001068115234,41.560001373291016,41.900001525878906,23.79218101501465,4847500,KLAC
2008-01-31,41.13999938964844,42.2400016784668,40.349998474121094,41.779998779296875,23.72403335571289,4793500,KLAC
2008-02-01,42.38999938964844,44.380001068115234,42.04999923706055,44.119998931884766,25.052757263183594,5001700,KLAC
2008-02-04,44.25,44.720001220703125,43.0,43.16999816894531,24.513328552246094,3295900,KLAC
2008-02-05,42.5,42.900001525878906,41.58000183105469,41.650001525878906,23.650217056274414,2980100,KLAC
2008-02-06,41.91999816894531,42.27000045776367,40.86000061035156,41.0,23.281124114990234,2939000,KLAC
2008-02-07,40.709999084472656,41.939998626708984,40.04999923706055,41.369998931884766,23.491228103637695,4123200,KLAC
2008-02-08,41.400001525878906,42.119998931884766,41.04999923706055,41.939998626708984,23.81488800048828,3444900,KLAC
2008-02-11,41.939998626708984,42.81999969482422,41.7599983215332,42.16999816894531,23.945491790771484,3568200,KLAC
2008-02-12,42.619998931884766,42.880001068115234,41.65999984741211,41.70000076293945,23.67860984802246,5072000,KLAC
2008-02-13,42.95000076293945,43.45000076293945,42.209999084472656,42.91999816894531,24.371355056762695,4981600,KLAC
2008-02-14,42.79999923706055,43.06999969482422,41.29999923706055,41.5,23.56504249572754,4066100,KLAC
2008-02-15,41.220001220703125,41.83000183105469,40.540000915527344,40.88999938964844,23.218656539916992,3092900,KLAC
2008-02-19,41.45000076293945,41.63999938964844,39.97999954223633,40.060001373291016,22.747371673583984,4175600,KLAC
2008-02-20,39.88999938964844,42.63999938964844,39.86000061035156,42.310001373291016,24.024986267089844,7030500,KLAC
2008-02-21,42.4900016784668,44.43000030517578,42.36000061035156,42.95000076293945,24.47516632080078,7485800,KLAC
2008-02-22,43.13999938964844,43.13999938964844,41.869998931884766,42.540000915527344,24.24152946472168,4009900,KLAC
2008-02-25,42.529998779296875,43.869998931884766,42.11000061035156,43.11000061035156,24.566347122192383,3603000,KLAC
2008-02-26,43.0,45.11000061035156,42.900001525878906,44.4900016784668,25.35274314880371,7777400,KLAC
2008-02-27,44.349998474121094,44.959999084472656,43.869998931884766,44.41999816894531,25.31285285949707,3749400,KLAC
2008-02-28,44.08000183105469,44.34000015258789,42.810001373291016,43.119998931884766,24.572046279907227,3803100,KLAC
2008-02-29,42.650001525878906,43.09000015258789,41.869998931884766,42.0099983215332,23.939512252807617,6008900,KLAC
2008-03-03,41.720001220703125,41.959999084472656,40.77000045776367,41.630001068115234,23.722965240478516,4875600,KLAC
2008-03-04,41.36000061035156,41.7599983215332,40.400001525878906,41.650001525878906,23.734363555908203,4768100,KLAC
2008-03-05,41.650001525878906,42.16999816894531,41.38999938964844,41.810001373291016,23.825542449951172,4233100,KLAC
2008-03-06,41.7400016784668,41.970001220703125,41.0,41.150001525878906,23.449438095092773,3321600,KLAC
2008-03-07,41.0099983215332,42.5,40.959999084472656,41.779998779296875,23.808446884155273,4988800,KLAC
2008-03-10,41.7400016784668,41.959999084472656,40.70000076293945,40.779998779296875,23.238588333129883,3693100,KLAC
2008-03-11,41.4900016784668,42.060001373291016,41.0,41.93000030517578,23.893924713134766,4559900,KLAC
2008-03-12,39.77000045776367,40.4900016784668,37.68000030517578,37.79999923706055,21.540428161621094,15506100,KLAC
2008-03-13,37.41999816894531,38.79999923706055,36.59000015258789,38.09000015258789,21.7056884765625,10227800,KLAC
2008-03-14,38.2599983215332,38.5,35.90999984741211,36.18000030517578,20.617271423339844,9798700,KLAC
2008-03-17,35.5,36.2599983215332,35.25,35.619998931884766,20.298147201538086,10413800,KLAC
2008-03-18,36.16999816894531,37.15999984741211,35.540000915527344,37.15999984741211,21.17572021484375,6621900,KLAC
2008-03-19,36.959999084472656,37.529998779296875,35.61000061035156,35.61000061035156,20.292449951171875,6190600,KLAC
2008-03-20,35.70000076293945,35.90999984741211,35.02000045776367,35.84000015258789,20.42351531982422,5933200,KLAC
2008-03-24,35.77000045776367,37.869998931884766,35.75,37.349998474121094,21.28399085998535,4997200,KLAC
2008-03-25,37.400001525878906,37.880001068115234,37.11000061035156,37.400001525878906,21.312488555908203,4157400,KLAC
2008-03-26,37.439998626708984,37.439998626708984,36.08000183105469,37.0,21.084552764892578,3403700,KLAC
2008-03-27,38.06999969482422,38.09000015258789,37.130001068115234,37.130001068115234,21.15862464904785,3822700,KLAC
2008-03-28,37.34000015258789,37.970001220703125,36.81999969482422,36.90999984741211,21.033266067504883,3471400,KLAC
2008-03-31,37.0,37.40999984741211,36.7599983215332,37.099998474121094,21.141529083251953,2695100,KLAC
2008-04-01,37.63999938964844,39.0099983215332,37.56999969482422,38.90999984741211,22.172969818115234,5199000,KLAC
2008-04-02,38.91999816894531,40.040000915527344,38.779998779296875,39.7599983215332,22.65734100341797,4872900,KLAC
2008-04-03,39.380001068115234,40.90999984741211,39.31999969482422,40.439998626708984,23.044841766357422,3967600,KLAC
2008-04-04,40.45000076293945,40.810001373291016,39.599998474121094,40.16999816894531,22.890975952148438,3286800,KLAC
2008-04-07,42.150001525878906,43.70000076293945,41.810001373291016,42.810001373291016,24.395387649536133,9927200,KLAC
2008-04-08,41.849998474121094,41.900001525878906,40.900001525878906,41.20000076293945,23.47793197631836,5847800,KLAC
2008-04-09,41.15999984741211,42.779998779296875,40.959999084472656,42.540000915527344,24.24152946472168,5883900,KLAC
2008-04-10,42.47999954223633,43.47999954223633,41.90999984741211,43.18000030517578,24.606233596801758,4049700,KLAC
2008-04-11,42.65999984741211,42.88999938964844,41.349998474121094,41.5099983215332,23.654579162597656,4803500,KLAC
2008-04-14,41.34000015258789,42.11000061035156,41.04999923706055,41.189998626708984,23.472232818603516,3230900,KLAC
2008-04-15,40.970001220703125,40.97999954223633,39.2400016784668,39.869998931884766,22.720022201538086,7173100,KLAC
2008-04-16,40.779998779296875,43.77000045776367,40.709999084472656,43.22999954223633,24.63473129272461,6802000,KLAC
2008-04-17,42.77000045776367,43.189998626708984,41.5099983215332,42.54999923706055,24.247230529785156,5509000,KLAC
2008-04-18,43.11000061035156,43.349998474121094,42.18000030517578,42.83000183105469,24.40679168701172,4390000,KLAC
2008-04-21,42.58000183105469,43.7400016784668,42.22999954223633,43.56999969482422,24.82847785949707,3568500,KLAC
2008-04-22,42.790000915527344,42.790000915527344,41.119998931884766,41.66999816894531,23.74576187133789,4461500,KLAC
2008-04-23,42.0,43.45000076293945,41.81999969482422,43.11000061035156,24.566347122192383,4637700,KLAC
2008-04-24,43.02000045776367,45.45000076293945,43.0,44.75,25.50090980529785,7060000,KLAC
2008-04-25,45.400001525878906,45.75,44.18000030517578,45.459999084472656,25.90549659729004,4336700,KLAC
2008-04-28,45.560001373291016,46.08000183105469,44.91999816894531,45.7599983215332,26.076452255249023,3516300,KLAC
2008-04-29,45.75,46.2400016784668,45.220001220703125,45.72999954223633,26.05936622619629,3029800,KLAC
2008-04-30,46.0,46.0,43.310001373291016,43.68000030517578,24.891157150268555,6201500,KLAC
2008-05-01,43.54999923706055,45.849998474121094,43.31999969482422,45.529998779296875,25.945388793945312,3865300,KLAC
2008-05-02,45.939998626708984,46.2400016784668,44.31999969482422,45.29999923706055,25.8143367767334,3421100,KLAC
2008-05-05,45.16999816894531,45.779998779296875,44.20000076293945,44.56999969482422,25.398332595825195,2829600,KLAC
2008-05-06,44.45000076293945,44.939998626708984,43.45000076293945,44.54999923706055,25.386934280395508,3895700,KLAC
2008-05-07,44.279998779296875,45.130001068115234,43.68000030517578,43.790000915527344,24.953847885131836,3742300,KLAC
2008-05-08,43.91999816894531,44.349998474121094,43.290000915527344,43.970001220703125,25.056428909301758,2491000,KLAC
2008-05-09,43.540000915527344,44.45000076293945,43.25,43.900001525878906,25.01652717590332,1394900,KLAC
2008-05-12,43.869998931884766,44.400001525878906,43.36000061035156,44.209999084472656,25.19318199157715,1944700,KLAC
2008-05-13,44.34000015258789,44.56999969482422,43.65999984741211,44.18000030517578,25.17609405517578,2314300,KLAC
2008-05-14,44.13999938964844,46.880001068115234,43.86000061035156,45.810001373291016,26.104944229125977,5083600,KLAC
2008-05-15,45.65999984741211,46.369998931884766,45.459999084472656,46.27000045776367,26.453702926635742,3436800,KLAC
2008-05-16,46.689998626708984,46.689998626708984,44.81999969482422,45.90999984741211,26.247875213623047,3585700,KLAC
2008-05-19,46.29999923706055,47.06999969482422,45.880001068115234,46.220001220703125,26.425125122070312,3224700,KLAC
2008-05-20,45.970001220703125,46.0,44.20000076293945,44.529998779296875,25.45890235900879,4845900,KLAC
2008-05-21,44.66999816894531,45.150001525878906,43.880001068115234,44.13999938964844,25.235933303833008,3589000,KLAC
2008-05-22,44.27000045776367,45.18000030517578,44.119998931884766,44.75,25.584688186645508,2200700,KLAC
2008-05-23,44.29999923706055,44.630001068115234,43.45000076293945,43.900001525878906,25.098705291748047,2781500,KLAC
2008-05-27,44.27000045776367,45.540000915527344,44.13999938964844,45.439998626708984,25.979169845581055,3065300,KLAC
2008-05-28,45.41999816894531,45.68000030517578,45.18000030517578,45.599998474121094,26.07065200805664,3016200,KLAC
2008-05-29,45.63999938964844,46.41999816894531,45.400001525878906,46.15999984741211,26.390810012817383,3571300,KLAC
2008-05-30,46.2599983215332,46.77000045776367,46.0099983215332,46.119998931884766,26.36793327331543,3925400,KLAC
2008-06-02,46.2400016784668,46.619998931884766,45.060001373291016,45.560001373291016,26.04778289794922,4285800,KLAC
2008-06-03,45.7599983215332,45.7599983215332,43.9900016784668,44.56999969482422,25.481773376464844,4595200,KLAC
2008-06-04,44.4900016784668,45.34000015258789,44.099998474121094,44.81999969482422,25.624706268310547,4278900,KLAC
2008-06-05,44.95000076293945,45.45000076293945,43.56999969482422,44.20000076293945,25.270235061645508,5553400,KLAC
2008-06-06,43.939998626708984,44.25,42.790000915527344,42.83000183105469,24.48697280883789,4542100,KLAC
2008-06-09,43.099998474121094,43.25,41.16999816894531,42.18000030517578,24.115341186523438,6112400,KLAC
2008-06-10,41.619998931884766,42.290000915527344,41.18000030517578,41.91999816894531,23.966693878173828,4900600,KLAC
2008-06-11,41.689998626708984,41.75,40.22999954223633,40.22999954223633,23.0004825592041,4146200,KLAC
2008-06-12,40.33000183105469,41.4900016784668,40.310001373291016,40.7400016784668,23.292070388793945,3186700,KLAC
2008-06-13,41.09000015258789,42.09000015258789,41.0099983215332,41.880001068115234,23.943822860717773,3365700,KLAC
2008-06-16,41.54999923706055,42.939998626708984,41.529998779296875,42.779998779296875,24.45838737487793,3787600,KLAC
2008-06-17,42.75,43.060001373291016,41.75,41.790000915527344,23.892377853393555,3104200,KLAC
2008-06-18,41.560001373291016,41.63999938964844,40.349998474121094,40.459999084472656,23.131977081298828,4473900,KLAC
2008-06-19,40.4900016784668,41.65999984741211,39.79999923706055,41.2599983215332,23.5893611907959,4335800,KLAC
2008-06-20,40.869998931884766,40.880001068115234,39.72999954223633,40.06999969482422,22.909008026123047,3733900,KLAC
2008-06-23,40.209999084472656,40.650001525878906,39.150001525878906,39.79999923706055,22.754650115966797,3460900,KLAC
2008-06-24,39.959999084472656,41.7400016784668,39.900001525878906,40.900001525878906,23.38353729248047,4631900,KLAC
2008-06-25,41.25,41.84000015258789,40.939998626708984,41.150001525878906,23.526470184326172,3448000,KLAC
2008-06-26,40.599998474121094,40.709999084472656,39.33000183105469,39.459999084472656,22.560253143310547,3742000,KLAC
2008-06-27,39.59000015258789,39.91999816894531,38.900001525878906,39.709999084472656,22.703187942504883,3852900,KLAC
2008-06-30,39.90999984741211,41.689998626708984,39.56999969482422,40.709999084472656,23.274913787841797,5405900,KLAC
2008-07-01,40.599998474121094,41.7599983215332,40.40999984741211,41.540000915527344,23.749441146850586,5007200,KLAC
2008-07-02,41.5099983215332,42.029998779296875,40.20000076293945,40.310001373291016,23.046218872070312,4116700,KLAC
2008-07-03,40.470001220703125,40.68000030517578,39.20000076293945,39.900001525878906,22.811819076538086,2481400,KLAC
2008-07-07,40.130001068115234,41.400001525878906,39.459999084472656,40.189998626708984,22.977619171142578,4184400,KLAC
2008-07-08,40.119998931884766,40.65999984741211,39.22999954223633,40.650001525878906,23.240612030029297,3944500,KLAC
2008-07-09,39.959999084472656,40.029998779296875,37.540000915527344,37.599998474121094,21.49684715270996,6355500,KLAC
2008-07-10,37.810001373291016,38.939998626708984,37.77000045776367,38.7400016784668,22.148616790771484,5072400,KLAC
2008-07-11,37.400001525878906,38.59000015258789,37.029998779296875,37.790000915527344,21.60547637939453,5159700,KLAC
2008-07-14,38.20000076293945,38.33000183105469,36.939998626708984,37.33000183105469,21.342479705810547,4113000,KLAC
2008-07-15,37.16999816894531,39.599998474121094,36.95000076293945,38.5,22.011394500732422,8163500,KLAC
2008-07-16,38.0,39.15999984741211,37.20000076293945,38.9900016784668,22.29154396057129,4196500,KLAC
2008-07-17,39.27000045776367,40.650001525878906,38.869998931884766,40.220001220703125,22.99476432800293,5322800,KLAC
2008-07-18,40.150001525878906,40.47999954223633,39.02000045776367,39.95000076293945,22.840404510498047,3829900,KLAC
2008-07-21,40.040000915527344,40.77000045776367,39.63999938964844,39.790000915527344,22.748920440673828,3268200,KLAC
2008-07-22,38.75,39.5,37.81999969482422,38.279998779296875,21.885622024536133,6044000,KLAC
2008-07-23,38.369998931884766,39.150001525878906,38.2400016784668,39.099998474121094,22.354427337646484,4757500,KLAC
2008-07-24,39.0,39.02000045776367,37.2400016784668,38.029998779296875,21.74268913269043,4419800,KLAC
2008-07-25,38.08000183105469,38.15999984741211,36.90999984741211,37.2400016784668,21.291027069091797,4173500,KLAC
2008-07-28,36.970001220703125,37.220001220703125,36.150001525878906,36.31999969482422,20.765047073364258,5109500,KLAC
2008-07-29,36.619998931884766,37.290000915527344,36.20000076293945,37.0099983215332,21.15952491760254,3870300,KLAC
2008-07-30,37.439998626708984,38.52000045776367,37.189998626708984,37.7599983215332,21.58832359313965,4051800,KLAC
2008-07-31,37.18000030517578,38.9900016784668,36.779998779296875,37.59000015258789,21.491130828857422,4893300,KLAC
2008-08-01,37.38999938964844,38.29999923706055,35.77000045776367,36.099998474121094,20.63926124572754,7954900,KLAC
2008-08-04,36.15999984741211,36.54999923706055,35.79999923706055,35.97999954223633,20.570653915405273,4177100,KLAC
2008-08-05,36.43000030517578,36.560001373291016,35.90999984741211,36.560001373291016,20.902254104614258,4685100,KLAC
2008-08-06,36.61000061035156,37.2400016784668,35.939998626708984,36.959999084472656,21.13094711303711,3859600,KLAC
2008-08-07,36.91999816894531,38.86000061035156,36.5099983215332,37.779998779296875,21.599760055541992,6631000,KLAC
2008-08-08,37.400001525878906,38.560001373291016,37.22999954223633,38.45000076293945,21.982812881469727,3766800,KLAC
2008-08-11,38.45000076293945,40.459999084472656,38.290000915527344,39.5,22.583126068115234,4897700,KLAC
2008-08-12,39.630001068115234,40.27000045776367,39.540000915527344,39.75,22.72604751586914,3572700,KLAC
2008-08-13,40.47999954223633,40.810001373291016,38.880001068115234,39.5099983215332,22.588838577270508,5165100,KLAC
2008-08-14,39.189998626708984,40.0,38.68000030517578,39.689998626708984,22.77822494506836,3562000,KLAC
2008-08-15,39.650001525878906,39.97999954223633,39.279998779296875,39.810001373291016,22.84710121154785,2778000,KLAC
2008-08-18,39.959999084472656,39.970001220703125,38.619998931884766,39.11000061035156,22.445358276367188,3557100,KLAC
2008-08-19,38.900001525878906,39.16999816894531,38.099998474121094,38.29999923706055,21.980506896972656,3984800,KLAC
2008-08-20,39.36000061035156,39.66999816894531,38.619998931884766,39.08000183105469,22.42815399169922,4744900,KLAC
2008-08-21,38.810001373291016,39.25,38.33000183105469,39.0099983215332,22.387977600097656,2746800,KLAC
2008-08-22,39.2400016784668,39.939998626708984,39.130001068115234,39.689998626708984,22.77822494506836,2688100,KLAC
2008-08-25,39.4900016784668,39.90999984741211,38.939998626708984,39.029998779296875,22.399450302124023,3007700,KLAC
2008-08-26,39.11000061035156,39.20000076293945,38.65999984741211,38.959999084472656,22.359285354614258,2500500,KLAC
2008-08-27,38.79999923706055,39.38999938964844,38.5099983215332,38.9900016784668,22.37650489807129,2397500,KLAC
2008-08-28,39.029998779296875,39.27000045776367,38.689998626708984,39.09000015258789,22.433883666992188,2815100,KLAC
2008-08-29,38.4900016784668,38.529998779296875,37.04999923706055,37.060001373291016,21.268861770629883,5767800,KLAC
2008-09-02,37.61000061035156,38.09000015258789,36.209999084472656,36.459999084472656,20.92452049255371,4809300,KLAC
2008-09-03,36.43000030517578,36.459999084472656,34.79999923706055,34.95000076293945,20.057933807373047,6313900,KLAC
2008-09-04,34.349998474121094,35.56999969482422,34.0099983215332,34.150001525878906,19.598800659179688,7674800,KLAC
2008-09-05,34.02000045776367,34.41999816894531,33.150001525878906,33.779998779296875,19.386457443237305,5818000,KLAC
2008-09-08,34.41999816894531,35.040000915527344,33.45000076293945,34.08000183105469,19.558635711669922,4525500,KLAC
2008-09-09,34.06999969482422,34.4900016784668,33.22999954223633,33.369998931884766,19.15115737915039,4605000,KLAC
2008-09-10,33.56999969482422,33.84000015258789,33.15999984741211,33.65999984741211,19.317590713500977,4246700,KLAC
2008-09-11,33.29999923706055,33.619998931884766,32.66999816894531,33.130001068115234,19.013423919677734,5244600,KLAC
2008-09-12,33.029998779296875,33.16999816894531,32.2400016784668,32.93000030517578,18.89864158630371,3996200,KLAC
2008-09-15,32.369998931884766,33.310001373291016,32.2400016784668,32.29999923706055,18.53708267211914,4520400,KLAC
2008-09-16,31.959999084472656,33.63999938964844,31.959999084472656,33.04999923706055,18.967506408691406,5416500,KLAC
2008-09-17,32.540000915527344,33.9900016784668,32.099998474121094,32.099998474121094,18.422300338745117,4583500,KLAC
2008-09-18,32.61000061035156,33.9900016784668,31.549999237060547,33.790000915527344,19.39220428466797,6692300,KLAC
2008-09-19,34.97999954223633,37.0,32.97999954223633,34.33000183105469,19.702110290527344,6009700,KLAC
2008-09-22,33.29999923706055,33.75,31.8700008392334,31.93000030517578,18.324739456176758,4978800,KLAC
2008-09-23,31.399999618530273,32.13999938964844,30.81999969482422,31.420000076293945,18.032047271728516,6815500,KLAC
2008-09-24,31.5,32.43000030517578,31.18000030517578,31.920000076293945,18.319002151489258,4834100,KLAC
2008-09-25,32.04999923706055,32.400001525878906,31.829999923706055,32.13999938964844,18.445261001586914,4716800,KLAC
2008-09-26,31.399999618530273,33.349998474121094,31.1299991607666,33.150001525878906,19.024904251098633,5614900,KLAC
2008-09-29,32.560001373291016,33.11000061035156,30.8799991607666,30.920000076293945,17.745100021362305,6826000,KLAC
2008-09-30,31.610000610351562,31.780000686645508,30.920000076293945,31.649999618530273,18.164045333862305,4738300,KLAC
2008-10-01,31.3799991607666,31.56999969482422,30.90999984741211,31.0,17.791011810302734,3193600,KLAC
2008-10-02,29.799999237060547,30.350000381469727,29.549999237060547,29.920000076293945,17.171194076538086,6797100,KLAC
2008-10-03,30.059999465942383,30.690000534057617,29.450000762939453,29.489999771118164,16.924409866333008,5173500,KLAC
2008-10-06,28.950000762939453,29.0,26.1299991607666,27.40999984741211,15.730696678161621,9571000,KLAC
2008-10-07,27.760000228881836,27.8700008392334,24.56999969482422,24.600000381469727,14.118024826049805,8123700,KLAC
2008-10-08,24.290000915527344,25.700000762939453,23.8799991607666,24.40999984741211,14.008984565734863,7737200,KLAC
2008-10-09,25.06999969482422,25.34000015258789,23.34000015258789,23.799999237060547,13.658902168273926,5066000,KLAC
2008-10-10,23.270000457763672,25.040000915527344,22.100000381469727,23.690000534057617,13.595773696899414,7265800,KLAC
2008-10-13,24.700000762939453,25.969999313354492,24.360000610351562,25.899999618530273,14.864099502563477,5734900,KLAC
2008-10-14,26.59000015258789,26.889999389648438,23.979999542236328,24.09000015258789,13.825335502624512,8205300,KLAC
2008-10-15,24.110000610351562,24.15999984741211,21.549999237060547,21.559999465942383,12.373359680175781,6823200,KLAC
2008-10-16,21.84000015258789,22.520000457763672,20.670000076293945,22.459999084472656,12.889874458312988,6943000,KLAC
2008-10-17,22.5,23.059999465942383,21.34000015258789,21.450000762939453,12.310233116149902,7276700,KLAC
2008-10-20,21.690000534057617,21.950000762939453,21.260000228881836,21.420000076293945,12.293014526367188,5318700,KLAC
2008-10-21,21.18000030517578,21.309999465942383,20.59000015258789,20.670000076293945,11.86258602142334,3792900,KLAC
2008-10-22,20.670000076293945,20.93000030517578,18.780000686645508,19.18000030517578,11.00747013092041,7370200,KLAC
2008-10-23,19.190000534057617,19.760000228881836,18.200000762939453,19.25,11.047643661499023,7397500,KLAC
2008-10-24,17.829999923706055,19.450000762939453,17.780000686645508,18.709999084472656,10.7377347946167,5448600,KLAC
2008-10-27,18.440000534057617,20.190000534057617,18.209999084472656,19.6200008392334,11.259986877441406,8251600,KLAC
2008-10-28,20.079999923706055,20.719999313354492,19.399999618530273,20.700000762939453,11.879803657531738,5513900,KLAC
2008-10-29,20.829999923706055,21.540000915527344,20.170000076293945,20.809999465942383,11.9429292678833,5164000,KLAC
2008-10-30,21.579999923706055,21.6200008392334,20.360000610351562,21.34000015258789,12.247099876403809,4691000,KLAC
2008-10-31,21.40999984741211,23.649999618530273,21.40999984741211,23.25,13.34325122833252,7001900,KLAC
2008-11-03,23.010000228881836,23.190000534057617,22.510000228881836,22.770000457763672,13.067781448364258,3804900,KLAC
2008-11-04,23.399999618530273,24.170000076293945,23.25,23.780000686645508,13.64742660522461,5087000,KLAC
2008-11-05,23.6200008392334,23.989999771118164,22.739999771118164,22.770000457763672,13.067781448364258,3687400,KLAC
2008-11-06,22.40999984741211,22.600000381469727,20.1200008392334,20.200000762939453,11.592852592468262,5216000,KLAC
2008-11-07,20.100000381469727,20.600000381469727,19.829999923706055,20.329999923706055,11.667458534240723,4338400,KLAC
2008-11-10,20.6200008392334,20.760000228881836,19.219999313354492,19.31999969482422,11.08781623840332,4536400,KLAC
2008-11-11,19.239999771118164,19.56999969482422,18.790000915527344,19.079999923706055,10.950079917907715,3432300,KLAC
2008-11-12,18.760000228881836,19.06999969482422,17.799999237060547,17.809999465942383,10.221219062805176,3404600,KLAC
2008-11-13,18.040000915527344,18.760000228881836,16.670000076293945,18.75,10.76069164276123,6223500,KLAC
2008-11-14,18.450000762939453,18.6200008392334,17.059999465942383,18.15999984741211,10.422088623046875,5432100,KLAC
2008-11-17,17.90999984741211,18.1200008392334,17.329999923706055,17.3700008392334,9.968705177307129,4662500,KLAC
2008-11-18,17.299999237060547,17.690000534057617,16.280000686645508,16.809999465942383,9.647316932678223,5149800,KLAC
2008-11-19,16.690000534057617,16.850000381469727,15.239999771118164,15.239999771118164,8.746288299560547,5221400,KLAC
2008-11-20,14.850000381469727,17.100000381469727,14.8100004196167,15.1899995803833,8.80424976348877,6880700,KLAC
2008-11-21,15.470000267028809,16.56999969482422,14.859999656677246,16.56999969482422,9.604106903076172,7018100,KLAC
2008-11-24,16.729999542236328,17.25,16.420000076293945,17.15999984741211,9.946080207824707,5314500,KLAC
2008-11-25,17.350000381469727,17.399999618530273,16.59000015258789,17.020000457763672,9.864933967590332,4991500,KLAC
2008-11-26,16.799999237060547,19.170000076293945,16.790000915527344,19.1200008392334,11.082112312316895,5847400,KLAC
2008-11-28,18.81999969482422,19.15999984741211,18.540000915527344,18.809999465942383,10.902432441711426,1509000,KLAC
2008-12-01,18.459999084472656,18.530000686645508,17.84000015258789,17.850000381469727,10.346007347106934,3689400,KLAC
2008-12-02,17.959999084472656,18.450000762939453,17.420000076293945,18.1200008392334,10.502504348754883,3458900,KLAC
2008-12-03,17.780000686645508,19.549999237060547,17.549999237060547,19.450000762939453,11.273378372192383,3703700,KLAC
2008-12-04,18.75,19.1200008392334,17.8700008392334,18.25,10.577848434448242,4935100,KLAC
2008-12-05,18.0,19.290000915527344,17.15999984741211,19.219999313354492,11.140069961547852,4186200,KLAC
2008-12-08,19.350000381469727,19.770000457763672,19.1200008392334,19.40999984741211,11.25019645690918,4379800,KLAC
2008-12-09,19.100000381469727,21.059999465942383,18.950000762939453,20.229999542236328,11.725471496582031,4784300,KLAC
2008-12-10,20.479999542236328,21.139999389648438,20.020000457763672,20.559999465942383,11.916746139526367,4398500,KLAC
2008-12-11,20.549999237060547,21.059999465942383,19.770000457763672,19.899999618530273,11.53420639038086,3116300,KLAC
2008-12-12,19.760000228881836,21.399999618530273,19.6200008392334,21.200000762939453,12.287697792053223,4859800,KLAC
2008-12-15,21.200000762939453,21.350000381469727,20.010000228881836,20.489999771118164,11.87617301940918,3989000,KLAC
2008-12-16,20.809999465942383,22.0,20.610000610351562,21.969999313354492,12.73399543762207,4447100,KLAC
2008-12-17,21.690000534057617,22.75,21.389999389648438,22.31999969482422,12.936858177185059,4380300,KLAC
2008-12-18,22.530000686645508,22.530000686645508,20.809999465942383,21.190000534057617,12.281898498535156,4866300,KLAC
2008-12-19,21.549999237060547,22.1299991607666,21.190000534057617,21.489999771118164,12.455780029296875,5390700,KLAC
2008-12-22,21.1200008392334,21.360000610351562,20.309999465942383,20.75,12.026874542236328,2901500,KLAC
2008-12-23,20.790000915527344,20.799999237060547,19.850000381469727,20.1299991607666,11.667515754699707,2399200,KLAC
2008-12-24,20.229999542236328,20.6200008392334,20.030000686645508,20.579999923706055,11.928340911865234,855600,KLAC
2008-12-26,20.40999984741211,20.610000610351562,20.1299991607666,20.40999984741211,11.82980728149414,1020000,KLAC
2008-12-29,20.579999923706055,20.65999984741211,20.100000381469727,20.530000686645508,11.899359703063965,1713800,KLAC
2008-12-30,20.530000686645508,22.049999237060547,20.450000762939453,21.90999984741211,12.699219703674316,2901900,KLAC
2008-12-31,21.8799991607666,22.229999542236328,21.6299991607666,21.790000915527344,12.629669189453125,1799700,KLAC
2009-01-02,21.510000228881836,22.59000015258789,21.100000381469727,22.479999542236328,13.029594421386719,2376700,KLAC
2009-01-05,22.110000610351562,22.709999084472656,21.8700008392334,22.399999618530273,12.98322582244873,3436900,KLAC
2009-01-06,22.690000534057617,24.360000610351562,22.420000076293945,24.110000610351562,13.974355697631836,6339000,KLAC
2009-01-07,23.459999084472656,23.549999237060547,22.219999313354492,22.489999771118164,13.035388946533203,4631200,KLAC
2009-01-08,22.18000030517578,22.75,21.809999465942383,22.68000030517578,13.145515441894531,3333600,KLAC
2009-01-09,22.770000457763672,22.770000457763672,21.850000381469727,22.049999237060547,12.780364036560059,3658400,KLAC
2009-01-12,22.15999984741211,22.200000762939453,21.309999465942383,21.459999084472656,12.438389778137207,3340300,KLAC
2009-01-13,20.920000076293945,22.149999618530273,20.739999771118164,21.280000686645508,12.334063529968262,6287700,KLAC
2009-01-14,20.760000228881836,21.1299991607666,20.170000076293945,20.280000686645508,11.754456520080566,4302700,KLAC
2009-01-15,20.43000030517578,20.850000381469727,19.479999542236328,20.56999969482422,11.922541618347168,5741500,KLAC
2009-01-16,21.020000457763672,21.65999984741211,20.389999389648438,21.329999923706055,12.363043785095215,4462900,KLAC
2009-01-20,21.290000915527344,21.399999618530273,19.530000686645508,19.540000915527344,11.325549125671387,4553100,KLAC
2009-01-21,19.899999618530273,19.969999313354492,18.709999084472656,19.549999237060547,11.331340789794922,6307500,KLAC
2009-01-22,19.469999313354492,19.469999313354492,17.969999313354492,18.450000762939453,10.693772315979004,8896800,KLAC
2009-01-23,18.1200008392334,19.780000686645508,18.06999969482422,19.280000686645508,11.174850463867188,6897600,KLAC
2009-01-26,19.389999389648438,19.65999984741211,18.739999771118164,19.149999618530273,11.099496841430664,4323200,KLAC
2009-01-27,19.010000228881836,19.84000015258789,19.010000228881836,19.700000762939453,11.41828441619873,4782400,KLAC
2009-01-28,19.950000762939453,20.5,19.90999984741211,20.3700008392334,11.806623458862305,4104500,KLAC
2009-01-29,20.09000015258789,20.190000534057617,18.790000915527344,19.030000686645508,11.029947280883789,4975200,KLAC
2009-01-30,19.81999969482422,21.219999313354492,19.649999618530273,20.040000915527344,11.615346908569336,8672300,KLAC
2009-02-02,19.65999984741211,20.459999084472656,19.329999923706055,19.760000228881836,11.4530611038208,5394500,KLAC
2009-02-03,19.760000228881836,19.940000534057617,19.049999237060547,19.399999618530273,11.244401931762695,5170200,KLAC
2009-02-04,19.219999313354492,20.290000915527344,19.1200008392334,19.270000457763672,11.169054985046387,4802400,KLAC
2009-02-05,18.8799991607666,20.15999984741211,18.729999542236328,19.809999465942383,11.482041358947754,4696600,KLAC
2009-02-06,19.780000686645508,20.739999771118164,19.709999084472656,20.510000228881836,11.88776969909668,4020500,KLAC
2009-02-09,20.540000915527344,21.020000457763672,20.030000686645508,20.719999313354492,12.009483337402344,6155200,KLAC
2009-02-10,20.700000762939453,21.3700008392334,19.579999923706055,19.670000076293945,11.400897026062012,6843000,KLAC
2009-02-11,19.68000030517578,19.889999389648438,19.040000915527344,19.420000076293945,11.255997657775879,4403700,KLAC
2009-02-12,19.09000015258789,19.90999984741211,18.809999465942383,19.649999618530273,11.389305114746094,4908700,KLAC
2009-02-13,19.6299991607666,20.149999618530273,19.579999923706055,19.700000762939453,11.41828441619873,3216700,KLAC
2009-02-17,19.020000457763672,19.200000762939453,18.049999237060547,18.06999969482422,10.473522186279297,5936400,KLAC
2009-02-18,18.309999465942383,18.579999923706055,17.610000610351562,18.020000457763672,10.444540023803711,6290000,KLAC
2009-02-19,18.149999618530273,18.200000762939453,16.90999984741211,16.950000762939453,9.824362754821777,4353300,KLAC
2009-02-20,16.760000228881836,17.559999465942383,16.479999542236328,17.350000381469727,10.056204795837402,6617300,KLAC
2009-02-23,17.3799991607666,17.459999084472656,16.5,16.610000610351562,9.627294540405273,5626900,KLAC
2009-02-24,16.690000534057617,17.440000534057617,16.6200008392334,17.329999923706055,10.044610023498535,4720300,KLAC
2009-02-25,17.43000030517578,18.479999542236328,16.84000015258789,17.950000762939453,10.403970718383789,6984900,KLAC
2009-02-26,17.979999542236328,18.549999237060547,17.5,17.559999465942383,10.263691902160645,6827700,KLAC
2009-02-27,17.260000228881836,17.770000457763672,17.1200008392334,17.25,10.082500457763672,5163300,KLAC
2009-03-02,16.940000534057617,17.190000534057617,16.229999542236328,16.280000686645508,9.515538215637207,5157700,KLAC
2009-03-03,16.360000610351562,16.59000015258789,15.890000343322754,16.059999465942383,9.386954307556152,3774400,KLAC
2009-03-04,16.15999984741211,17.030000686645508,16.15999984741211,16.770000457763672,9.801942825317383,5436800,KLAC
2009-03-05,16.40999984741211,16.979999542236328,16.229999542236328,16.290000915527344,9.521388053894043,3902600,KLAC
2009-03-06,16.309999465942383,16.690000534057617,15.279999732971191,15.630000114440918,9.135619163513184,5720100,KLAC
2009-03-09,15.430000305175781,16.34000015258789,15.359999656677246,15.539999961853027,9.08301830291748,3774900,KLAC
2009-03-10,15.979999542236328,16.65999984741211,15.65999984741211,16.639999389648438,9.725956916809082,4231600,KLAC
2009-03-11,16.81999969482422,17.170000076293945,16.450000762939453,17.079999923706055,9.983136177062988,3384100,KLAC
2009-03-12,16.989999771118164,17.850000381469727,16.770000457763672,17.790000915527344,10.398127555847168,3583100,KLAC
2009-03-13,17.790000915527344,18.709999084472656,17.530000686645508,18.520000457763672,10.824803352355957,5123500,KLAC
2009-03-16,18.65999984741211,19.190000534057617,18.3700008392334,18.6299991607666,10.889100074768066,7223000,KLAC
2009-03-17,18.81999969482422,19.75,18.399999618530273,19.75,11.543731689453125,5876300,KLAC
2009-03-18,19.68000030517578,20.760000228881836,19.200000762939453,20.5,11.982101440429688,7438000,KLAC
2009-03-19,20.799999237060547,21.350000381469727,20.559999465942383,20.610000610351562,12.046394348144531,6315600,KLAC
2009-03-20,20.790000915527344,20.899999618530273,19.290000915527344,19.510000228881836,11.403450965881348,7624400,KLAC
2009-03-23,19.81999969482422,20.93000030517578,19.81999969482422,20.84000015258789,12.180825233459473,7968300,KLAC
2009-03-24,20.639999389648438,20.639999389648438,20.100000381469727,20.149999618530273,11.777524948120117,4234300,KLAC
2009-03-25,20.299999237060547,21.639999389648438,20.190000534057617,20.860000610351562,12.19251537322998,6693700,KLAC
2009-03-26,21.170000076293945,22.15999984741211,20.979999542236328,22.139999389648438,12.940664291381836,4832900,KLAC
2009-03-27,21.520000457763672,22.06999969482422,21.309999465942383,21.479999542236328,12.554903984069824,3597500,KLAC
2009-03-30,20.969999313354492,21.15999984741211,19.84000015258789,20.09000015258789,11.742459297180176,6217300,KLAC
2009-03-31,20.110000610351562,20.420000076293945,19.780000686645508,20.0,11.689852714538574,5092500,KLAC
2009-04-01,19.639999389648438,20.559999465942383,19.450000762939453,20.34000015258789,11.888578414916992,4021000,KLAC
2009-04-02,20.729999542236328,21.850000381469727,20.729999542236328,21.579999923706055,12.613353729248047,5291200,KLAC
2009-04-03,21.5,23.389999389648438,21.350000381469727,23.100000381469727,13.501782417297363,7698900,KLAC
2009-04-06,22.68000030517578,22.959999084472656,21.899999618530273,22.40999984741211,13.098484992980957,5349000,KLAC
2009-04-07,21.959999084472656,22.06999969482422,21.239999771118164,21.399999618530273,12.508142471313477,3899100,KLAC
2009-04-08,21.639999389648438,22.170000076293945,21.420000076293945,22.170000076293945,12.95820140838623,3497400,KLAC
2009-04-09,22.59000015258789,23.799999237060547,22.459999084472656,23.690000534057617,13.846630096435547,5687100,KLAC
2009-04-13,23.600000381469727,23.850000381469727,23.0,23.65999984741211,13.829095840454102,3990900,KLAC
2009-04-14,23.75,24.719999313354492,23.450000762939453,23.90999984741211,13.9752197265625,6028100,KLAC
2009-04-15,23.399999618530273,23.559999465942383,23.0,23.5,13.735574722290039,3955500,KLAC
2009-04-16,23.889999389648438,24.610000610351562,23.440000534057617,24.489999771118164,14.314225196838379,3922400,KLAC
2009-04-17,24.510000228881836,25.0,24.010000228881836,24.860000610351562,14.530486106872559,3735100,KLAC
2009-04-20,24.350000381469727,24.399999618530273,23.350000381469727,23.450000762939453,13.706352233886719,5643600,KLAC
2009-04-21,23.34000015258789,24.239999771118164,22.950000762939453,23.719999313354492,13.864164352416992,6249200,KLAC
2009-04-22,23.520000457763672,26.350000381469727,23.229999542236328,25.780000686645508,15.068220138549805,9829800,KLAC
2009-04-23,25.799999237060547,25.8700008392334,24.479999542236328,25.700000762939453,15.021462440490723,7886000,KLAC
2009-04-24,25.219999313354492,25.969999313354492,24.68000030517578,25.829999923706055,15.097447395324707,6756500,KLAC
2009-04-27,25.459999084472656,26.290000915527344,25.18000030517578,26.020000457763672,15.208501815795898,6715600,KLAC
2009-04-28,25.989999771118164,26.540000915527344,25.299999237060547,26.270000457763672,15.354625701904297,6218800,KLAC
2009-04-29,26.559999465942383,27.209999084472656,25.90999984741211,26.8799991607666,15.711160659790039,7200700,KLAC
2009-04-30,27.1200008392334,28.40999984741211,26.850000381469727,27.739999771118164,16.213823318481445,6856700,KLAC
2009-05-01,27.75,27.84000015258789,26.889999389648438,27.299999237060547,15.956647872924805,4060900,KLAC
2009-05-04,27.18000030517578,29.1200008392334,27.149999618530273,29.079999923706055,16.99704360961914,5876800,KLAC
2009-05-05,29.15999984741211,29.15999984741211,27.959999084472656,28.440000534057617,16.622968673706055,4949900,KLAC
2009-05-06,28.440000534057617,28.90999984741211,28.0,28.639999389648438,16.739870071411133,4224500,KLAC
2009-05-07,28.709999084472656,29.0,26.170000076293945,26.8799991607666,15.711160659790039,5801900,KLAC
2009-05-08,27.229999542236328,27.389999389648438,25.920000076293945,26.18000030517578,15.302021980285645,7497600,KLAC
2009-05-11,25.68000030517578,26.25,25.010000228881836,25.899999618530273,15.138362884521484,5468200,KLAC
2009-05-12,26.1299991607666,26.31999969482422,24.649999618530273,25.309999465942383,14.793510437011719,4789900,KLAC
2009-05-13,24.719999313354492,25.190000534057617,24.6299991607666,24.84000015258789,14.605353355407715,5573300,KLAC
2009-05-14,25.0,25.81999969482422,24.84000015258789,25.510000228881836,14.999303817749023,4567700,KLAC
2009-05-15,25.510000228881836,25.969999313354492,25.139999389648438,25.239999771118164,14.840551376342773,3680100,KLAC
2009-05-18,25.540000915527344,26.280000686645508,25.3799991607666,26.219999313354492,15.416769981384277,3410700,KLAC
2009-05-19,26.219999313354492,27.399999618530273,25.8799991607666,26.850000381469727,15.78719425201416,3970600,KLAC
2009-05-20,27.139999389648438,27.8700008392334,26.40999984741211,26.559999465942383,15.616676330566406,4647300,KLAC
2009-05-21,26.149999618530273,26.389999389648438,25.420000076293945,25.809999465942383,15.175690650939941,4984700,KLAC
2009-05-22,25.790000915527344,26.059999465942383,25.270000457763672,25.520000457763672,15.005184173583984,3318000,KLAC
2009-05-26,24.969999313354492,26.920000076293945,24.969999313354492,26.790000915527344,15.751912117004395,4656300,KLAC
2009-05-27,26.75,27.489999771118164,26.31999969482422,26.6200008392334,15.651956558227539,6287100,KLAC
2009-05-28,26.84000015258789,27.219999313354492,25.75,26.780000686645508,15.746030807495117,4915200,KLAC
2009-05-29,26.760000228881836,27.18000030517578,26.360000610351562,27.0,15.875386238098145,4939700,KLAC
2009-06-01,27.479999542236328,29.68000030517578,27.399999618530273,29.450000762939453,17.315935134887695,8043300,KLAC
2009-06-02,29.139999389648438,29.399999618530273,27.670000076293945,27.920000076293945,16.41632843017578,7241900,KLAC
2009-06-03,27.670000076293945,27.799999237060547,26.8799991607666,27.18000030517578,15.981230735778809,4985100,KLAC
2009-06-04,27.15999984741211,27.90999984741211,26.93000030517578,27.670000076293945,16.269330978393555,5353300,KLAC
2009-06-05,27.68000030517578,28.0,26.360000610351562,26.489999771118164,15.575520515441895,6052300,KLAC
2009-06-08,26.510000228881836,26.799999237060547,25.93000030517578,26.43000030517578,15.540245056152344,4656800,KLAC
2009-06-09,26.760000228881836,27.170000076293945,26.3799991607666,26.899999618530273,15.816587448120117,5814600,KLAC
2009-06-10,27.280000686645508,27.34000015258789,26.43000030517578,26.780000686645508,15.746030807495117,4993800,KLAC
2009-06-11,26.68000030517578,27.059999465942383,26.329999923706055,26.3799991607666,15.510836601257324,6135900,KLAC
2009-06-12,26.360000610351562,26.56999969482422,25.40999984741211,25.8799991607666,15.216850280761719,5033500,KLAC
2009-06-15,25.75,25.75,24.729999542236328,25.5,14.99342155456543,4249000,KLAC
2009-06-16,25.600000381469727,25.770000457763672,24.850000381469727,24.989999771118164,14.693551063537598,3852500,KLAC
2009-06-17,25.18000030517578,25.510000228881836,24.40999984741211,25.18000030517578,14.80527114868164,3938800,KLAC
2009-06-18,25.18000030517578,25.510000228881836,24.940000534057617,25.06999969482422,14.740595817565918,3382600,KLAC
2009-06-19,25.40999984741211,25.6299991607666,25.100000381469727,25.31999969482422,14.88758373260498,4331700,KLAC
2009-06-22,25.079999923706055,25.389999389648438,24.030000686645508,24.040000915527344,14.134976387023926,7837600,KLAC
2009-06-23,24.0,24.18000030517578,23.030000686645508,23.639999389648438,13.899781227111816,6505500,KLAC
2009-06-24,23.799999237060547,24.170000076293945,23.399999618530273,23.829999923706055,14.011503219604492,9390900,KLAC
2009-06-25,23.780000686645508,24.670000076293945,23.5,24.600000381469727,14.464248657226562,4927100,KLAC
2009-06-26,24.3799991607666,25.34000015258789,24.3799991607666,24.81999969482422,14.593598365783691,6333700,KLAC
2009-06-29,24.739999771118164,25.079999923706055,24.389999389648438,24.809999465942383,14.587719917297363,3309000,KLAC
2009-06-30,24.969999313354492,25.399999618530273,24.719999313354492,25.25,14.846430778503418,5873600,KLAC
2009-07-01,25.360000610351562,26.360000610351562,25.139999389648438,25.809999465942383,15.175690650939941,6610700,KLAC
2009-07-02,25.56999969482422,26.059999465942383,25.5,25.549999237060547,15.022818565368652,7611200,KLAC
2009-07-06,25.56999969482422,26.34000015258789,25.40999984741211,26.079999923706055,15.334449768066406,6137800,KLAC
2009-07-07,26.100000381469727,26.6299991607666,25.40999984741211,25.440000534057617,14.958147048950195,6366300,KLAC
2009-07-08,25.43000030517578,25.639999389648438,24.75,25.1299991607666,14.775871276855469,5569800,KLAC
2009-07-09,25.90999984741211,26.540000915527344,25.540000915527344,26.360000610351562,15.499086380004883,8095000,KLAC
2009-07-10,26.200000762939453,26.549999237060547,25.6299991607666,26.059999465942383,15.322687149047852,5629600,KLAC
2009-07-13,26.18000030517578,27.010000228881836,25.549999237060547,26.969999313354492,15.857749938964844,6280600,KLAC
2009-07-14,27.420000076293945,28.06999969482422,27.350000381469727,27.860000610351562,16.38105010986328,8271000,KLAC
2009-07-15,28.540000915527344,29.0,28.270000457763672,28.68000030517578,16.863189697265625,10302300,KLAC
2009-07-16,28.65999984741211,29.639999389648438,28.3700008392334,29.510000228881836,17.351205825805664,5977600,KLAC
2009-07-17,29.520000457763672,29.760000228881836,28.899999618530273,29.670000076293945,17.44529151916504,4922700,KLAC
2009-07-20,29.760000228881836,30.299999237060547,29.56999969482422,30.020000457763672,17.651077270507812,5239800,KLAC
2009-07-21,29.8799991607666,30.040000915527344,29.149999618530273,29.920000076293945,17.592281341552734,5219900,KLAC
2009-07-22,29.920000076293945,30.899999618530273,29.559999465942383,30.809999465942383,18.115583419799805,5079500,KLAC
2009-07-23,30.639999389648438,31.6299991607666,30.260000228881836,31.479999542236328,18.5095272064209,5860300,KLAC
2009-07-24,31.09000015258789,31.579999923706055,30.6200008392334,31.549999237060547,18.550689697265625,4444500,KLAC
2009-07-27,31.530000686645508,31.959999084472656,31.030000686645508,31.90999984741211,18.76235580444336,3609300,KLAC
2009-07-28,31.690000534057617,32.34000015258789,31.290000915527344,31.719999313354492,18.6506404876709,5123300,KLAC
2009-07-29,31.579999923706055,31.649999618530273,30.889999389648438,31.43000030517578,18.480125427246094,5425600,KLAC
2009-07-30,31.889999389648438,32.36000061035156,30.799999237060547,31.260000228881836,18.380170822143555,7143400,KLAC
2009-07-31,31.31999969482422,32.20000076293945,31.1299991607666,31.8799991607666,18.744714736938477,4405400,KLAC
2009-08-03,32.119998931884766,32.5,31.600000381469727,32.220001220703125,18.94462776184082,4360600,KLAC
2009-08-04,32.0,32.5,31.760000228881836,32.290000915527344,18.985794067382812,4338700,KLAC
2009-08-05,32.290000915527344,32.470001220703125,31.56999969482422,31.81999969482422,18.70943832397461,3531600,KLAC
2009-08-06,31.81999969482422,32.16999816894531,31.020000457763672,31.209999084472656,18.350770950317383,4364800,KLAC
2009-08-07,31.56999969482422,31.739999771118164,30.889999389648438,31.209999084472656,18.350770950317383,4855600,KLAC
2009-08-10,31.15999984741211,31.290000915527344,30.329999923706055,30.6299991607666,18.009750366210938,3490700,KLAC
2009-08-11,30.610000610351562,30.81999969482422,30.0,30.280000686645508,17.803945541381836,3545500,KLAC
2009-08-12,30.510000228881836,31.290000915527344,30.280000686645508,31.059999465942383,18.262575149536133,4447800,KLAC
2009-08-13,31.190000534057617,31.700000762939453,30.3700008392334,31.649999618530273,18.699787139892578,5116700,KLAC
2009-08-14,31.520000457763672,31.520000457763672,30.469999313354492,30.649999618530273,18.10895347595215,3633000,KLAC
2009-08-17,30.239999771118164,30.239999771118164,29.43000030517578,29.6200008392334,17.50040626525879,4123400,KLAC
2009-08-18,29.729999542236328,30.239999771118164,29.68000030517578,30.190000534057617,17.83717918395996,2812200,KLAC
2009-08-19,29.8700008392334,30.610000610351562,29.760000228881836,30.329999923706055,17.919897079467773,3137300,KLAC
2009-08-20,30.239999771118164,30.739999771118164,30.15999984741211,30.690000534057617,18.13259506225586,2240200,KLAC
2009-08-21,31.030000686645508,31.40999984741211,30.549999237060547,31.399999618530273,18.552072525024414,3148400,KLAC
2009-08-24,31.389999389648438,31.700000762939453,30.81999969482422,30.969999313354492,18.29802131652832,2793600,KLAC
2009-08-25,31.030000686645508,31.600000381469727,30.729999542236328,31.239999771118164,18.457548141479492,4245200,KLAC
2009-08-26,31.329999923706055,32.09000015258789,31.209999084472656,31.780000686645508,18.77660369873047,4376800,KLAC
2009-08-27,31.610000610351562,31.790000915527344,31.040000915527344,31.700000762939453,18.729328155517578,2547800,KLAC
2009-08-28,32.099998474121094,32.790000915527344,31.670000076293945,31.850000381469727,18.817956924438477,3513400,KLAC
2009-08-31,31.65999984741211,31.75,31.100000381469727,31.200000762939453,18.433916091918945,3167800,KLAC
2009-09-01,31.3700008392334,31.90999984741211,30.100000381469727,30.1200008392334,17.79581642150879,5590400,KLAC
2009-09-02,30.200000762939453,30.690000534057617,29.8700008392334,30.299999237060547,17.90216827392578,2912800,KLAC
2009-09-03,30.290000915527344,30.799999237060547,29.860000610351562,30.739999771118164,18.162134170532227,3266000,KLAC
2009-09-04,31.270000457763672,31.65999984741211,30.950000762939453,31.649999618530273,18.699787139892578,3398300,KLAC
2009-09-08,32.0,32.400001525878906,31.25,32.189998626708984,19.018836975097656,3745800,KLAC
2009-09-09,32.25,33.29999923706055,31.920000076293945,33.209999084472656,19.621488571166992,5466700,KLAC
2009-09-10,33.349998474121094,34.349998474121094,33.0,34.31999969482422,20.27730941772461,6765700,KLAC
2009-09-11,34.40999984741211,34.63999938964844,33.77000045776367,34.25,20.235946655273438,5693000,KLAC
2009-09-14,34.02000045776367,34.869998931884766,33.83000183105469,34.84000015258789,20.58453941345215,4643700,KLAC
2009-09-15,34.81999969482422,35.540000915527344,34.810001373291016,35.47999954223633,20.962677001953125,5261200,KLAC
2009-09-16,35.4900016784668,35.56999969482422,35.02000045776367,35.5099983215332,20.98039436340332,4907800,KLAC
2009-09-17,35.27000045776367,35.52000045776367,34.52000045776367,34.86000061035156,20.596357345581055,5171100,KLAC
2009-09-18,35.11000061035156,35.619998931884766,34.7599983215332,35.540000915527344,20.99811363220215,5198500,KLAC
2009-09-21,35.290000915527344,35.83000183105469,35.279998779296875,35.459999084472656,20.95085334777832,2717000,KLAC
2009-09-22,35.59000015258789,36.119998931884766,35.36000061035156,35.77000045776367,21.134016036987305,2830600,KLAC
2009-09-23,35.9900016784668,36.36000061035156,35.650001525878906,35.650001525878906,21.063108444213867,3785500,KLAC
2009-09-24,36.0,36.0,34.56999969482422,35.060001373291016,20.714527130126953,4727800,KLAC
2009-09-25,35.060001373291016,35.2400016784668,34.56999969482422,34.959999084472656,20.655441284179688,2690700,KLAC
2009-09-28,35.02000045776367,35.95000076293945,35.02000045776367,35.650001525878906,21.063108444213867,3151400,KLAC
2009-09-29,35.540000915527344,35.97999954223633,35.08000183105469,35.349998474121094,20.885860443115234,2774700,KLAC
2009-09-30,35.400001525878906,36.2400016784668,34.779998779296875,35.86000061035156,21.18718910217285,4521900,KLAC
2009-10-01,35.709999084472656,36.08000183105469,34.130001068115234,34.20000076293945,20.206409454345703,4818900,KLAC
2009-10-02,33.95000076293945,34.25,33.310001373291016,33.43000030517578,19.751474380493164,5147600,KLAC
2009-10-05,33.79999923706055,34.540000915527344,33.220001220703125,34.41999816894531,20.336383819580078,5235500,KLAC
2009-10-06,34.720001220703125,35.52000045776367,34.66999816894531,35.380001068115234,20.903587341308594,4022700,KLAC
2009-10-07,35.25,35.33000183105469,34.61000061035156,35.22999954223633,20.814964294433594,3822600,KLAC
2009-10-08,35.59000015258789,36.16999816894531,35.02000045776367,35.689998626708984,21.086746215820312,5161400,KLAC
2009-10-09,35.83000183105469,36.959999084472656,35.70000076293945,36.91999816894531,21.813467025756836,5246200,KLAC
2009-10-12,36.959999084472656,37.709999084472656,36.81999969482422,37.209999084472656,21.98480796813965,3851800,KLAC
2009-10-13,37.25,37.5,36.83000183105469,37.0,21.86073875427246,4688700,KLAC
2009-10-14,37.369998931884766,37.400001525878906,36.06999969482422,36.70000076293945,21.683490753173828,6533900,KLAC
2009-10-15,36.83000183105469,36.83000183105469,36.04999923706055,36.709999084472656,21.689393997192383,4159900,KLAC
2009-10-16,36.5,36.58000183105469,35.209999084472656,35.58000183105469,21.021757125854492,4391600,KLAC
2009-10-19,35.75,36.099998474121094,35.29999923706055,36.060001373291016,21.305355072021484,3629500,KLAC
2009-10-20,35.90999984741211,36.720001220703125,35.72999954223633,35.9900016784668,21.263992309570312,4143500,KLAC
2009-10-21,35.86000061035156,36.349998474121094,34.959999084472656,35.040000915527344,20.70270538330078,3901200,KLAC
2009-10-22,35.2599983215332,36.09000015258789,34.61000061035156,35.97999954223633,21.25809097290039,3098100,KLAC
2009-10-23,36.029998779296875,36.029998779296875,34.91999816894531,35.06999969482422,20.720428466796875,2711900,KLAC
2009-10-26,35.0,36.11000061035156,34.75,35.0099983215332,20.68497657775879,3309000,KLAC
2009-10-27,35.02000045776367,35.40999984741211,34.150001525878906,34.380001068115234,20.312763214111328,3303400,KLAC
2009-10-28,34.279998779296875,34.7599983215332,33.25,33.25,19.64511489868164,4378400,KLAC
2009-10-29,33.599998474121094,34.47999954223633,33.52000045776367,34.279998779296875,20.253673553466797,4352300,KLAC
2009-10-30,33.900001525878906,34.09000015258789,32.2599983215332,32.5099983215332,19.207897186279297,5795500,KLAC
2009-11-02,32.58000183105469,33.189998626708984,32.04999923706055,32.86000061035156,19.414697647094727,3542900,KLAC
2009-11-03,31.889999389648438,31.950000762939453,31.059999465942383,31.700000762939453,18.729328155517578,6033000,KLAC
2009-11-04,32.15999984741211,32.45000076293945,31.700000762939453,31.770000457763672,18.77068519592285,3759300,KLAC
2009-11-05,32.150001525878906,32.959999084472656,32.0099983215332,32.880001068115234,19.4265079498291,3084200,KLAC
2009-11-06,32.7400016784668,33.36000061035156,32.5099983215332,32.86000061035156,19.414697647094727,2598500,KLAC
2009-11-09,33.0099983215332,33.790000915527344,33.0099983215332,33.470001220703125,19.775104522705078,3725600,KLAC
2009-11-10,33.189998626708984,33.810001373291016,32.810001373291016,33.029998779296875,19.515132904052734,3563200,KLAC
2009-11-11,33.29999923706055,34.130001068115234,33.2599983215332,33.63999938964844,19.875539779663086,3029700,KLAC
2009-11-12,33.61000061035156,33.93000030517578,32.93000030517578,32.97999954223633,19.572866439819336,2381400,KLAC
2009-11-13,33.029998779296875,33.56999969482422,32.83000183105469,33.209999084472656,19.709369659423828,2774500,KLAC
2009-11-16,33.439998626708984,34.130001068115234,33.209999084472656,33.79999923706055,20.05951690673828,2801600,KLAC
2009-11-17,33.58000183105469,33.939998626708984,33.470001220703125,33.79999923706055,20.05951690673828,1780100,KLAC
2009-11-18,33.650001525878906,33.83000183105469,33.08000183105469,33.220001220703125,19.715303421020508,1639500,KLAC
2009-11-19,32.810001373291016,32.81999969482422,31.8799991607666,32.13999938964844,19.074357986450195,3198600,KLAC
2009-11-20,31.829999923706055,32.09000015258789,31.639999389648438,31.889999389648438,18.925973892211914,2894000,KLAC
2009-11-23,32.20000076293945,32.70000076293945,32.0,32.15999984741211,19.086219787597656,2039800,KLAC
2009-11-24,32.06999969482422,32.41999816894531,31.65999984741211,32.27000045776367,19.15150260925293,2931100,KLAC
2009-11-25,32.40999984741211,32.66999816894531,32.279998779296875,32.56999969482422,19.329540252685547,1753100,KLAC
2009-11-27,31.549999237060547,32.279998779296875,31.450000762939453,31.920000076293945,18.94378089904785,1105200,KLAC
2009-11-30,31.809999465942383,32.130001068115234,31.1299991607666,31.239999771118164,18.540220260620117,4974000,KLAC
2009-12-01,31.329999923706055,31.860000610351562,31.329999923706055,31.709999084472656,18.81915855407715,6147500,KLAC
2009-12-02,31.760000228881836,32.83000183105469,31.760000228881836,32.7599983215332,19.442304611206055,4820000,KLAC
2009-12-03,32.970001220703125,34.779998779296875,32.88999938964844,34.599998474121094,20.5343017578125,9006900,KLAC
2009-12-04,35.09000015258789,36.06999969482422,34.709999084472656,35.689998626708984,21.181190490722656,8925300,KLAC
2009-12-07,35.540000915527344,36.2400016784668,35.459999084472656,36.04999923706055,21.394838333129883,4389800,KLAC
2009-12-08,35.720001220703125,36.130001068115234,35.34000015258789,35.81999969482422,21.258346557617188,3555900,KLAC
2009-12-09,35.77000045776367,36.27000045776367,35.439998626708984,36.02000045776367,21.37704086303711,3339500,KLAC
2009-12-10,36.13999938964844,36.5,35.880001068115234,35.90999984741211,21.311765670776367,2320600,KLAC
2009-12-11,36.130001068115234,36.349998474121094,35.599998474121094,35.75,21.216806411743164,1798100,KLAC
2009-12-14,35.95000076293945,36.25,35.70000076293945,36.09000015258789,21.4185791015625,2410500,KLAC
2009-12-15,35.900001525878906,36.54999923706055,35.869998931884766,36.15999984741211,21.460126876831055,3037600,KLAC
2009-12-16,36.25,37.0,36.15999984741211,36.47999954223633,21.65003204345703,2761800,KLAC
2009-12-17,36.38999938964844,36.41999816894531,35.66999816894531,35.72999954223633,21.20492935180664,2038700,KLAC
2009-12-18,35.77000045776367,36.20000076293945,35.540000915527344,36.189998626708984,21.47793197631836,3435800,KLAC
2009-12-21,36.29999923706055,37.2599983215332,36.29999923706055,37.029998779296875,21.976451873779297,2555300,KLAC
2009-12-22,37.18000030517578,37.4900016784668,37.02000045776367,37.06999969482422,22.000185012817383,1786400,KLAC
2009-12-23,37.220001220703125,37.25,36.689998626708984,36.790000915527344,21.834014892578125,1364000,KLAC
2009-12-24,36.84000015258789,37.41999816894531,36.68000030517578,37.400001525878906,22.196035385131836,746000,KLAC
2009-12-28,37.45000076293945,37.4900016784668,36.59000015258789,36.790000915527344,21.834014892578125,1808100,KLAC
2009-12-29,36.81999969482422,36.88999938964844,36.2400016784668,36.29999923706055,21.543209075927734,1928100,KLAC
2009-12-30,36.2599983215332,36.91999816894531,36.220001220703125,36.83000183105469,21.857759475708008,1189300,KLAC
2009-12-31,36.83000183105469,37.029998779296875,36.15999984741211,36.15999984741211,21.460126876831055,1734400,KLAC
2010-01-04,36.599998474121094,37.369998931884766,36.56999969482422,36.91999816894531,21.91116714477539,2827000,KLAC
2010-01-05,36.849998474121094,36.93000030517578,36.27000045776367,36.5099983215332,21.667844772338867,2136200,KLAC
2010-01-06,36.400001525878906,36.83000183105469,36.27000045776367,36.369998931884766,21.584753036499023,2379400,KLAC
2010-01-07,36.209999084472656,36.63999938964844,35.72999954223633,36.56999969482422,21.703453063964844,2311900,KLAC
2010-01-08,36.470001220703125,37.18000030517578,36.34000015258789,37.119998931884766,22.02986717224121,2379600,KLAC
2010-01-11,37.22999954223633,37.40999984741211,36.349998474121094,36.959999084472656,21.934907913208008,1961400,KLAC
2010-01-12,36.70000076293945,36.7599983215332,35.29999923706055,35.66999816894531,21.169330596923828,3002200,KLAC
2010-01-13,35.88999938964844,36.27000045776367,34.95000076293945,36.09000015258789,21.4185791015625,3969500,KLAC
2010-01-14,35.72999954223633,35.95000076293945,34.810001373291016,35.0,20.77168846130371,5867400,KLAC
2010-01-15,34.93000030517578,35.2400016784668,33.27000045776367,33.34000015258789,19.786518096923828,6721000,KLAC
2010-01-19,33.47999954223633,33.77000045776367,33.20000076293945,33.63999938964844,19.964561462402344,4374500,KLAC
2010-01-20,33.29999923706055,33.34000015258789,32.619998931884766,33.22999954223633,19.72123908996582,4605900,KLAC
2010-01-21,33.349998474121094,33.900001525878906,32.7599983215332,32.849998474121094,19.495718002319336,3852400,KLAC
2010-01-22,32.22999954223633,32.380001068115234,30.719999313354492,30.860000610351562,18.314697265625,7991300,KLAC
2010-01-25,30.790000915527344,31.399999618530273,30.780000686645508,30.959999084472656,18.374046325683594,4021300,KLAC
2010-01-26,30.719999313354492,31.31999969482422,30.65999984741211,30.670000076293945,18.201940536499023,3843400,KLAC
2010-01-27,30.559999465942383,31.200000762939453,30.15999984741211,30.850000381469727,18.30876350402832,4557400,KLAC
2010-01-28,30.899999618530273,30.979999542236328,28.93000030517578,29.3799991607666,17.43635368347168,8674800,KLAC
2010-01-29,29.729999542236328,29.75,27.799999237060547,28.200000762939453,16.73604965209961,10519600,KLAC
2010-02-01,28.450000762939453,29.200000762939453,28.299999237060547,29.190000534057617,17.323589324951172,6982600,KLAC
2010-02-02,29.139999389648438,29.389999389648438,28.690000534057617,29.100000381469727,17.270179748535156,5245700,KLAC
2010-02-03,28.950000762939453,29.40999984741211,28.719999313354492,29.290000915527344,17.382938385009766,6157800,KLAC
2010-02-04,29.239999771118164,29.440000534057617,28.1200008392334,28.309999465942383,16.801332473754883,5891200,KLAC
2010-02-05,28.469999313354492,28.959999084472656,28.059999465942383,28.790000915527344,17.086204528808594,5902100,KLAC
2010-02-08,28.790000915527344,29.309999465942383,28.299999237060547,28.719999313354492,17.044652938842773,3299800,KLAC
2010-02-09,29.110000610351562,29.540000915527344,28.760000228881836,29.170000076293945,17.311723709106445,3539900,KLAC
2010-02-10,29.149999618530273,29.5,28.700000762939453,28.989999771118164,17.20488929748535,2348300,KLAC
2010-02-11,28.920000076293945,29.649999618530273,28.6299991607666,29.479999542236328,17.58669662475586,4173400,KLAC
2010-02-12,29.100000381469727,30.1200008392334,28.760000228881836,29.670000076293945,17.700042724609375,4493200,KLAC
2010-02-16,30.1200008392334,30.829999923706055,29.780000686645508,30.81999969482422,18.386089324951172,4337300,KLAC
2010-02-17,30.899999618530273,30.959999084472656,30.049999237060547,30.43000030517578,18.153432846069336,3327900,KLAC
2010-02-18,30.270000457763672,30.270000457763672,29.670000076293945,30.25,18.046049118041992,3180000,KLAC
2010-02-19,30.450000762939453,30.729999542236328,30.100000381469727,30.579999923706055,18.242918014526367,3698900,KLAC
2010-02-22,30.790000915527344,30.81999969482422,30.18000030517578,30.329999923706055,18.093778610229492,2849300,KLAC
2010-02-23,30.020000457763672,30.149999618530273,28.799999237060547,28.889999389648438,17.234725952148438,5228200,KLAC
2010-02-24,29.110000610351562,29.5,28.899999618530273,29.09000015258789,17.354036331176758,5315800,KLAC
2010-02-25,28.489999771118164,28.93000030517578,27.979999542236328,28.899999618530273,17.240692138671875,4440400,KLAC
2010-02-26,28.920000076293945,29.139999389648438,28.440000534057617,29.1299991607666,17.37790298461914,3311700,KLAC
2010-03-01,29.389999389648438,30.15999984741211,29.3700008392334,30.139999389648438,17.980430603027344,3653200,KLAC
2010-03-02,30.479999542236328,30.700000762939453,30.190000534057617,30.260000228881836,18.052019119262695,3016700,KLAC
2010-03-03,30.350000381469727,30.719999313354492,30.079999923706055,30.229999542236328,18.034116744995117,2371900,KLAC
2010-03-04,30.18000030517578,30.440000534057617,29.6200008392334,30.030000686645508,17.91480827331543,2037500,KLAC
2010-03-05,30.200000762939453,30.6299991607666,29.959999084472656,30.290000915527344,18.06991195678711,2578700,KLAC
2010-03-08,30.3799991607666,30.479999542236328,30.110000610351562,30.1299991607666,17.974462509155273,2001000,KLAC
2010-03-09,29.93000030517578,30.100000381469727,29.579999923706055,29.75,17.747774124145508,3126400,KLAC
2010-03-10,29.68000030517578,30.200000762939453,29.639999389648438,30.1299991607666,17.974462509155273,2733700,KLAC
2010-03-11,29.979999542236328,30.15999984741211,29.579999923706055,29.989999771118164,17.89093780517578,2789200,KLAC
2010-03-12,30.040000915527344,30.09000015258789,29.309999465942383,29.450000762939453,17.568801879882812,3970500,KLAC
2010-03-15,28.670000076293945,28.729999542236328,27.700000762939453,28.09000015258789,16.757474899291992,7296200,KLAC
2010-03-16,28.18000030517578,29.059999465942383,28.079999923706055,29.010000228881836,17.306312561035156,4718200,KLAC
2010-03-17,29.209999084472656,29.469999313354492,29.0,29.420000076293945,17.5508975982666,4209300,KLAC
2010-03-18,29.31999969482422,29.790000915527344,28.8700008392334,29.09000015258789,17.354036331176758,3697600,KLAC
2010-03-19,29.479999542236328,29.530000686645508,28.489999771118164,28.790000915527344,17.17506980895996,3941500,KLAC
2010-03-22,28.68000030517578,29.850000381469727,28.56999969482422,29.770000457763672,17.75969696044922,3351800,KLAC
2010-03-23,29.700000762939453,31.200000762939453,29.6200008392334,31.09000015258789,18.547164916992188,6879500,KLAC
2010-03-24,30.729999542236328,31.290000915527344,30.440000534057617,30.65999984741211,18.2906436920166,5360300,KLAC
2010-03-25,31.09000015258789,31.459999084472656,30.84000015258789,30.8799991607666,18.421884536743164,4207300,KLAC
2010-03-26,31.170000076293945,31.399999618530273,30.25,30.40999984741211,18.141510009765625,4017900,KLAC
2010-03-29,30.600000381469727,30.899999618530273,30.440000534057617,30.610000610351562,18.260814666748047,2651600,KLAC
2010-03-30,30.829999923706055,31.059999465942383,30.530000686645508,30.8799991607666,18.421884536743164,2297000,KLAC
2010-03-31,30.549999237060547,31.31999969482422,30.489999771118164,30.93000030517578,18.451711654663086,4200100,KLAC
2010-04-01,31.290000915527344,32.16999816894531,30.690000534057617,31.110000610351562,18.559099197387695,5464100,KLAC
2010-04-05,31.510000228881836,32.20000076293945,31.40999984741211,32.11000061035156,19.155656814575195,3575000,KLAC
2010-04-06,31.93000030517578,32.130001068115234,31.739999771118164,31.940000534057617,19.054244995117188,2132100,KLAC
2010-04-07,31.709999084472656,31.950000762939453,31.350000381469727,31.690000534057617,18.905099868774414,3420200,KLAC
2010-04-08,31.6299991607666,31.6299991607666,30.920000076293945,31.09000015258789,18.547164916992188,3711800,KLAC
2010-04-09,31.110000610351562,31.559999465942383,30.950000762939453,31.520000457763672,18.803686141967773,2294600,KLAC
2010-04-12,31.600000381469727,31.950000762939453,31.3700008392334,31.65999984741211,18.887205123901367,2109400,KLAC
2010-04-13,31.690000534057617,32.02000045776367,31.40999984741211,31.979999542236328,19.078105926513672,2972500,KLAC
2010-04-14,32.619998931884766,33.36000061035156,32.5099983215332,33.290000915527344,19.859601974487305,4071300,KLAC
2010-04-15,33.220001220703125,33.40999984741211,32.959999084472656,33.189998626708984,19.79994773864746,2728700,KLAC
2010-04-16,33.130001068115234,33.43000030517578,32.70000076293945,33.380001068115234,19.913291931152344,4971800,KLAC
2010-04-19,33.34000015258789,33.939998626708984,32.540000915527344,33.2599983215332,19.841707229614258,4617700,KLAC
2010-04-20,33.5099983215332,33.869998931884766,33.119998931884766,33.45000076293945,19.95505142211914,3092900,KLAC
2010-04-21,33.709999084472656,33.849998474121094,32.880001068115234,33.439998626708984,19.94908332824707,2954600,KLAC
2010-04-22,33.150001525878906,34.54999923706055,32.61000061035156,34.45000076293945,20.551616668701172,5707200,KLAC
2010-04-23,34.38999938964844,34.529998779296875,33.79999923706055,34.47999954223633,20.569515228271484,2328200,KLAC
2010-04-26,34.560001373291016,34.939998626708984,34.400001525878906,34.61000061035156,20.647069931030273,2309200,KLAC
2010-04-27,34.40999984741211,34.81999969482422,33.599998474121094,33.65999984741211,20.080337524414062,3523400,KLAC
2010-04-28,33.83000183105469,34.15999984741211,33.349998474121094,33.599998474121094,20.044536590576172,3839900,KLAC
2010-04-29,33.75,34.779998779296875,33.75,34.689998626708984,20.69479751586914,4495400,KLAC
2010-04-30,35.75,36.06999969482422,34.040000915527344,34.060001373291016,20.318960189819336,7378100,KLAC
2010-05-03,34.38999938964844,35.5,34.2599983215332,35.29999923706055,21.05870246887207,4701400,KLAC
2010-05-04,34.869998931884766,34.97999954223633,33.20000076293945,33.88999938964844,20.21754264831543,7327700,KLAC
2010-05-05,33.66999816894531,34.779998779296875,32.689998626708984,33.040000915527344,19.710464477539062,4879100,KLAC
2010-05-06,32.900001525878906,35.0,29.969999313354492,31.899999618530273,19.030380249023438,6572600,KLAC
2010-05-07,31.68000030517578,32.20000076293945,30.25,31.139999389648438,18.57699203491211,5511500,KLAC
2010-05-10,32.38999938964844,32.959999084472656,31.989999771118164,32.689998626708984,19.501663208007812,3571000,KLAC
2010-05-11,32.439998626708984,33.290000915527344,32.09000015258789,32.66999816894531,19.489734649658203,3669200,KLAC
2010-05-12,32.77000045776367,33.25,32.61000061035156,33.220001220703125,19.817842483520508,3008700,KLAC
2010-05-13,33.0,33.13999938964844,31.979999542236328,32.119998931884766,19.24854278564453,3053100,KLAC
2010-05-14,31.81999969482422,31.93000030517578,30.579999923706055,30.979999542236328,18.565380096435547,4458300,KLAC
2010-05-17,31.079999923706055,31.690000534057617,30.579999923706055,31.56999969482422,18.9189453125,4808500,KLAC
2010-05-18,32.0,32.09000015258789,30.5,30.549999237060547,18.307689666748047,3376500,KLAC
2010-05-19,30.530000686645508,31.139999389648438,30.0,30.700000762939453,18.3975772857666,3529200,KLAC
2010-05-20,30.309999465942383,30.479999542236328,29.479999542236328,29.860000610351562,17.89419174194336,5937100,KLAC
2010-05-21,29.200000762939453,30.860000610351562,29.06999969482422,30.229999542236328,18.115917205810547,4541700,KLAC
2010-05-24,29.8799991607666,30.229999542236328,29.440000534057617,29.510000228881836,17.6844425201416,3019900,KLAC
2010-05-25,28.8700008392334,29.780000686645508,28.440000534057617,29.75,17.828275680541992,4329700,KLAC
2010-05-26,30.219999313354492,30.600000381469727,29.540000915527344,29.579999923706055,17.726388931274414,3930500,KLAC
2010-05-27,30.31999969482422,31.299999237060547,30.09000015258789,31.260000228881836,18.733173370361328,3577300,KLAC
2010-05-28,31.25,31.25,30.31999969482422,30.770000457763672,18.439531326293945,2556000,KLAC
2010-06-01,30.540000915527344,31.049999237060547,29.850000381469727,29.93000030517578,17.93613624572754,2824300,KLAC
2010-06-02,30.049999237060547,30.850000381469727,29.729999542236328,30.850000381469727,18.48746681213379,3521200,KLAC
2010-06-03,30.920000076293945,31.739999771118164,30.90999984741211,31.6299991607666,18.954891204833984,4552000,KLAC
2010-06-04,30.68000030517578,31.329999923706055,29.700000762939453,29.920000076293945,17.930139541625977,4989500,KLAC
2010-06-07,29.959999084472656,30.190000534057617,28.309999465942383,28.40999984741211,17.025243759155273,7540200,KLAC
2010-06-08,28.420000076293945,28.600000381469727,27.719999313354492,28.350000381469727,16.989295959472656,8373300,KLAC
2010-06-09,28.469999313354492,29.100000381469727,27.959999084472656,28.079999923706055,16.82748794555664,4063900,KLAC
2010-06-10,28.6299991607666,29.190000534057617,28.450000762939453,29.020000457763672,17.39080810546875,3696200,KLAC
2010-06-11,28.6200008392334,29.440000534057617,28.559999465942383,29.15999984741211,17.47469711303711,4107000,KLAC
2010-06-14,29.559999465942383,29.899999618530273,29.260000228881836,29.299999237060547,17.5585994720459,3890900,KLAC
2010-06-15,29.549999237060547,30.479999542236328,29.3799991607666,30.389999389648438,18.211795806884766,5339700,KLAC
2010-06-16,30.25,30.559999465942383,29.790000915527344,30.260000228881836,18.133899688720703,5812000,KLAC
2010-06-17,30.3700008392334,30.479999542236328,29.579999923706055,30.399999618530273,18.217798233032227,3233300,KLAC
2010-06-18,30.43000030517578,30.850000381469727,30.280000686645508,30.799999237060547,18.457508087158203,4463500,KLAC
2010-06-21,31.170000076293945,32.29999923706055,31.15999984741211,31.549999237060547,18.906959533691406,7424400,KLAC
2010-06-22,31.6299991607666,32.0,30.6200008392334,30.780000686645508,18.445514678955078,4855200,KLAC
2010-06-23,30.84000015258789,31.360000610351562,30.31999969482422,30.90999984741211,18.523420333862305,2699500,KLAC
2010-06-24,30.770000457763672,30.81999969482422,29.670000076293945,29.790000915527344,17.852237701416016,3573500,KLAC
2010-06-25,29.780000686645508,30.299999237060547,29.1299991607666,29.8799991607666,17.906173706054688,5380900,KLAC
2010-06-28,29.93000030517578,30.399999618530273,29.440000534057617,30.010000228881836,17.984081268310547,3664800,KLAC
2010-06-29,29.3700008392334,29.3700008392334,28.09000015258789,28.270000457763672,16.941356658935547,7259900,KLAC
2010-06-30,28.299999237060547,28.639999389648438,27.790000915527344,27.8799991607666,16.707632064819336,3919400,KLAC
2010-07-01,27.790000915527344,27.989999771118164,26.690000534057617,27.15999984741211,16.276165008544922,8217500,KLAC
2010-07-02,27.31999969482422,27.489999771118164,26.729999542236328,27.209999084472656,16.306127548217773,3169800,KLAC
2010-07-06,27.770000457763672,27.989999771118164,27.020000457763672,27.299999237060547,16.360057830810547,3935300,KLAC
2010-07-07,27.18000030517578,28.690000534057617,27.18000030517578,28.65999984741211,17.175067901611328,3983000,KLAC
2010-07-08,28.899999618530273,29.0,27.90999984741211,28.700000762939453,17.199039459228516,5542200,KLAC
2010-07-09,29.360000610351562,30.049999237060547,29.170000076293945,29.799999237060547,17.858232498168945,5773200,KLAC
2010-07-12,29.81999969482422,30.25,29.290000915527344,29.510000228881836,17.6844425201416,4420500,KLAC
2010-07-13,30.06999969482422,31.56999969482422,29.899999618530273,31.270000457763672,18.739164352416992,7355400,KLAC
2010-07-14,31.360000610351562,31.989999771118164,30.219999313354492,30.540000915527344,18.301694869995117,8119500,KLAC
2010-07-15,30.729999542236328,30.75,30.059999465942383,30.520000457763672,18.289709091186523,6053600,KLAC
2010-07-16,30.579999923706055,30.6200008392334,29.209999084472656,29.229999542236328,17.516653060913086,5432300,KLAC
2010-07-19,29.469999313354492,30.09000015258789,29.389999389648438,30.040000915527344,18.002052307128906,3731000,KLAC
2010-07-20,29.440000534057617,30.5,28.940000534057617,30.459999084472656,18.25375747680664,4644100,KLAC
2010-07-21,30.6299991607666,30.770000457763672,29.690000534057617,29.709999084472656,17.80430030822754,5143100,KLAC
2010-07-22,30.110000610351562,31.079999923706055,29.979999542236328,30.829999923706055,18.475481033325195,4539300,KLAC
2010-07-23,30.709999084472656,31.260000228881836,30.309999465942383,31.190000534057617,18.691221237182617,3034400,KLAC
2010-07-26,31.149999618530273,31.8799991607666,30.610000610351562,31.829999923706055,19.074750900268555,3084300,KLAC
2010-07-27,32.0,32.18000030517578,31.229999542236328,31.56999969482422,18.9189453125,3578100,KLAC
2010-07-28,31.43000030517578,31.739999771118164,30.760000228881836,30.90999984741211,18.523420333862305,2446800,KLAC
2010-07-29,31.15999984741211,31.700000762939453,30.190000534057617,30.81999969482422,18.469486236572266,3960800,KLAC
2010-07-30,30.6200008392334,31.8700008392334,29.889999389648438,31.670000076293945,18.978872299194336,5247300,KLAC
2010-08-02,32.02000045776367,32.4900016784668,31.700000762939453,32.2599983215332,19.332435607910156,2790100,KLAC
2010-08-03,32.189998626708984,32.41999816894531,31.700000762939453,32.369998931884766,19.398357391357422,2713500,KLAC
2010-08-04,32.38999938964844,32.77000045776367,32.06999969482422,32.70000076293945,19.59611701965332,2779600,KLAC
2010-08-05,32.369998931884766,32.900001525878906,32.15999984741211,32.52000045776367,19.48824691772461,2300800,KLAC
2010-08-06,32.02000045776367,32.66999816894531,31.739999771118164,32.29999923706055,19.356409072875977,2880300,KLAC
2010-08-09,32.56999969482422,32.58000183105469,31.93000030517578,32.52000045776367,19.48824691772461,1944800,KLAC
2010-08-10,32.0,32.0,31.059999465942383,31.43000030517578,18.83504295349121,4580400,KLAC
2010-08-11,30.65999984741211,30.899999618530273,29.549999237060547,29.780000686645508,17.84625244140625,5042400,KLAC
2010-08-12,29.0,29.780000686645508,28.610000610351562,29.1200008392334,17.598468780517578,3787200,KLAC
2010-08-13,29.450000762939453,29.90999984741211,29.09000015258789,29.100000381469727,17.586380004882812,3126600,KLAC
2010-08-16,28.889999389648438,29.510000228881836,28.700000762939453,29.049999237060547,17.55615997314453,3042300,KLAC
2010-08-17,29.389999389648438,29.979999542236328,29.139999389648438,29.729999542236328,17.967117309570312,2437200,KLAC
2010-08-18,29.600000381469727,30.489999771118164,29.3700008392334,30.280000686645508,18.299509048461914,3535000,KLAC
2010-08-19,30.200000762939453,30.43000030517578,29.559999465942383,29.93000030517578,18.08798599243164,3227800,KLAC
2010-08-20,29.899999618530273,30.059999465942383,29.309999465942383,29.719999313354492,17.96108055114746,2468300,KLAC
2010-08-23,29.860000610351562,30.139999389648438,28.989999771118164,29.010000228881836,17.53199005126953,3081900,KLAC
2010-08-24,28.530000686645508,29.020000457763672,28.329999923706055,28.600000381469727,17.284210205078125,3703800,KLAC
2010-08-25,28.399999618530273,29.110000610351562,27.90999984741211,29.040000915527344,17.550121307373047,3592500,KLAC
2010-08-26,29.219999313354492,29.309999465942383,28.420000076293945,28.600000381469727,17.284210205078125,2563300,KLAC
2010-08-27,28.829999923706055,29.219999313354492,27.850000381469727,29.1299991607666,17.604509353637695,3793800,KLAC
2010-08-30,28.920000076293945,29.239999771118164,28.40999984741211,28.40999984741211,17.169382095336914,1888600,KLAC
2010-08-31,28.190000534057617,28.600000381469727,27.75,28.010000228881836,16.927644729614258,3687900,KLAC
2010-09-01,28.59000015258789,29.31999969482422,28.43000030517578,28.989999771118164,17.51990509033203,3183500,KLAC
2010-09-02,28.969999313354492,29.799999237060547,28.8799991607666,29.770000457763672,17.99129295349121,3144200,KLAC
2010-09-03,30.270000457763672,30.459999084472656,29.6200008392334,30.350000381469727,18.341808319091797,2186600,KLAC
2010-09-07,29.639999389648438,29.850000381469727,28.489999771118164,28.65999984741211,17.320472717285156,4148700,KLAC
2010-09-08,28.84000015258789,29.100000381469727,28.270000457763672,28.760000228881836,17.38089942932129,3455000,KLAC
2010-09-09,29.190000534057617,29.229999542236328,28.59000015258789,28.90999984741211,17.47154998779297,2763500,KLAC
2010-09-10,29.020000457763672,29.079999923706055,27.940000534057617,28.43000030517578,17.181467056274414,2918800,KLAC
2010-09-13,28.829999923706055,29.5,28.829999923706055,29.290000915527344,17.701208114624023,2426400,KLAC
2010-09-14,29.139999389648438,30.170000076293945,28.899999618530273,29.809999465942383,18.015466690063477,2444400,KLAC
2010-09-15,29.59000015258789,30.09000015258789,29.34000015258789,30.010000228881836,18.136335372924805,1628200,KLAC
2010-09-16,29.81999969482422,31.209999084472656,29.81999969482422,31.079999923706055,18.782983779907227,7658300,KLAC
2010-09-17,31.190000534057617,31.350000381469727,30.770000457763672,31.049999237060547,18.764846801757812,4184800,KLAC
2010-09-20,31.139999389648438,31.6200008392334,30.829999923706055,31.549999237060547,19.067018508911133,3607700,KLAC
2010-09-21,31.489999771118164,32.33000183105469,31.31999969482422,32.290000915527344,19.514236450195312,5989400,KLAC
2010-09-22,32.02000045776367,32.459999084472656,31.600000381469727,32.0099983215332,19.345020294189453,5305300,KLAC
2010-09-23,31.6299991607666,33.380001068115234,31.440000534057617,32.810001373291016,19.828495025634766,5512800,KLAC
2010-09-24,33.09000015258789,33.689998626708984,33.040000915527344,33.45000076293945,20.215269088745117,5274100,KLAC
2010-09-27,33.43000030517578,34.060001373291016,33.20000076293945,33.810001373291016,20.43283462524414,2845300,KLAC
2010-09-28,34.04999923706055,34.9900016784668,33.599998474121094,34.900001525878906,21.091575622558594,4594600,KLAC
2010-09-29,34.779998779296875,35.31999969482422,34.65999984741211,35.119998931884766,21.224519729614258,4376700,KLAC
2010-09-30,35.279998779296875,35.70000076293945,34.68000030517578,35.22999954223633,21.29100227355957,4902800,KLAC
2010-10-01,35.459999084472656,35.7400016784668,34.66999816894531,35.0099983215332,21.158050537109375,3800100,KLAC
2010-10-04,34.849998474121094,35.0,34.0,34.2400016784668,20.692699432373047,4113400,KLAC
2010-10-05,34.68000030517578,35.27000045776367,34.58000183105469,35.15999984741211,21.248699188232422,3729400,KLAC
2010-10-06,35.15999984741211,35.18000030517578,34.22999954223633,34.70000076293945,20.9707088470459,3576800,KLAC
2010-10-07,34.79999923706055,35.18000030517578,34.31999969482422,35.0,21.152006149291992,2709000,KLAC
2010-10-08,34.099998474121094,34.54999923706055,33.0099983215332,34.45000076293945,20.819618225097656,6376900,KLAC
2010-10-11,34.40999984741211,35.130001068115234,34.20000076293945,34.52000045776367,20.86191749572754,2758300,KLAC
2010-10-12,34.29999923706055,34.90999984741211,34.150001525878906,34.689998626708984,20.964658737182617,3945500,KLAC
2010-10-13,34.849998474121094,35.150001525878906,34.560001373291016,34.959999084472656,21.127830505371094,2621200,KLAC
2010-10-14,34.810001373291016,35.290000915527344,34.66999816894531,34.959999084472656,21.127830505371094,2248600,KLAC
2010-10-15,35.2400016784668,35.709999084472656,34.70000076293945,35.66999816894531,21.556913375854492,3900700,KLAC
2010-10-18,35.72999954223633,35.75,35.13999938964844,35.650001525878906,21.54482650756836,2304100,KLAC
2010-10-19,35.20000076293945,36.209999084472656,34.810001373291016,35.15999984741211,21.248699188232422,3790300,KLAC
2010-10-20,35.31999969482422,35.79999923706055,35.02000045776367,35.59000015258789,21.508562088012695,2368000,KLAC
2010-10-21,35.7400016784668,36.08000183105469,35.52000045776367,35.900001525878906,21.69591522216797,3301200,KLAC
2010-10-22,36.0,36.20000076293945,35.7400016784668,35.9900016784668,21.750303268432617,3563300,KLAC
2010-10-25,36.220001220703125,37.060001373291016,36.15999984741211,36.810001373291016,22.24587059020996,3094600,KLAC
2010-10-26,36.630001068115234,36.68000030517578,35.779998779296875,35.9900016784668,21.750303268432617,3504800,KLAC
2010-10-27,35.689998626708984,36.58000183105469,35.560001373291016,36.560001373291016,22.09477996826172,3198900,KLAC
2010-10-28,35.779998779296875,36.189998626708984,35.40999984741211,35.47999954223633,21.44209098815918,6284500,KLAC
2010-10-29,35.439998626708984,35.86000061035156,35.119998931884766,35.720001220703125,21.587133407592773,4311400,KLAC
2010-11-01,35.77000045776367,35.9900016784668,35.27000045776367,35.560001373291016,21.490442276000977,3417300,KLAC
2010-11-02,35.7599983215332,35.90999984741211,35.150001525878906,35.86000061035156,21.671743392944336,2867600,KLAC
2010-11-03,35.720001220703125,36.11000061035156,35.52000045776367,36.08000183105469,21.804698944091797,2691200,KLAC
2010-11-04,36.65999984741211,37.810001373291016,36.470001220703125,37.810001373291016,22.850210189819336,3004300,KLAC
2010-11-05,37.810001373291016,38.13999938964844,37.369998931884766,37.56999969482422,22.705169677734375,2130000,KLAC
2010-11-08,37.31999969482422,38.189998626708984,37.25,37.91999816894531,22.916685104370117,1843900,KLAC
2010-11-09,37.959999084472656,38.130001068115234,37.22999954223633,37.41999816894531,22.61450958251953,2196000,KLAC
2010-11-10,37.290000915527344,37.540000915527344,36.650001525878906,37.380001068115234,22.74228286743164,2382800,KLAC
2010-11-11,36.189998626708984,37.06999969482422,36.04999923706055,36.959999084472656,22.48674774169922,1652500,KLAC
2010-11-12,36.529998779296875,37.27000045776367,36.119998931884766,36.68000030517578,22.31639289855957,2087300,KLAC
2010-11-15,36.86000061035156,37.20000076293945,36.630001068115234,36.65999984741211,22.304229736328125,1803300,KLAC
2010-11-16,36.25,36.83000183105469,35.7400016784668,35.91999816894531,21.8540096282959,3363600,KLAC
2010-11-17,35.880001068115234,36.310001373291016,35.619998931884766,35.79999923706055,21.7810001373291,2434900,KLAC
2010-11-18,36.25,37.040000915527344,36.15999984741211,36.529998779296875,22.22513198852539,2042800,KLAC
2010-11-19,36.5099983215332,36.97999954223633,36.369998931884766,36.7400016784668,22.3528995513916,1890100,KLAC
2010-11-22,36.40999984741211,37.130001068115234,36.33000183105469,37.06999969482422,22.553672790527344,1695000,KLAC
2010-11-23,36.599998474121094,36.779998779296875,36.25,36.459999084472656,22.182544708251953,1806800,KLAC
2010-11-24,36.90999984741211,37.63999938964844,36.709999084472656,37.52000045776367,22.82745933532715,1122200,KLAC
2010-11-26,37.18000030517578,37.540000915527344,37.150001525878906,37.189998626708984,22.626684188842773,508400,KLAC
2010-11-29,36.97999954223633,37.349998474121094,36.70000076293945,37.27000045776367,22.675350189208984,1841800,KLAC
2010-11-30,36.77000045776367,36.90999984741211,36.5,36.66999816894531,22.310312271118164,2277900,KLAC
2010-12-01,37.290000915527344,38.540000915527344,37.27000045776367,38.400001525878906,23.36285972595215,2243100,KLAC
2010-12-02,38.58000183105469,39.61000061035156,38.4900016784668,39.459999084472656,24.007766723632812,3031900,KLAC
2010-12-03,39.40999984741211,40.209999084472656,39.31999969482422,40.15999984741211,24.433656692504883,2263200,KLAC
2010-12-06,40.0,40.029998779296875,39.529998779296875,39.810001373291016,24.220712661743164,1266200,KLAC
2010-12-07,40.380001068115234,40.439998626708984,39.619998931884766,39.65999984741211,24.12944221496582,1562200,KLAC
2010-12-08,39.7599983215332,40.040000915527344,39.59000015258789,40.029998779296875,24.35456657409668,1864300,KLAC
2010-12-09,40.13999938964844,40.290000915527344,39.7400016784668,39.81999969482422,24.226791381835938,2781500,KLAC
2010-12-10,39.95000076293945,39.95000076293945,39.400001525878906,39.47999954223633,24.019935607910156,2389500,KLAC
2010-12-13,39.75,39.79999923706055,38.90999984741211,38.970001220703125,23.709646224975586,2319000,KLAC
2010-12-14,39.060001373291016,39.47999954223633,38.970001220703125,39.20000076293945,23.849573135375977,1680000,KLAC
2010-12-15,39.09000015258789,39.529998779296875,38.790000915527344,39.22999954223633,23.867835998535156,2934600,KLAC
2010-12-16,39.27000045776367,39.689998626708984,39.130001068115234,39.68000030517578,24.141618728637695,1682500,KLAC
2010-12-17,39.63999938964844,40.029998779296875,39.63999938964844,39.83000183105469,24.232879638671875,2628400,KLAC
2010-12-20,40.0,40.0,39.380001068115234,39.630001068115234,24.11119842529297,1260900,KLAC
2010-12-21,39.790000915527344,39.869998931884766,39.58000183105469,39.630001068115234,24.11119842529297,886300,KLAC
2010-12-22,39.599998474121094,39.689998626708984,39.33000183105469,39.68000030517578,24.141618728637695,958000,KLAC
2010-12-23,39.54999923706055,39.709999084472656,39.41999816894531,39.58000183105469,24.080774307250977,634100,KLAC
2010-12-27,39.41999816894531,39.970001220703125,39.08000183105469,39.72999954223633,24.17203712463379,649100,KLAC
2010-12-28,39.720001220703125,39.84000015258789,39.150001525878906,39.630001068115234,24.11119842529297,703400,KLAC
2010-12-29,39.7400016784668,39.77000045776367,39.18000030517578,39.4900016784668,24.026020050048828,793000,KLAC
2010-12-30,39.5,39.5,39.02000045776367,39.20000076293945,23.849573135375977,919000,KLAC
2010-12-31,39.13999938964844,39.189998626708984,38.43000030517578,38.63999938964844,23.508872985839844,1541000,KLAC
2011-01-03,38.58000183105469,39.400001525878906,38.060001373291016,38.75,23.57579231262207,2017500,KLAC
2011-01-04,38.70000076293945,39.0,38.2599983215332,38.47999954223633,23.41153335571289,1712600,KLAC
2011-01-05,38.13999938964844,38.20000076293945,37.459999084472656,37.900001525878906,23.05865478515625,3168900,KLAC
2011-01-06,37.91999816894531,38.54999923706055,37.83000183105469,38.20000076293945,23.24117660522461,1725000,KLAC
2011-01-07,38.04999923706055,38.09000015258789,36.900001525878906,37.689998626708984,22.93088150024414,1972800,KLAC
2011-01-10,37.4900016784668,38.689998626708984,37.34000015258789,38.650001525878906,23.51495933532715,2372500,KLAC
2011-01-11,38.72999954223633,38.95000076293945,38.459999084472656,38.560001373291016,23.460203170776367,1694700,KLAC
2011-01-12,38.88999938964844,39.06999969482422,38.630001068115234,38.9900016784668,23.72181510925293,1519100,KLAC
2011-01-13,39.58000183105469,40.119998931884766,39.2599983215332,39.75,24.1842098236084,3507900,KLAC
2011-01-14,41.84000015258789,42.75,41.279998779296875,42.11000061035156,25.620046615600586,7352000,KLAC
2011-01-18,42.29999923706055,42.95000076293945,41.97999954223633,42.369998931884766,25.77823829650879,3104600,KLAC
2011-01-19,42.34000015258789,42.34000015258789,41.47999954223633,41.61000061035156,25.315847396850586,2266200,KLAC
2011-01-20,41.65999984741211,42.880001068115234,40.880001068115234,42.130001068115234,25.632219314575195,3222600,KLAC
2011-01-21,42.22999954223633,42.45000076293945,41.720001220703125,41.83000183105469,25.44969367980957,1861300,KLAC
2011-01-24,42.15999984741211,43.380001068115234,41.970001220703125,43.11000061035156,26.22846031188965,4527000,KLAC
2011-01-25,42.959999084472656,43.75,42.720001220703125,43.66999816894531,26.569154739379883,4498900,KLAC
2011-01-26,43.65999984741211,44.619998931884766,43.25,44.529998779296875,27.092395782470703,3799700,KLAC
2011-01-27,44.45000076293945,45.0,44.36000061035156,44.68000030517578,27.18365478515625,2624400,KLAC
2011-01-28,45.2599983215332,45.9900016784668,43.02000045776367,43.689998626708984,26.581335067749023,4161600,KLAC
2011-01-31,43.54999923706055,44.36000061035156,43.0099983215332,44.08000183105469,26.818613052368164,2804000,KLAC
2011-02-01,44.290000915527344,45.279998779296875,44.290000915527344,45.09000015258789,27.43310546875,2979600,KLAC
2011-02-02,44.72999954223633,45.43000030517578,44.630001068115234,45.15999984741211,27.475688934326172,2119200,KLAC
2011-02-03,44.97999954223633,45.15999984741211,44.2599983215332,44.88999938964844,27.311418533325195,1234400,KLAC
2011-02-04,44.900001525878906,45.93000030517578,44.709999084472656,45.630001068115234,27.76164436340332,1956500,KLAC
2011-02-07,45.65999984741211,46.47999954223633,45.61000061035156,46.15999984741211,28.08409881591797,3432200,KLAC
2011-02-08,46.099998474121094,46.20000076293945,45.369998931884766,46.20000076293945,28.108430862426758,2397700,KLAC
2011-02-09,46.04999923706055,46.22999954223633,45.61000061035156,46.18000030517578,28.096275329589844,2187800,KLAC
2011-02-10,45.7599983215332,46.25,45.09000015258789,46.16999816894531,28.090173721313477,2932400,KLAC
2011-02-11,46.06999969482422,46.959999084472656,45.939998626708984,46.93000030517578,28.552576065063477,2614600,KLAC
2011-02-14,47.130001068115234,48.43000030517578,47.060001373291016,48.18000030517578,29.31308937072754,2833100,KLAC
2011-02-15,48.0,48.38999938964844,47.75,48.2400016784668,29.34959602355957,2472900,KLAC
2011-02-16,48.779998779296875,48.95000076293945,48.33000183105469,48.81999969482422,29.702470779418945,2266500,KLAC
2011-02-17,48.68000030517578,49.79999923706055,48.5,49.529998779296875,30.289548873901367,3010200,KLAC
2011-02-18,49.72999954223633,49.97999954223633,49.040000915527344,49.88999938964844,30.50969123840332,2650300,KLAC
2011-02-22,49.0,49.099998474121094,47.38999938964844,47.56999969482422,29.09093475341797,2397200,KLAC
2011-02-23,47.369998931884766,47.939998626708984,46.369998931884766,47.11000061035156,28.809616088867188,2168200,KLAC
2011-02-24,47.18000030517578,48.0,46.79999923706055,47.779998779296875,29.219350814819336,1531100,KLAC
2011-02-25,48.04999923706055,49.040000915527344,47.779998779296875,48.959999084472656,29.940969467163086,1991700,KLAC
2011-02-28,49.099998474121094,49.470001220703125,48.060001373291016,48.81999969482422,29.855348587036133,1983300,KLAC
2011-03-01,49.0,49.2599983215332,47.810001373291016,47.95000076293945,29.323312759399414,2614700,KLAC
2011-03-02,47.97999954223633,49.93000030517578,47.91999816894531,49.68000030517578,30.38127899169922,3001900,KLAC
2011-03-03,50.209999084472656,51.83000183105469,49.959999084472656,51.150001525878906,31.280241012573242,4605200,KLAC
2011-03-04,50.939998626708984,51.349998474121094,50.349998474121094,51.209999084472656,31.316925048828125,2345800,KLAC
2011-03-07,51.25,51.29999923706055,48.369998931884766,49.25,30.118314743041992,3821100,KLAC
2011-03-08,49.31999969482422,50.34000015258789,48.52000045776367,49.790000915527344,30.448549270629883,2043500,KLAC
2011-03-09,49.54999923706055,49.599998474121094,47.27000045776367,47.5,29.048128128051758,2818900,KLAC
2011-03-10,46.68000030517578,46.7400016784668,45.36000061035156,45.77000045776367,27.990154266357422,4146400,KLAC
2011-03-11,45.459999084472656,46.47999954223633,45.209999084472656,46.130001068115234,28.210317611694336,1768900,KLAC
2011-03-14,45.599998474121094,46.130001068115234,45.20000076293945,45.849998474121094,28.039081573486328,1465500,KLAC
2011-03-15,44.720001220703125,46.0,44.040000915527344,45.58000183105469,27.873964309692383,3141400,KLAC
2011-03-16,45.290000915527344,46.0,44.11000061035156,44.38999938964844,27.146238327026367,2690600,KLAC
2011-03-17,45.290000915527344,46.209999084472656,44.90999984741211,45.150001525878906,27.611011505126953,2534200,KLAC
2011-03-18,45.56999969482422,45.75,44.52000045776367,44.779998779296875,27.38473129272461,2964500,KLAC
2011-03-21,45.470001220703125,46.380001068115234,45.380001068115234,45.959999084472656,28.106346130371094,1903600,KLAC
2011-03-22,46.0099983215332,46.0099983215332,45.150001525878906,45.560001373291016,27.86173439025879,1497200,KLAC
2011-03-23,45.349998474121094,46.29999923706055,44.95000076293945,46.119998931884766,28.204195022583008,2092500,KLAC
2011-03-24,46.58000183105469,47.470001220703125,46.0099983215332,47.189998626708984,28.858535766601562,2265000,KLAC
2011-03-25,47.400001525878906,47.81999969482422,46.84000015258789,46.86000061035156,28.65673065185547,2009500,KLAC
2011-03-28,47.09000015258789,47.779998779296875,46.7599983215332,47.29999923706055,28.925811767578125,1424400,KLAC
2011-03-29,47.09000015258789,47.709999084472656,46.63999938964844,47.540000915527344,29.072580337524414,1604300,KLAC
2011-03-30,47.90999984741211,48.09000015258789,47.130001068115234,47.619998931884766,29.121503829956055,1840600,KLAC
2011-03-31,47.63999938964844,47.810001373291016,46.66999816894531,47.31999969482422,28.938039779663086,2154100,KLAC
2011-04-01,47.380001068115234,47.7599983215332,46.56999969482422,46.79999923706055,28.62004852294922,2597500,KLAC
2011-04-04,47.119998931884766,47.18000030517578,46.04999923706055,46.43000030517578,28.393762588500977,1873200,KLAC
2011-04-05,46.66999816894531,47.060001373291016,45.970001220703125,46.15999984741211,28.228660583496094,2531600,KLAC
2011-04-06,46.369998931884766,46.61000061035156,45.47999954223633,46.16999816894531,28.234766006469727,2133100,KLAC
2011-04-07,45.79999923706055,45.88999938964844,43.65999984741211,44.060001373291016,26.944421768188477,3952500,KLAC
2011-04-08,44.349998474121094,44.47999954223633,43.279998779296875,43.70000076293945,26.724266052246094,2045600,KLAC
2011-04-11,43.72999954223633,43.880001068115234,42.95000076293945,43.41999816894531,26.55303955078125,2408900,KLAC
2011-04-12,43.20000076293945,43.20000076293945,42.09000015258789,42.36000061035156,25.904802322387695,2265800,KLAC
2011-04-13,42.540000915527344,42.720001220703125,41.900001525878906,42.40999984741211,25.935392379760742,3178300,KLAC
2011-04-14,41.9900016784668,42.65999984741211,41.599998474121094,42.47999954223633,25.97818946838379,2303200,KLAC
2011-04-15,42.54999923706055,42.9900016784668,41.95000076293945,42.79999923706055,26.17388153076172,2188900,KLAC
2011-04-18,42.11000061035156,42.40999984741211,41.380001068115234,41.58000183105469,25.42780876159668,2711900,KLAC
2011-04-19,41.54999923706055,42.099998474121094,41.459999084472656,41.779998779296875,25.55011558532715,2002200,KLAC
2011-04-20,44.040000915527344,44.68000030517578,43.810001373291016,44.630001068115234,27.29300308227539,3316800,KLAC
2011-04-21,44.209999084472656,44.34000015258789,42.43000030517578,42.599998474121094,26.051565170288086,3830700,KLAC
2011-04-25,42.59000015258789,43.029998779296875,42.27000045776367,42.65999984741211,26.08826446533203,1857500,KLAC
2011-04-26,42.59000015258789,43.97999954223633,42.56999969482422,43.95000076293945,26.877151489257812,2300000,KLAC
2011-04-27,44.11000061035156,44.459999084472656,43.709999084472656,44.06999969482422,26.950538635253906,1678800,KLAC
2011-04-28,43.689998626708984,43.77000045776367,42.34000015258789,43.36000061035156,26.51634407043457,3200000,KLAC
2011-04-29,43.52000045776367,44.939998626708984,43.29999923706055,43.900001525878906,26.846586227416992,5625000,KLAC
2011-05-02,44.060001373291016,44.310001373291016,43.25,43.68000030517578,26.71204376220703,3060200,KLAC
2011-05-03,43.72999954223633,44.060001373291016,42.65999984741211,43.04999923706055,26.326765060424805,2300000,KLAC
2011-05-04,44.18000030517578,44.790000915527344,42.540000915527344,43.83000183105469,26.803770065307617,3272300,KLAC
2011-05-05,43.470001220703125,45.5099983215332,43.060001373291016,44.52000045776367,27.225725173950195,3600000,KLAC
2011-05-06,45.18000030517578,46.18000030517578,44.720001220703125,44.959999084472656,27.494794845581055,2784400,KLAC
2011-05-09,45.0,45.25,44.5099983215332,45.0099983215332,27.525381088256836,1594200,KLAC
2011-05-10,45.220001220703125,45.41999816894531,44.709999084472656,45.0099983215332,27.525381088256836,1549300,KLAC
2011-05-11,44.630001068115234,44.97999954223633,43.849998474121094,44.29999923706055,27.0911922454834,2300000,KLAC
2011-05-12,43.959999084472656,45.130001068115234,43.56999969482422,44.88999938964844,27.60780143737793,2627400,KLAC
2011-05-13,44.849998474121094,45.060001373291016,44.22999954223633,44.43000030517578,27.32489585876465,2111800,KLAC
2011-05-16,44.31999969482422,44.869998931884766,43.349998474121094,43.47999954223633,26.740636825561523,2039600,KLAC
2011-05-17,43.33000183105469,43.349998474121094,41.66999816894531,42.59000015258789,26.193275451660156,2972300,KLAC
2011-05-18,42.630001068115234,43.09000015258789,42.41999816894531,42.83000183105469,26.34088134765625,2267700,KLAC
2011-05-19,41.54999923706055,42.83000183105469,40.20000076293945,41.209999084472656,25.34456443786621,4365500,KLAC
2011-05-20,41.099998474121094,41.439998626708984,40.56999969482422,41.20000076293945,25.338409423828125,2492200,KLAC
2011-05-23,40.43000030517578,40.959999084472656,40.130001068115234,40.70000076293945,25.03091049194336,2708600,KLAC
2011-05-24,40.90999984741211,41.04999923706055,40.5,40.59000015258789,24.9632568359375,1478400,KLAC
2011-05-25,40.529998779296875,41.349998474121094,40.150001525878906,41.08000183105469,25.26461410522461,2371400,KLAC
2011-05-26,40.91999816894531,41.5099983215332,40.65999984741211,41.34000015258789,25.42451286315918,1930800,KLAC
2011-05-27,41.279998779296875,41.95000076293945,41.25,41.619998931884766,25.596715927124023,1371400,KLAC
2011-05-31,42.040000915527344,43.13999938964844,42.029998779296875,43.099998474121094,26.50693702697754,2655600,KLAC
2011-06-01,42.849998474121094,43.43000030517578,41.22999954223633,41.36000061035156,25.436819076538086,3899200,KLAC
2011-06-02,41.58000183105469,42.31999969482422,41.47999954223633,41.720001220703125,25.658226013183594,1542500,KLAC
2011-06-03,41.15999984741211,41.439998626708984,40.66999816894531,40.720001220703125,25.043210983276367,2000900,KLAC
2011-06-06,40.70000076293945,40.970001220703125,40.470001220703125,40.560001373291016,24.944812774658203,1384300,KLAC
2011-06-07,40.689998626708984,41.59000015258789,40.689998626708984,41.119998931884766,25.28921127319336,1974700,KLAC
2011-06-08,40.95000076293945,41.040000915527344,40.209999084472656,40.349998474121094,24.815656661987305,1622200,KLAC
2011-06-09,40.52000045776367,41.220001220703125,40.189998626708984,40.869998931884766,25.135461807250977,1853300,KLAC
2011-06-10,40.63999938964844,40.68000030517578,39.560001373291016,39.95000076293945,24.56964874267578,2230700,KLAC
2011-06-13,40.2400016784668,40.36000061035156,39.560001373291016,39.65999984741211,24.391300201416016,1458200,KLAC
2011-06-14,40.130001068115234,40.77000045776367,40.02000045776367,40.619998931884766,24.981706619262695,2027400,KLAC
2011-06-15,40.06999969482422,40.2400016784668,39.439998626708984,39.54999923706055,24.32364273071289,2182500,KLAC
2011-06-16,39.70000076293945,39.7400016784668,38.189998626708984,38.38999938964844,23.6102352142334,3061100,KLAC
2011-06-17,38.93000030517578,38.970001220703125,37.959999084472656,38.099998474121094,23.431882858276367,3097900,KLAC
2011-06-20,37.869998931884766,38.40999984741211,37.849998474121094,38.18000030517578,23.4810848236084,1843600,KLAC
2011-06-21,38.290000915527344,39.189998626708984,37.86000061035156,38.970001220703125,23.966941833496094,2161200,KLAC
2011-06-22,38.86000061035156,39.31999969482422,38.689998626708984,38.849998474121094,23.89314079284668,1371900,KLAC
2011-06-23,38.290000915527344,39.52000045776367,38.029998779296875,39.459999084472656,24.268293380737305,2435200,KLAC
2011-06-24,39.4900016784668,39.93000030517578,38.63999938964844,39.029998779296875,24.003841400146484,4669400,KLAC
2011-06-27,38.93000030517578,40.029998779296875,38.599998474121094,39.79999923706055,24.477401733398438,1847700,KLAC
2011-06-28,39.869998931884766,40.150001525878906,39.5,40.13999938964844,24.686506271362305,1257000,KLAC
2011-06-29,40.220001220703125,40.529998779296875,39.65999984741211,39.7400016784668,24.440502166748047,1634900,KLAC
2011-06-30,39.91999816894531,40.720001220703125,39.77000045776367,40.47999954223633,24.895610809326172,1729400,KLAC
2011-07-01,40.529998779296875,41.630001068115234,40.209999084472656,41.45000076293945,25.492168426513672,1739300,KLAC
2011-07-05,41.2400016784668,41.36000061035156,40.400001525878906,40.61000061035156,24.97555923461914,2493900,KLAC
2011-07-06,40.349998474121094,40.349998474121094,39.4900016784668,39.7400016784668,24.440502166748047,2383900,KLAC
2011-07-07,40.349998474121094,42.95000076293945,40.349998474121094,42.529998779296875,26.1563777923584,5837300,KLAC
2011-07-08,42.0099983215332,42.43000030517578,41.619998931884766,42.25,25.98417854309082,3107000,KLAC
2011-07-11,42.4900016784668,43.810001373291016,42.029998779296875,42.290000915527344,26.008773803710938,5193100,KLAC
2011-07-12,41.380001068115234,42.72999954223633,40.599998474121094,41.310001373291016,25.40606689453125,7990500,KLAC
2011-07-13,41.540000915527344,42.310001373291016,41.11000061035156,41.630001068115234,25.602872848510742,3600700,KLAC
2011-07-14,41.79999923706055,42.45000076293945,40.59000015258789,40.75,25.061656951904297,3148500,KLAC
2011-07-15,41.34000015258789,41.349998474121094,40.290000915527344,40.95000076293945,25.184659957885742,2453100,KLAC
2011-07-18,40.63999938964844,40.869998931884766,39.91999816894531,40.529998779296875,24.926359176635742,2174100,KLAC
2011-07-19,40.88999938964844,42.470001220703125,40.88999938964844,42.439998626708984,26.101022720336914,2998700,KLAC
2011-07-20,42.290000915527344,42.86000061035156,42.279998779296875,42.400001525878906,26.076427459716797,2977900,KLAC
2011-07-21,42.400001525878906,43.220001220703125,41.880001068115234,42.9900016784668,26.43929100036621,2455400,KLAC
2011-07-22,42.970001220703125,44.40999984741211,42.939998626708984,44.11000061035156,27.128089904785156,2122200,KLAC
2011-07-25,43.45000076293945,44.209999084472656,43.33000183105469,44.040000915527344,27.08504867553711,2396300,KLAC
2011-07-26,44.060001373291016,44.599998474121094,43.66999816894531,43.709999084472656,26.882083892822266,2117900,KLAC
2011-07-27,43.29999923706055,43.41999816894531,41.619998931884766,41.77000045776367,25.68897247314453,3083000,KLAC
2011-07-28,41.61000061035156,42.95000076293945,40.900001525878906,41.709999084472656,25.652070999145508,3418300,KLAC
2011-07-29,40.22999954223633,41.709999084472656,39.45000076293945,39.81999969482422,24.489700317382812,4533100,KLAC
2011-08-01,39.84000015258789,40.34000015258789,39.209999084472656,39.91999816894531,24.55120277404785,3509700,KLAC
2011-08-02,39.369998931884766,39.66999816894531,38.220001220703125,38.36000061035156,23.59178352355957,4409900,KLAC
2011-08-03,38.54999923706055,39.13999938964844,37.63999938964844,39.08000183105469,24.034595489501953,4215100,KLAC
2011-08-04,38.41999816894531,38.529998779296875,36.619998931884766,36.65999984741211,22.5462703704834,4502000,KLAC
2011-08-05,37.43000030517578,38.11000061035156,35.18000030517578,36.20000076293945,22.263362884521484,5492600,KLAC
2011-08-08,35.59000015258789,36.09000015258789,33.95000076293945,34.22999954223633,21.051794052124023,6950400,KLAC
2011-08-09,34.86000061035156,36.25,34.349998474121094,36.189998626708984,22.25721549987793,8725700,KLAC
2011-08-10,35.83000183105469,36.33000183105469,34.7400016784668,35.36000061035156,21.74675941467285,6325600,KLAC
2011-08-11,35.22999954223633,36.59000015258789,34.91999816894531,36.06999969482422,22.40518569946289,6281800,KLAC
2011-08-12,36.2400016784668,36.529998779296875,35.27000045776367,35.93000030517578,22.318225860595703,4181100,KLAC
2011-08-15,36.11000061035156,37.04999923706055,35.900001525878906,36.970001220703125,22.96422004699707,2186100,KLAC
2011-08-16,36.66999816894531,36.88999938964844,35.70000076293945,36.290000915527344,22.541839599609375,3049000,KLAC
2011-08-17,36.34000015258789,37.099998474121094,35.86000061035156,36.189998626708984,22.47972297668457,2556200,KLAC
2011-08-18,35.130001068115234,35.27000045776367,33.9900016784668,34.209999084472656,21.249828338623047,2885700,KLAC
2011-08-19,33.9900016784668,35.0,33.599998474121094,33.66999816894531,20.914396286010742,2240400,KLAC
2011-08-22,34.310001373291016,34.54999923706055,33.58000183105469,33.81999969482422,21.0075740814209,2580800,KLAC
2011-08-23,34.08000183105469,35.4900016784668,33.790000915527344,35.4900016784668,22.04491424560547,2224800,KLAC
2011-08-24,35.349998474121094,35.779998779296875,34.68000030517578,35.47999954223633,22.03870391845703,1857300,KLAC
2011-08-25,35.279998779296875,35.68000030517578,34.25,34.47999954223633,21.417537689208984,2978900,KLAC
2011-08-26,34.56999969482422,35.5,33.959999084472656,35.470001220703125,22.032489776611328,2492500,KLAC
2011-08-29,35.900001525878906,36.88999938964844,35.810001373291016,36.880001068115234,22.9083251953125,1640700,KLAC
2011-08-30,36.619998931884766,36.900001525878906,36.0,36.63999938964844,22.759241104125977,2077400,KLAC
2011-08-31,36.93000030517578,37.720001220703125,36.349998474121094,36.68000030517578,22.784093856811523,3560300,KLAC
2011-09-01,36.84000015258789,36.90999984741211,36.029998779296875,36.06999969482422,22.40518569946289,2819400,KLAC
2011-09-02,35.459999084472656,35.77000045776367,34.72999954223633,34.81999969482422,21.628742218017578,2386300,KLAC
2011-09-06,33.31999969482422,34.31999969482422,33.20000076293945,34.25,21.27467155456543,2915500,KLAC
2011-09-07,34.72999954223633,36.0099983215332,34.36000061035156,35.779998779296875,22.22504234313965,2368500,KLAC
2011-09-08,35.66999816894531,36.470001220703125,34.959999084472656,35.369998931884766,21.970375061035156,2855800,KLAC
2011-09-09,35.189998626708984,36.34000015258789,34.86000061035156,35.459999084472656,22.026277542114258,3454800,KLAC
2011-09-12,34.97999954223633,36.40999984741211,34.97999954223633,36.40999984741211,22.616378784179688,3561000,KLAC
2011-09-13,36.5,37.81999969482422,36.40999984741211,37.709999084472656,23.423887252807617,3867100,KLAC
2011-09-14,38.0,39.06999969482422,37.459999084472656,38.709999084472656,24.045045852661133,4715200,KLAC
2011-09-15,38.97999954223633,39.369998931884766,38.58000183105469,39.130001068115234,24.305932998657227,3031400,KLAC
2011-09-16,39.33000183105469,39.7599983215332,38.90999984741211,39.349998474121094,24.44257926940918,3017300,KLAC
2011-09-19,38.65999984741211,39.0099983215332,37.86000061035156,38.77000045776367,24.08230972290039,4172200,KLAC
2011-09-20,38.939998626708984,39.209999084472656,38.2400016784668,38.33000183105469,23.809003829956055,2658500,KLAC
2011-09-21,38.529998779296875,39.439998626708984,37.9900016784668,38.15999984741211,23.703405380249023,4200100,KLAC
2011-09-22,37.189998626708984,37.439998626708984,36.279998779296875,37.08000183105469,23.03255271911621,4114600,KLAC
2011-09-23,36.9900016784668,38.099998474121094,36.529998779296875,37.72999954223633,23.436304092407227,3594500,KLAC
2011-09-26,38.20000076293945,39.790000915527344,37.66999816894531,39.689998626708984,24.653776168823242,9021200,KLAC
2011-09-27,40.220001220703125,40.970001220703125,39.79999923706055,40.040000915527344,24.871185302734375,5399000,KLAC
2011-09-28,39.90999984741211,40.43000030517578,38.7400016784668,38.86000061035156,24.138216018676758,4291100,KLAC
2011-09-29,39.63999938964844,39.869998931884766,38.2599983215332,39.029998779296875,24.243810653686523,3775300,KLAC
2011-09-30,38.779998779296875,39.18000030517578,38.150001525878906,38.279998779296875,23.777942657470703,3178800,KLAC
2011-10-03,38.060001373291016,38.650001525878906,36.95000076293945,37.22999954223633,23.125730514526367,3834300,KLAC
2011-10-04,36.709999084472656,38.77000045776367,36.619998931884766,38.77000045776367,24.08230972290039,4498000,KLAC
2011-10-05,38.7599983215332,40.2400016784668,38.04999923706055,40.150001525878906,24.939510345458984,3539100,KLAC
2011-10-06,40.040000915527344,40.36000061035156,39.40999984741211,40.08000183105469,24.89603042602539,5592700,KLAC
2011-10-07,40.189998626708984,42.15999984741211,40.029998779296875,41.540000915527344,25.802913665771484,5502300,KLAC
2011-10-10,42.2599983215332,43.20000076293945,41.86000061035156,42.90999984741211,26.65390968322754,4488000,KLAC
2011-10-11,42.560001373291016,43.16999816894531,42.380001068115234,42.90999984741211,26.65390968322754,2801700,KLAC
2011-10-12,43.18000030517578,44.59000015258789,43.16999816894531,43.83000183105469,27.225370407104492,5026300,KLAC
2011-10-13,43.41999816894531,44.08000183105469,43.41999816894531,43.7599983215332,27.1818904876709,3777700,KLAC
2011-10-14,44.2599983215332,44.2599983215332,43.06999969482422,43.849998474121094,27.237796783447266,2952600,KLAC
2011-10-17,43.70000076293945,43.9900016784668,42.83000183105469,43.22999954223633,26.852676391601562,3348400,KLAC
2011-10-18,43.18000030517578,43.939998626708984,42.66999816894531,43.75,27.175678253173828,2988800,KLAC
2011-10-19,43.650001525878906,44.33000183105469,43.04999923706055,43.220001220703125,26.846467971801758,2786800,KLAC
2011-10-20,42.709999084472656,42.81999969482422,41.56999969482422,42.540000915527344,26.424076080322266,5071700,KLAC
2011-10-21,43.16999816894531,43.900001525878906,42.790000915527344,43.29999923706055,26.896154403686523,2469300,KLAC
2011-10-24,43.779998779296875,45.0,43.68000030517578,44.81999969482422,27.840322494506836,3203600,KLAC
2011-10-25,44.9900016784668,45.70000076293945,44.279998779296875,44.81999969482422,27.840322494506836,3018600,KLAC
2011-10-26,45.83000183105469,45.83000183105469,44.40999984741211,45.209999084472656,28.082578659057617,3351900,KLAC
2011-10-27,46.52000045776367,48.0,46.52000045776367,47.310001373291016,29.387008666992188,4468300,KLAC
2011-10-28,45.939998626708984,47.56999969482422,45.779998779296875,47.349998474121094,29.4118595123291,3163800,KLAC
2011-10-31,46.779998779296875,47.66999816894531,46.72999954223633,47.09000015258789,29.25034523010254,3433000,KLAC
2011-11-01,45.4900016784668,46.189998626708984,45.15999984741211,45.20000076293945,28.07636070251465,3506000,KLAC
2011-11-02,45.720001220703125,46.040000915527344,45.25,45.720001220703125,28.399372100830078,2591300,KLAC
2011-11-03,46.2400016784668,47.31999969482422,45.060001373291016,47.2599983215332,29.355932235717773,3039100,KLAC
2011-11-04,46.869998931884766,47.619998931884766,46.220001220703125,47.47999954223633,29.49260139465332,2510000,KLAC
2011-11-07,47.66999816894531,47.66999816894531,46.36000061035156,47.290000915527344,29.37458610534668,2763500,KLAC
2011-11-08,47.77000045776367,48.0,46.779998779296875,47.810001373291016,29.69759178161621,2522500,KLAC
2011-11-09,46.2599983215332,46.369998931884766,45.380001068115234,45.4900016784668,28.464876174926758,3723200,KLAC
2011-11-10,46.189998626708984,46.7400016784668,45.369998931884766,46.349998474121094,29.003013610839844,2685600,KLAC
2011-11-11,46.970001220703125,48.619998931884766,46.72999954223633,48.45000076293945,30.31706428527832,2934500,KLAC
2011-11-14,48.13999938964844,48.75,47.380001068115234,47.79999923706055,29.91033363342285,2510700,KLAC
2011-11-15,47.70000076293945,48.75,47.470001220703125,48.41999816894531,30.29828453063965,2234800,KLAC
2011-11-16,47.84000015258789,48.65999984741211,47.439998626708984,47.540000915527344,29.747644424438477,2230600,KLAC
2011-11-17,47.369998931884766,47.369998931884766,44.849998474121094,45.4900016784668,28.464876174926758,5061400,KLAC
2011-11-18,45.720001220703125,45.93000030517578,44.220001220703125,44.38999938964844,27.77656364440918,4090900,KLAC
2011-11-21,43.9900016784668,44.470001220703125,43.34000015258789,44.2599983215332,27.695220947265625,3701600,KLAC
2011-11-22,44.18000030517578,44.47999954223633,43.209999084472656,43.310001373291016,27.100765228271484,2501300,KLAC
2011-11-23,42.9900016784668,43.16999816894531,42.29999923706055,42.5099983215332,26.600173950195312,2370400,KLAC
2011-11-25,42.54999923706055,43.220001220703125,42.08000183105469,42.08000183105469,26.33110237121582,1020500,KLAC
2011-11-28,43.369998931884766,43.7599983215332,43.130001068115234,43.52000045776367,27.232162475585938,2254500,KLAC
2011-11-29,43.45000076293945,43.63999938964844,42.77000045776367,43.29999923706055,27.09450340270996,3324400,KLAC
2011-11-30,44.810001373291016,46.25,44.18000030517578,46.099998474121094,28.846576690673828,3737900,KLAC
2011-12-01,46.09000015258789,47.349998474121094,45.61000061035156,47.22999954223633,29.553672790527344,3000600,KLAC
2011-12-02,47.66999816894531,48.06999969482422,46.91999816894531,46.95000076293945,29.378456115722656,3170600,KLAC
2011-12-05,47.959999084472656,48.709999084472656,47.290000915527344,48.689998626708984,30.46723175048828,3926500,KLAC
2011-12-06,48.470001220703125,49.38999938964844,48.459999084472656,49.150001525878906,30.755077362060547,3504200,KLAC
2011-12-07,49.13999938964844,49.22999954223633,48.220001220703125,49.04999923706055,30.6925048828125,3111200,KLAC
2011-12-08,48.65999984741211,49.310001373291016,47.95000076293945,48.04999923706055,30.066761016845703,2845800,KLAC
2011-12-09,47.83000183105469,49.2599983215332,47.34000015258789,49.0,30.66122817993164,2418200,KLAC
2011-12-12,48.22999954223633,48.4900016784668,46.959999084472656,47.59000015258789,29.778928756713867,3051800,KLAC
2011-12-13,47.91999816894531,48.2400016784668,46.560001373291016,46.83000183105469,29.303367614746094,2550900,KLAC
2011-12-14,46.75,46.9900016784668,45.880001068115234,46.220001220703125,28.921672821044922,2667500,KLAC
2011-12-15,47.83000183105469,47.83000183105469,45.779998779296875,45.959999084472656,28.758983612060547,3274400,KLAC
2011-12-16,46.349998474121094,46.709999084472656,45.66999816894531,46.040000915527344,28.809024810791016,4176800,KLAC
2011-12-19,46.04999923706055,46.560001373291016,45.060001373291016,45.189998626708984,28.277151107788086,3333800,KLAC
2011-12-20,46.119998931884766,47.900001525878906,46.119998931884766,47.810001373291016,29.916601181030273,3847500,KLAC
2011-12-21,47.58000183105469,47.810001373291016,46.22999954223633,46.90999984741211,29.353431701660156,2731300,KLAC
2011-12-22,47.040000915527344,48.279998779296875,46.81999969482422,48.13999938964844,30.123083114624023,2135000,KLAC
2011-12-23,48.290000915527344,48.63999938964844,47.66999816894531,48.5099983215332,30.3546142578125,820200,KLAC
2011-12-27,48.38999938964844,49.25,48.36000061035156,48.84000015258789,30.56110382080078,1279500,KLAC
2011-12-28,48.869998931884766,49.150001525878906,48.29999923706055,48.369998931884766,30.267004013061523,1325200,KLAC
2011-12-29,48.5,48.849998474121094,48.279998779296875,48.779998779296875,30.523563385009766,1043500,KLAC
2011-12-30,48.720001220703125,49.08000183105469,48.22999954223633,48.25,30.19190788269043,1046600,KLAC
2012-01-03,48.720001220703125,49.290000915527344,47.38999938964844,47.459999084472656,29.69757652282715,3310800,KLAC
2012-01-04,47.380001068115234,47.63999938964844,46.880001068115234,46.90999984741211,29.353431701660156,3049000,KLAC
2012-01-05,46.849998474121094,47.56999969482422,46.75,47.52000045776367,29.735124588012695,3034400,KLAC
2012-01-06,47.4900016784668,48.20000076293945,47.16999816894531,47.72999954223633,29.86652946472168,2765600,KLAC
2012-01-09,47.97999954223633,48.68000030517578,47.810001373291016,48.18000030517578,30.14812660217285,2976800,KLAC
2012-01-10,48.72999954223633,49.27000045776367,48.43000030517578,48.56999969482422,30.392152786254883,2331600,KLAC
2012-01-11,48.4900016784668,49.75,48.439998626708984,49.31999969482422,30.86145782470703,2718100,KLAC
2012-01-12,49.38999938964844,49.529998779296875,48.72999954223633,48.79999923706055,30.53607749938965,2937300,KLAC
2012-01-13,48.54999923706055,48.779998779296875,47.689998626708984,47.900001525878906,29.972904205322266,2309900,KLAC
2012-01-17,48.4900016784668,49.0,48.41999816894531,48.529998779296875,30.36712646484375,2698000,KLAC
2012-01-18,48.91999816894531,50.279998779296875,48.70000076293945,50.02000045776367,31.29947280883789,4924800,KLAC
2012-01-19,50.02000045776367,51.45000076293945,50.02000045776367,51.029998779296875,31.931476593017578,4331500,KLAC
2012-01-20,51.790000915527344,52.0,50.81999969482422,51.5,32.2255744934082,4628000,KLAC
2012-01-23,51.310001373291016,51.5,50.54999923706055,50.56999969482422,31.64362907409668,2917400,KLAC
2012-01-24,50.77000045776367,51.33000183105469,50.310001373291016,51.2599983215332,32.075382232666016,3203600,KLAC
2012-01-25,50.97999954223633,51.5,50.529998779296875,51.2400016784668,32.062870025634766,2683700,KLAC
2012-01-26,51.2599983215332,52.11000061035156,50.029998779296875,50.2599983215332,31.449657440185547,3878300,KLAC
2012-01-27,51.45000076293945,53.04999923706055,50.90999984741211,52.33000183105469,32.74494171142578,6841800,KLAC
2012-01-30,51.5099983215332,51.95000076293945,50.880001068115234,51.06999969482422,31.956501007080078,4263100,KLAC
2012-01-31,51.75,51.779998779296875,50.5,51.11000061035156,31.981534957885742,3991700,KLAC
2012-02-01,51.810001373291016,52.150001525878906,51.209999084472656,51.70000076293945,32.350711822509766,2548100,KLAC
2012-02-02,51.810001373291016,51.9900016784668,51.470001220703125,51.529998779296875,32.244346618652344,1869900,KLAC
2012-02-03,52.119998931884766,52.290000915527344,51.720001220703125,51.97999954223633,32.52592086791992,2695500,KLAC
2012-02-06,51.650001525878906,51.689998626708984,50.779998779296875,50.83000183105469,31.80632209777832,2623000,KLAC
2012-02-07,50.65999984741211,51.189998626708984,50.38999938964844,51.099998474121094,31.97527503967285,2887500,KLAC
2012-02-08,50.959999084472656,51.720001220703125,50.939998626708984,51.31999969482422,32.11293411254883,1979400,KLAC
2012-02-09,51.5,51.5,50.54999923706055,50.77000045776367,31.768779754638672,1943300,KLAC
2012-02-10,50.130001068115234,50.349998474121094,49.209999084472656,49.40999984741211,30.917781829833984,2910700,KLAC
2012-02-13,49.7599983215332,50.099998474121094,48.439998626708984,49.119998931884766,30.736310958862305,3265700,KLAC
2012-02-14,49.09000015258789,49.630001068115234,48.90999984741211,49.599998474121094,31.036659240722656,2035700,KLAC
2012-02-15,49.81999969482422,50.380001068115234,49.2599983215332,49.33000183105469,30.867713928222656,2371700,KLAC
2012-02-16,49.13999938964844,50.84000015258789,49.029998779296875,50.68000030517578,31.939077377319336,2691200,KLAC
2012-02-17,51.0,51.130001068115234,49.90999984741211,50.16999816894531,31.617673873901367,2273900,KLAC
2012-02-21,48.959999084472656,49.279998779296875,48.029998779296875,48.209999084472656,30.382457733154297,3832000,KLAC
2012-02-22,48.119998931884766,48.4900016784668,47.97999954223633,48.29999923706055,30.439163208007812,2945500,KLAC
2012-02-23,48.439998626708984,48.75,47.959999084472656,48.54999923706055,30.59673309326172,2177400,KLAC
2012-02-24,48.630001068115234,48.97999954223633,47.63999938964844,47.75,30.092567443847656,2469100,KLAC
2012-02-27,47.66999816894531,48.75,47.290000915527344,48.25,30.407655715942383,2129000,KLAC
2012-02-28,48.34000015258789,49.29999923706055,48.13999938964844,49.060001373291016,30.91813087463379,1983200,KLAC
2012-02-29,49.09000015258789,49.29999923706055,48.22999954223633,48.38999938964844,30.495893478393555,2748600,KLAC
2012-03-01,48.529998779296875,48.869998931884766,47.88999938964844,48.08000183105469,30.300533294677734,2343400,KLAC
2012-03-02,47.95000076293945,48.27000045776367,47.63999938964844,47.75,30.092567443847656,1925900,KLAC
2012-03-05,47.630001068115234,47.70000076293945,46.58000183105469,47.0,29.619895935058594,2949800,KLAC
2012-03-06,46.790000915527344,47.47999954223633,46.65999984741211,47.33000183105469,29.82786750793457,3634500,KLAC
2012-03-07,47.529998779296875,47.810001373291016,47.189998626708984,47.630001068115234,30.016931533813477,2430900,KLAC
2012-03-08,47.900001525878906,48.029998779296875,47.529998779296875,47.95000076293945,30.218597412109375,2831900,KLAC
2012-03-09,48.11000061035156,49.54999923706055,48.099998474121094,49.459999084472656,31.17022132873535,3807600,KLAC
2012-03-12,49.290000915527344,49.959999084472656,48.939998626708984,49.81999969482422,31.397090911865234,2896100,KLAC
2012-03-13,50.0,50.63999938964844,49.720001220703125,50.58000183105469,31.876052856445312,3488500,KLAC
2012-03-14,50.52000045776367,51.43000030517578,50.5,50.650001525878906,31.920156478881836,2433000,KLAC
2012-03-15,50.79999923706055,52.08000183105469,50.779998779296875,51.880001068115234,32.69532012939453,3439500,KLAC
2012-03-16,51.790000915527344,52.04999923706055,51.220001220703125,51.9900016784668,32.76465606689453,2253100,KLAC
2012-03-19,51.93000030517578,52.560001373291016,51.7400016784668,52.36000061035156,32.997825622558594,2116200,KLAC
2012-03-20,52.040000915527344,52.810001373291016,51.84000015258789,52.689998626708984,33.20580291748047,2780500,KLAC
2012-03-21,52.81999969482422,52.93000030517578,52.36000061035156,52.68000030517578,33.19949722290039,2652100,KLAC
2012-03-22,52.380001068115234,52.7400016784668,52.060001373291016,52.279998779296875,32.947410583496094,2630900,KLAC
2012-03-23,52.40999984741211,52.91999816894531,52.029998779296875,52.880001068115234,33.325538635253906,1738500,KLAC
2012-03-26,53.0,54.11000061035156,52.9900016784668,54.08000183105469,34.08177947998047,2431000,KLAC
2012-03-27,54.130001068115234,55.029998779296875,53.84000015258789,54.439998626708984,34.30867385864258,3382900,KLAC
2012-03-28,54.95000076293945,55.150001525878906,53.54999923706055,54.04999923706055,34.06288528442383,2288300,KLAC
2012-03-29,53.630001068115234,54.189998626708984,53.2599983215332,54.099998474121094,34.09437561035156,2050400,KLAC
2012-03-30,54.349998474121094,54.81999969482422,53.90999984741211,54.41999816894531,34.296058654785156,1518400,KLAC
2012-04-02,54.209999084472656,54.95000076293945,53.90999984741211,54.66999816894531,34.453609466552734,1480300,KLAC
2012-04-03,54.56999969482422,54.790000915527344,53.72999954223633,53.95000076293945,33.9998779296875,1981400,KLAC
2012-04-04,53.650001525878906,53.869998931884766,52.79999923706055,53.13999938964844,33.48939514160156,2350900,KLAC
2012-04-05,52.90999984741211,53.7400016784668,52.849998474121094,53.65999984741211,33.81709671020508,1246300,KLAC
2012-04-09,53.040000915527344,53.4900016784668,52.61000061035156,53.279998779296875,33.57761764526367,1604700,KLAC
2012-04-10,53.2400016784668,53.43000030517578,51.86000061035156,52.060001373291016,32.80876159667969,2270900,KLAC
2012-04-11,52.540000915527344,53.560001373291016,52.43000030517578,53.20000076293945,33.5272102355957,2599800,KLAC
2012-04-12,53.5,54.189998626708984,52.66999816894531,53.72999954223633,33.861202239990234,1921800,KLAC
2012-04-13,53.720001220703125,53.75,52.720001220703125,52.720001220703125,33.224708557128906,1677800,KLAC
2012-04-16,52.90999984741211,53.130001068115234,52.13999938964844,52.68000030517578,33.19949722290039,1496300,KLAC
2012-04-17,52.97999954223633,53.95000076293945,52.84000015258789,53.47999954223633,33.70366287231445,1524200,KLAC
2012-04-18,53.189998626708984,53.630001068115234,52.40999984741211,53.4900016784668,33.709964752197266,2199400,KLAC
2012-04-19,53.4900016784668,54.5099983215332,52.93000030517578,53.369998931884766,33.634342193603516,1720100,KLAC
2012-04-20,53.5,53.599998474121094,52.47999954223633,52.630001068115234,33.16799545288086,1853100,KLAC
2012-04-23,52.290000915527344,52.29999923706055,51.310001373291016,51.88999938964844,32.70162582397461,1474900,KLAC
2012-04-24,51.9900016784668,52.290000915527344,51.2400016784668,51.630001068115234,32.53777313232422,1654400,KLAC
2012-04-25,52.400001525878906,53.220001220703125,52.27000045776367,53.20000076293945,33.5272102355957,1654600,KLAC
2012-04-26,53.41999816894531,55.43000030517578,53.41999816894531,55.11000061035156,34.73091506958008,5189500,KLAC
2012-04-27,52.880001068115234,53.0,51.279998779296875,52.290000915527344,32.953704833984375,4668600,KLAC
2012-04-30,52.27000045776367,52.369998931884766,51.83000183105469,52.130001068115234,32.85287857055664,1945700,KLAC
2012-05-01,52.209999084472656,52.849998474121094,51.849998474121094,52.22999954223633,32.91590118408203,1628200,KLAC
2012-05-02,51.849998474121094,52.06999969482422,51.33000183105469,51.86000061035156,32.682716369628906,2017300,KLAC
2012-05-03,51.88999938964844,51.88999938964844,50.59000015258789,50.81999969482422,32.02729415893555,2395700,KLAC
2012-05-04,50.459999084472656,50.619998931884766,49.61000061035156,49.86000061035156,31.42230224609375,2114000,KLAC
2012-05-07,49.529998779296875,49.90999984741211,49.400001525878906,49.72999954223633,31.340375900268555,1871600,KLAC
2012-05-08,49.29999923706055,50.130001068115234,48.81999969482422,49.900001525878906,31.447511672973633,2995000,KLAC
2012-05-09,49.130001068115234,50.369998931884766,48.93000030517578,50.029998779296875,31.529443740844727,2596600,KLAC
2012-05-10,50.06999969482422,50.380001068115234,49.54999923706055,50.0,31.73252296447754,3107800,KLAC
2012-05-11,49.939998626708984,50.54999923706055,49.88999938964844,50.029998779296875,31.751564025878906,3850900,KLAC
2012-05-14,49.47999954223633,50.13999938964844,49.150001525878906,49.97999954223633,31.719837188720703,1921300,KLAC
2012-05-15,49.900001525878906,50.290000915527344,49.5,49.63999938964844,31.504043579101562,2062100,KLAC
2012-05-16,48.83000183105469,48.90999984741211,47.08000183105469,47.11000061035156,29.898387908935547,4243900,KLAC
2012-05-17,47.11000061035156,47.47999954223633,46.2400016784668,46.2400016784668,29.346240997314453,2854600,KLAC
2012-05-18,46.31999969482422,46.70000076293945,45.54999923706055,45.560001373291016,28.91468048095703,2872600,KLAC
2012-05-21,45.709999084472656,46.27000045776367,45.38999938964844,46.20000076293945,29.32085418701172,2695200,KLAC
2012-05-22,46.290000915527344,46.34000015258789,45.81999969482422,46.0,29.19392204284668,2220400,KLAC
2012-05-23,45.709999084472656,45.970001220703125,44.77000045776367,45.900001525878906,29.130455017089844,4266400,KLAC
2012-05-24,46.130001068115234,46.130001068115234,45.27000045776367,45.7400016784668,29.028915405273438,1759000,KLAC
2012-05-25,45.779998779296875,46.4900016784668,45.70000076293945,46.150001525878906,29.28912925720215,2000500,KLAC
2012-05-29,46.7400016784668,47.13999938964844,46.380001068115234,46.84000015258789,29.727014541625977,2543400,KLAC
2012-05-30,46.400001525878906,46.529998779296875,45.86000061035156,45.970001220703125,29.174890518188477,2397500,KLAC
2012-05-31,45.86000061035156,46.08000183105469,45.0,45.83000183105469,29.086030960083008,2184200,KLAC
2012-06-01,45.099998474121094,45.439998626708984,44.2599983215332,44.560001373291016,28.280017852783203,2614600,KLAC
2012-06-04,44.709999084472656,45.31999969482422,44.060001373291016,44.650001525878906,28.337142944335938,1823700,KLAC
2012-06-05,44.75,45.38999938964844,44.560001373291016,44.970001220703125,28.540231704711914,2221600,KLAC
2012-06-06,45.349998474121094,46.560001373291016,45.2599983215332,46.529998779296875,29.53028106689453,1909500,KLAC
2012-06-07,46.95000076293945,47.06999969482422,45.88999938964844,45.939998626708984,29.155853271484375,1936600,KLAC
2012-06-08,45.88999938964844,47.380001068115234,45.689998626708984,47.33000183105469,30.03801155090332,2526700,KLAC
2012-06-11,47.88999938964844,48.150001525878906,46.93000030517578,46.9900016784668,29.82223129272461,2206800,KLAC
2012-06-12,47.130001068115234,47.65999984741211,46.75,47.650001525878906,30.24110221862793,1922500,KLAC
2012-06-13,47.529998779296875,48.38999938964844,47.22999954223633,47.439998626708984,30.107816696166992,2218400,KLAC
2012-06-14,47.529998779296875,47.81999969482422,46.790000915527344,47.310001373291016,30.02532386779785,1638500,KLAC
2012-06-15,47.5,48.31999969482422,47.349998474121094,48.310001373291016,30.65996742248535,2432800,KLAC
2012-06-18,48.16999816894531,49.47999954223633,48.029998779296875,49.41999816894531,31.364421844482422,1849300,KLAC
2012-06-19,49.68000030517578,50.0,49.27000045776367,49.54999923706055,31.446928024291992,2316500,KLAC
2012-06-20,49.75,50.150001525878906,49.29999923706055,49.75,31.57386016845703,1741100,KLAC
2012-06-21,49.560001373291016,49.79999923706055,48.2400016784668,48.41999816894531,30.729768753051758,2086800,KLAC
2012-06-22,48.58000183105469,48.959999084472656,48.29999923706055,48.4900016784668,30.774202346801758,5278300,KLAC
2012-06-25,48.08000183105469,48.09000015258789,46.75,47.060001373291016,29.866649627685547,2262800,KLAC
2012-06-26,47.2599983215332,47.65999984741211,46.7599983215332,47.459999084472656,30.12051010131836,1638700,KLAC
2012-06-27,47.849998474121094,48.33000183105469,47.56999969482422,48.11000061035156,30.533029556274414,1335100,KLAC
2012-06-28,47.90999984741211,48.0,46.900001525878906,47.5,30.145889282226562,1482900,KLAC
2012-06-29,48.5,49.459999084472656,48.41999816894531,49.25,31.256542205810547,1780000,KLAC
2012-07-02,49.06999969482422,49.5,48.560001373291016,48.95000076293945,31.066133499145508,1610800,KLAC
2012-07-03,48.869998931884766,49.09000015258789,48.619998931884766,48.959999084472656,31.07247543334961,1043400,KLAC
2012-07-05,48.599998474121094,49.16999816894531,48.15999984741211,48.79999923706055,30.970947265625,1655000,KLAC
2012-07-06,48.2599983215332,48.380001068115234,45.849998474121094,46.060001373291016,29.23200225830078,3682200,KLAC
2012-07-09,45.9900016784668,46.08000183105469,45.04999923706055,45.619998931884766,28.952749252319336,2913000,KLAC
2012-07-10,44.93000030517578,46.81999969482422,44.77000045776367,45.4900016784668,28.870254516601562,5578000,KLAC
2012-07-11,45.630001068115234,46.22999954223633,45.130001068115234,45.540000915527344,28.9019832611084,2016300,KLAC
2012-07-12,45.15999984741211,45.900001525878906,44.790000915527344,45.619998931884766,28.952749252319336,2029000,KLAC
2012-07-13,45.630001068115234,46.310001373291016,45.52000045776367,45.709999084472656,29.009878158569336,1879000,KLAC
2012-07-16,45.40999984741211,45.83000183105469,44.880001068115234,45.59000015258789,28.9337215423584,1739600,KLAC
2012-07-17,45.95000076293945,46.2599983215332,45.40999984741211,46.02000045776367,29.206615447998047,2900100,KLAC
2012-07-18,45.959999084472656,48.790000915527344,45.880001068115234,48.70000076293945,30.907472610473633,3224100,KLAC
2012-07-19,48.880001068115234,49.349998474121094,48.54999923706055,49.34000015258789,31.313661575317383,2314600,KLAC
2012-07-20,49.279998779296875,49.38999938964844,48.810001373291016,49.220001220703125,31.237503051757812,2364200,KLAC
2012-07-23,48.369998931884766,48.439998626708984,47.619998931884766,48.22999954223633,30.609188079833984,2227300,KLAC
2012-07-24,48.22999954223633,48.45000076293945,47.779998779296875,48.099998474121094,30.526689529418945,1816000,KLAC
2012-07-25,48.5,49.54999923706055,48.22999954223633,48.939998626708984,31.059797286987305,2342000,KLAC
2012-07-26,49.70000076293945,50.630001068115234,48.77000045776367,49.65999984741211,31.516746520996094,2753600,KLAC
2012-07-27,48.650001525878906,51.16999816894531,48.25,50.90999984741211,32.3100471496582,2711100,KLAC
2012-07-30,51.04999923706055,51.45000076293945,50.900001525878906,51.150001525878906,32.462371826171875,1768300,KLAC
2012-07-31,51.040000915527344,51.41999816894531,50.86000061035156,50.90999984741211,32.3100471496582,2612100,KLAC
2012-08-01,51.349998474121094,51.439998626708984,50.56999969482422,50.779998779296875,32.2275505065918,1726000,KLAC
2012-08-02,50.709999084472656,52.34000015258789,50.47999954223633,51.599998474121094,32.747955322265625,2746000,KLAC
2012-08-03,52.209999084472656,52.400001525878906,51.779998779296875,52.099998474121094,33.06529235839844,1895300,KLAC
2012-08-06,52.209999084472656,52.560001373291016,51.9900016784668,52.029998779296875,33.02086639404297,1487000,KLAC
2012-08-07,52.38999938964844,53.209999084472656,52.18000030517578,52.779998779296875,33.49684524536133,1776500,KLAC
2012-08-08,52.75,53.16999816894531,52.400001525878906,52.90999984741211,33.57936096191406,1886600,KLAC
2012-08-09,52.650001525878906,53.36000061035156,52.58000183105469,53.060001373291016,33.93107604980469,1529900,KLAC
2012-08-10,52.7599983215332,53.209999084472656,52.599998474121094,53.119998931884766,33.969451904296875,896500,KLAC
2012-08-13,52.869998931884766,53.119998931884766,52.279998779296875,52.95000076293945,33.86073684692383,1583200,KLAC
2012-08-14,53.150001525878906,53.18000030517578,52.130001068115234,52.290000915527344,33.43865966796875,1528400,KLAC
2012-08-15,52.29999923706055,52.88999938964844,52.29999923706055,52.54999923706055,33.60493469238281,1224000,KLAC
2012-08-16,52.880001068115234,53.5,52.52000045776367,53.310001373291016,34.09095001220703,1776700,KLAC
2012-08-17,53.43000030517578,53.650001525878906,53.130001068115234,53.34000015258789,34.110130310058594,1390300,KLAC
2012-08-20,53.349998474121094,53.47999954223633,52.599998474121094,53.29999923706055,34.08454895019531,1221600,KLAC
2012-08-21,53.54999923706055,54.11000061035156,53.36000061035156,53.59000015258789,34.27000427246094,1879000,KLAC
2012-08-22,53.38999938964844,53.540000915527344,52.880001068115234,53.27000045776367,34.065372467041016,1565100,KLAC
2012-08-23,53.029998779296875,53.45000076293945,52.900001525878906,53.060001373291016,33.93107604980469,1401200,KLAC
2012-08-24,53.060001373291016,53.65999984741211,53.0,53.36000061035156,34.122920989990234,1451000,KLAC
2012-08-27,53.41999816894531,53.59000015258789,52.869998931884766,52.97999954223633,33.879913330078125,1795200,KLAC
2012-08-28,51.400001525878906,51.84000015258789,50.369998931884766,51.65999984741211,33.035789489746094,4090300,KLAC
2012-08-29,51.900001525878906,52.439998626708984,51.59000015258789,52.22999954223633,33.400306701660156,1787500,KLAC
2012-08-30,51.290000915527344,51.77000045776367,50.869998931884766,50.88999938964844,32.543392181396484,2155200,KLAC
2012-08-31,51.380001068115234,51.689998626708984,50.720001220703125,51.310001373291016,32.81197738647461,1703600,KLAC
2012-09-04,51.27000045776367,52.34000015258789,50.93000030517578,52.119998931884766,33.329959869384766,2112500,KLAC
2012-09-05,51.41999816894531,52.20000076293945,51.06999969482422,51.15999984741211,32.7160530090332,1948900,KLAC
2012-09-06,51.599998474121094,52.4900016784668,51.52000045776367,52.41999816894531,33.52180480957031,1600300,KLAC
2012-09-07,51.310001373291016,52.13999938964844,50.79999923706055,51.849998474121094,33.15729522705078,2286800,KLAC
2012-09-10,51.810001373291016,52.77000045776367,51.58000183105469,52.16999816894531,33.36193084716797,1932300,KLAC
2012-09-11,52.08000183105469,52.56999969482422,51.68000030517578,51.83000183105469,33.144500732421875,2176900,KLAC
2012-09-12,52.189998626708984,52.68000030517578,51.439998626708984,51.4900016784668,32.92707824707031,1814300,KLAC
2012-09-13,51.47999954223633,51.63999938964844,50.7400016784668,51.47999954223633,32.92068862915039,2710700,KLAC
2012-09-14,51.72999954223633,52.9900016784668,51.47999954223633,52.47999954223633,33.56017303466797,1771900,KLAC
2012-09-17,51.86000061035156,52.209999084472656,51.400001525878906,51.849998474121094,33.15729522705078,1864600,KLAC
2012-09-18,51.86000061035156,51.86000061035156,50.75,50.849998474121094,32.51780700683594,2325100,KLAC
2012-09-19,49.189998626708984,49.349998474121094,48.279998779296875,48.43000030517578,30.97026252746582,6282400,KLAC
2012-09-20,48.189998626708984,48.189998626708984,47.38999938964844,47.59000015258789,30.433082580566406,3402400,KLAC
2012-09-21,47.41999816894531,47.939998626708984,47.40999984741211,47.65999984741211,30.477848052978516,2592600,KLAC
2012-09-24,47.529998779296875,47.61000061035156,46.88999938964844,47.130001068115234,30.138935089111328,1987500,KLAC
2012-09-25,47.5,47.790000915527344,46.65999984741211,46.849998474121094,29.95987319946289,2951300,KLAC
2012-09-26,46.959999084472656,46.97999954223633,46.41999816894531,46.84000015258789,29.953466415405273,3244900,KLAC
2012-09-27,47.060001373291016,47.97999954223633,46.619998931884766,47.900001525878906,30.631319046020508,3198300,KLAC
2012-09-28,47.58000183105469,48.099998474121094,47.040000915527344,47.709999084472656,30.50982093811035,3175700,KLAC
2012-10-01,48.0,48.939998626708984,47.209999084472656,47.290000915527344,30.241249084472656,3307800,KLAC
2012-10-02,47.33000183105469,47.56999969482422,46.86000061035156,47.54999923706055,30.407522201538086,1993300,KLAC
2012-10-03,47.630001068115234,47.77000045776367,47.099998474121094,47.18000030517578,30.170900344848633,1892600,KLAC
2012-10-04,47.38999938964844,47.66999816894531,47.060001373291016,47.150001525878906,30.151714324951172,1670100,KLAC
2012-10-05,47.40999984741211,48.02000045776367,47.060001373291016,47.119998931884766,30.132530212402344,1245900,KLAC
2012-10-08,46.869998931884766,46.970001220703125,46.47999954223633,46.84000015258789,29.953466415405273,1336800,KLAC
2012-10-09,46.81999969482422,47.060001373291016,46.20000076293945,46.470001220703125,29.716869354248047,2200900,KLAC
2012-10-10,46.380001068115234,46.439998626708984,45.439998626708984,45.54999923706055,29.128543853759766,2455500,KLAC
2012-10-11,45.619998931884766,45.75,44.880001068115234,44.900001525878906,28.712881088256836,2813000,KLAC
2012-10-12,44.900001525878906,45.77000045776367,44.70000076293945,45.150001525878906,28.87274932861328,2205000,KLAC
2012-10-15,45.380001068115234,45.959999084472656,45.16999816894531,45.7599983215332,29.262832641601562,2523800,KLAC
2012-10-16,45.880001068115234,46.59000015258789,45.529998779296875,46.310001373291016,29.61455726623535,2363100,KLAC
2012-10-17,46.02000045776367,47.119998931884766,45.599998474121094,45.72999954223633,29.2436466217041,3419900,KLAC
2012-10-18,45.880001068115234,46.630001068115234,45.560001373291016,46.56999969482422,29.78081512451172,3292500,KLAC
2012-10-19,46.58000183105469,46.63999938964844,45.41999816894531,45.58000183105469,29.147727966308594,2255900,KLAC
2012-10-22,45.77000045776367,47.0099983215332,45.720001220703125,46.939998626708984,30.01742172241211,2574000,KLAC
2012-10-23,46.279998779296875,46.880001068115234,45.810001373291016,46.599998474121094,29.80000114440918,2808400,KLAC
2012-10-24,46.75,47.34000015258789,46.58000183105469,47.130001068115234,30.138935089111328,2775300,KLAC
2012-10-25,47.290000915527344,47.47999954223633,46.220001220703125,47.13999938964844,30.145315170288086,4546500,KLAC
2012-10-26,46.83000183105469,48.29999923706055,46.20000076293945,46.630001068115234,29.81917953491211,4279000,KLAC
2012-10-31,46.709999084472656,47.0,45.880001068115234,46.54999923706055,29.768024444580078,2608900,KLAC
2012-11-01,46.91999816894531,48.790000915527344,46.68000030517578,48.720001220703125,31.15570831298828,2340900,KLAC
2012-11-02,48.61000061035156,48.709999084472656,47.529998779296875,47.900001525878906,30.631319046020508,2824400,KLAC
2012-11-05,47.709999084472656,48.47999954223633,47.47999954223633,48.22999954223633,30.84235954284668,1909500,KLAC
2012-11-06,48.47999954223633,48.900001525878906,48.189998626708984,48.900001525878906,31.27082633972168,2942200,KLAC
2012-11-07,48.36000061035156,48.5099983215332,46.7400016784668,46.91999816894531,30.004642486572266,2557900,KLAC
2012-11-08,46.83000183105469,46.91999816894531,45.52000045776367,45.65999984741211,29.19887924194336,3518800,KLAC
2012-11-09,45.650001525878906,46.599998474121094,45.599998474121094,46.2400016784668,29.569787979125977,3419400,KLAC
2012-11-12,47.04999923706055,48.0,46.84000015258789,47.599998474121094,30.439489364624023,2710700,KLAC
2012-11-13,47.22999954223633,47.439998626708984,46.04999923706055,46.06999969482422,29.461074829101562,2721400,KLAC
2012-11-14,46.5,46.68000030517578,45.060001373291016,45.130001068115234,28.85995864868164,3009300,KLAC
2012-11-15,44.810001373291016,45.06999969482422,43.75,43.970001220703125,28.369609832763672,3959500,KLAC
2012-11-16,44.13999938964844,44.4900016784668,43.209999084472656,44.33000183105469,28.60187530517578,3017500,KLAC
2012-11-19,44.41999816894531,44.779998779296875,43.9900016784668,44.25,28.550260543823242,2543100,KLAC
2012-11-20,44.15999984741211,44.540000915527344,43.790000915527344,44.33000183105469,28.60187530517578,1924500,KLAC
2012-11-21,44.33000183105469,44.36000061035156,44.02000045776367,44.130001068115234,28.472837448120117,979000,KLAC
2012-11-23,44.5,45.349998474121094,44.470001220703125,45.16999816894531,29.143848419189453,732100,KLAC
2012-11-26,44.959999084472656,45.369998931884766,44.689998626708984,45.119998931884766,29.111591339111328,1695100,KLAC
2012-11-27,45.09000015258789,45.20000076293945,44.65999984741211,44.7400016784668,28.866409301757812,1664700,KLAC
2012-11-28,44.560001373291016,45.54999923706055,43.849998474121094,45.529998779296875,29.376123428344727,2332200,KLAC
2012-11-29,45.63999938964844,45.880001068115234,45.209999084472656,45.56999969482422,29.40192222595215,1329800,KLAC
2012-11-30,45.65999984741211,45.70000076293945,44.959999084472656,45.470001220703125,29.337406158447266,2263600,KLAC
2012-12-03,45.720001220703125,45.880001068115234,45.13999938964844,45.38999938964844,29.285797119140625,1897600,KLAC
2012-12-04,45.41999816894531,47.22999954223633,45.220001220703125,47.189998626708984,30.447162628173828,3157200,KLAC
2012-12-05,47.189998626708984,47.33000183105469,46.279998779296875,46.400001525878906,29.93744468688965,2219400,KLAC
2012-12-06,46.41999816894531,47.060001373291016,46.41999816894531,46.959999084472656,30.29875946044922,1168500,KLAC
2012-12-07,47.09000015258789,47.279998779296875,46.65999984741211,47.189998626708984,30.447162628173828,1208700,KLAC
2012-12-10,47.13999938964844,47.810001373291016,47.13999938964844,47.41999816894531,30.595548629760742,1441900,KLAC
2012-12-11,47.689998626708984,47.900001525878906,47.29999923706055,47.41999816894531,30.595548629760742,1561100,KLAC
2012-12-12,47.66999816894531,47.720001220703125,46.9900016784668,47.08000183105469,30.37618637084961,1275200,KLAC
2012-12-13,47.040000915527344,47.34000015258789,46.25,46.61000061035156,30.07294464111328,1334700,KLAC
2012-12-14,46.66999816894531,47.54999923706055,46.349998474121094,47.18000030517578,30.440696716308594,1866700,KLAC
2012-12-17,47.27000045776367,47.75,46.720001220703125,47.349998474121094,30.550399780273438,1464600,KLAC
2012-12-18,47.369998931884766,47.88999938964844,47.119998931884766,47.84000015258789,30.866540908813477,1258000,KLAC
2012-12-19,47.91999816894531,48.290000915527344,47.72999954223633,47.91999816894531,30.91816520690918,1066100,KLAC
2012-12-20,48.060001373291016,48.70000076293945,47.709999084472656,48.5099983215332,31.2988224029541,1367400,KLAC
2012-12-21,47.900001525878906,48.400001525878906,47.06999969482422,48.369998931884766,31.208499908447266,2375900,KLAC
2012-12-24,48.08000183105469,48.790000915527344,47.72999954223633,47.810001373291016,30.847187042236328,570400,KLAC
2012-12-26,48.0,48.25,47.540000915527344,47.68000030517578,30.763309478759766,798700,KLAC
2012-12-27,47.70000076293945,47.79999923706055,46.75,47.43000030517578,30.60201644897461,1491400,KLAC
2012-12-28,47.20000076293945,47.63999938964844,46.970001220703125,47.02000045776367,30.33747100830078,937900,KLAC
2012-12-31,47.130001068115234,47.7599983215332,46.7599983215332,47.7599983215332,30.814922332763672,1032300,KLAC
2013-01-02,48.810001373291016,49.70000076293945,48.72999954223633,49.56999969482422,31.98274040222168,1837500,KLAC
2013-01-03,50.0,50.18000030517578,48.880001068115234,49.13999938964844,31.705307006835938,2237900,KLAC
2013-01-04,49.15999984741211,49.34000015258789,48.77000045776367,48.97999954223633,31.60206413269043,1332300,KLAC
2013-01-07,48.650001525878906,48.720001220703125,47.880001068115234,48.630001068115234,31.37625503540039,1548000,KLAC
2013-01-08,48.36000061035156,48.4900016784668,47.369998931884766,47.369998931884766,30.56329345703125,1566700,KLAC
2013-01-09,47.540000915527344,47.959999084472656,47.47999954223633,47.84000015258789,30.866540908813477,1020900,KLAC
2013-01-10,48.119998931884766,48.70000076293945,48.029998779296875,48.59000015258789,31.350444793701172,1530900,KLAC
2013-01-11,48.689998626708984,49.22999954223633,48.400001525878906,49.189998626708984,31.73757553100586,1771800,KLAC
2013-01-14,49.0,49.47999954223633,48.720001220703125,48.91999816894531,31.563358306884766,1325700,KLAC
2013-01-15,48.54999923706055,48.650001525878906,48.11000061035156,48.38999938964844,31.22140884399414,1663200,KLAC
2013-01-16,48.220001220703125,48.72999954223633,48.15999984741211,48.5,31.292373657226562,1493300,KLAC
2013-01-17,48.560001373291016,52.0,48.5,51.88999938964844,33.4796142578125,7126100,KLAC
2013-01-18,52.11000061035156,52.41999816894531,51.4900016784668,51.84000015258789,33.44735336303711,4140100,KLAC
2013-01-22,51.79999923706055,51.97999954223633,51.459999084472656,51.79999923706055,33.42154312133789,1879800,KLAC
2013-01-23,52.0,52.4900016784668,51.400001525878906,52.349998474121094,33.77641296386719,1967600,KLAC
2013-01-24,52.220001220703125,52.560001373291016,51.77000045776367,51.970001220703125,33.531227111816406,2200700,KLAC
2013-01-25,53.5,57.970001220703125,53.5,56.34000015258789,36.35078048706055,7161700,KLAC
2013-01-28,56.25,56.5099983215332,55.86000061035156,56.099998474121094,36.195926666259766,2170400,KLAC
2013-01-29,55.90999984741211,56.040000915527344,55.130001068115234,55.81999969482422,36.01526641845703,2721800,KLAC
2013-01-30,55.88999938964844,56.0,55.060001373291016,55.16999816894531,35.595890045166016,2098600,KLAC
2013-01-31,55.4900016784668,55.88999938964844,54.83000183105469,54.90999984741211,35.42813491821289,2098200,KLAC
2013-02-01,55.43000030517578,56.04999923706055,55.209999084472656,55.7599983215332,35.97655487060547,1955700,KLAC
2013-02-04,55.54999923706055,56.86000061035156,55.5,55.81999969482422,36.01526641845703,2866600,KLAC
2013-02-05,56.189998626708984,56.63999938964844,55.86000061035156,56.54999923706055,36.48625946044922,2634400,KLAC
2013-02-06,56.119998931884766,57.18000030517578,56.099998474121094,57.02000045776367,36.789512634277344,3169100,KLAC
2013-02-07,56.939998626708984,56.939998626708984,55.91999816894531,56.790000915527344,36.64112091064453,2259700,KLAC
2013-02-08,56.970001220703125,57.18000030517578,56.18000030517578,56.56999969482422,36.49916458129883,2066500,KLAC
2013-02-11,56.66999816894531,56.88999938964844,56.2599983215332,56.380001068115234,36.376590728759766,1672300,KLAC
2013-02-12,56.560001373291016,56.79999923706055,56.2400016784668,56.709999084472656,36.58949661254883,1860700,KLAC
2013-02-13,56.7599983215332,57.0,56.209999084472656,56.61000061035156,36.52497863769531,1495200,KLAC
2013-02-14,56.0099983215332,56.18000030517578,55.52000045776367,56.099998474121094,36.4535026550293,2182800,KLAC
2013-02-15,56.130001068115234,56.279998779296875,55.34000015258789,55.7599983215332,36.23257064819336,1483800,KLAC
2013-02-19,55.9900016784668,57.13999938964844,55.849998474121094,56.38999938964844,36.641937255859375,2139900,KLAC
2013-02-20,56.470001220703125,56.5099983215332,54.849998474121094,54.900001525878906,35.67375564575195,1675200,KLAC
2013-02-21,54.900001525878906,55.099998474121094,53.529998779296875,53.86000061035156,34.99795913696289,3141800,KLAC
2013-02-22,54.279998779296875,55.029998779296875,54.279998779296875,54.779998779296875,35.59577560424805,1576800,KLAC
2013-02-25,55.22999954223633,55.56999969482422,53.0,53.02000045776367,34.45213317871094,2146800,KLAC
2013-02-26,53.43000030517578,54.27000045776367,53.31999969482422,53.91999816894531,35.03695297241211,1695200,KLAC
2013-02-27,53.720001220703125,55.08000183105469,53.540000915527344,54.72999954223633,35.56327438354492,1706500,KLAC
2013-02-28,54.70000076293945,55.27000045776367,54.220001220703125,54.7599983215332,35.5827751159668,1810600,KLAC
2013-03-01,54.36000061035156,54.75,53.61000061035156,54.5,35.413822174072266,2122400,KLAC
2013-03-04,54.2400016784668,54.459999084472656,53.720001220703125,53.970001220703125,35.069435119628906,1781200,KLAC
2013-03-05,54.41999816894531,55.81999969482422,54.310001373291016,55.54999923706055,36.096107482910156,2473100,KLAC
2013-03-06,55.7599983215332,55.7599983215332,54.810001373291016,55.0,35.73871612548828,2691300,KLAC
2013-03-07,55.2400016784668,55.54999923706055,54.869998931884766,55.040000915527344,35.76470947265625,1421900,KLAC
2013-03-08,55.34000015258789,55.75,54.54999923706055,55.15999984741211,35.842681884765625,1157200,KLAC
2013-03-11,54.970001220703125,55.0,54.54999923706055,54.709999084472656,35.55027770996094,1134800,KLAC
2013-03-12,54.65999984741211,54.95000076293945,54.130001068115234,54.63999938964844,35.50480651855469,945400,KLAC
2013-03-13,54.72999954223633,54.88999938964844,54.209999084472656,54.72999954223633,35.56327438354492,727300,KLAC
2013-03-14,55.0,55.709999084472656,54.869998931884766,54.93000030517578,35.693233489990234,1223000,KLAC
2013-03-15,54.70000076293945,54.849998474121094,52.38999938964844,52.650001525878906,34.211708068847656,5244400,KLAC
2013-03-18,52.31999969482422,52.630001068115234,51.54999923706055,51.72999954223633,33.61389923095703,2397500,KLAC
2013-03-19,51.72999954223633,52.18000030517578,50.79999923706055,51.349998474121094,33.36697769165039,2753800,KLAC
2013-03-20,51.81999969482422,52.06999969482422,51.43000030517578,51.58000183105469,33.51642990112305,1410600,KLAC
2013-03-21,51.20000076293945,51.709999084472656,51.0,51.2599983215332,33.3084831237793,1842800,KLAC
2013-03-22,51.5099983215332,51.83000183105469,50.97999954223633,51.619998931884766,33.542423248291016,1909800,KLAC
2013-03-25,52.08000183105469,52.16999816894531,51.150001525878906,51.650001525878906,33.561927795410156,1271600,KLAC
2013-03-26,52.56999969482422,52.68000030517578,51.459999084472656,52.04999923706055,33.82182312011719,1682700,KLAC
2013-03-27,51.540000915527344,51.779998779296875,51.310001373291016,51.7400016784668,33.62039566040039,1695000,KLAC
2013-03-28,51.529998779296875,52.79999923706055,51.529998779296875,52.7400016784668,34.27019119262695,1554900,KLAC
2013-04-01,52.72999954223633,52.81999969482422,51.41999816894531,51.56999969482422,33.50993728637695,1500700,KLAC
2013-04-02,51.59000015258789,51.88999938964844,51.290000915527344,51.400001525878906,33.39946746826172,1819100,KLAC
2013-04-03,51.66999816894531,51.9900016784668,51.08000183105469,51.29999923706055,33.3344841003418,2078800,KLAC
2013-04-04,51.27000045776367,51.810001373291016,51.099998474121094,51.540000915527344,33.49043655395508,1218300,KLAC
2013-04-05,50.79999923706055,51.790000915527344,50.27000045776367,51.72999954223633,33.61389923095703,1879400,KLAC
2013-04-08,51.619998931884766,52.0,51.29999923706055,51.9900016784668,33.78284454345703,1610300,KLAC
2013-04-09,52.0,53.13999938964844,51.83000183105469,52.63999938964844,34.20520782470703,1530100,KLAC
2013-04-10,52.650001525878906,54.279998779296875,52.599998474121094,54.2599983215332,35.25787353515625,1901600,KLAC
2013-04-11,54.029998779296875,54.93000030517578,53.72999954223633,53.79999923706055,34.958984375,1602100,KLAC
2013-04-12,53.790000915527344,53.849998474121094,53.040000915527344,53.77000045776367,34.93947219848633,1156900,KLAC
2013-04-15,53.70000076293945,53.86000061035156,52.16999816894531,52.310001373291016,33.990779876708984,1666400,KLAC
2013-04-16,52.45000076293945,53.5099983215332,52.15999984741211,53.43000030517578,34.71854782104492,1846200,KLAC
2013-04-17,53.040000915527344,54.119998931884766,52.119998931884766,52.75,34.27669143676758,2312100,KLAC
2013-04-18,53.31999969482422,53.93000030517578,52.72999954223633,52.869998931884766,34.35466384887695,2137000,KLAC
2013-04-19,52.59000015258789,53.439998626708984,52.22999954223633,53.04999923706055,34.47163009643555,1795700,KLAC
2013-04-22,53.41999816894531,54.209999084472656,52.34000015258789,53.7599983215332,34.932979583740234,1587500,KLAC
2013-04-23,54.29999923706055,55.380001068115234,53.939998626708984,55.209999084472656,35.87518310546875,2307100,KLAC
2013-04-24,55.119998931884766,55.54999923706055,54.880001068115234,55.4900016784668,36.05713653564453,1479900,KLAC
2013-04-25,55.79999923706055,57.0,55.619998931884766,55.900001525878906,36.32353210449219,2457600,KLAC
2013-04-26,51.61000061035156,53.0,50.22999954223633,52.11000061035156,33.86082077026367,7812600,KLAC
2013-04-29,51.779998779296875,53.25,51.72999954223633,53.11000061035156,34.51060485839844,3191700,KLAC
2013-04-30,53.150001525878906,54.5,53.02000045776367,54.25,35.25137710571289,4325000,KLAC
2013-05-01,54.22999954223633,54.369998931884766,53.45000076293945,53.59000015258789,34.8225212097168,2246200,KLAC
2013-05-02,53.59000015258789,54.099998474121094,53.4900016784668,53.88999938964844,35.017459869384766,2040800,KLAC
2013-05-03,54.61000061035156,54.689998626708984,54.099998474121094,54.29999923706055,35.28385925292969,2840100,KLAC
2013-05-06,54.25,54.369998931884766,53.849998474121094,54.060001373291016,35.12791442871094,2057400,KLAC
2013-05-07,54.220001220703125,54.7400016784668,53.9900016784668,54.459999084472656,35.387840270996094,3404900,KLAC
2013-05-08,54.779998779296875,54.900001525878906,54.09000015258789,54.70000076293945,35.543792724609375,1324500,KLAC
2013-05-09,54.59000015258789,54.970001220703125,54.0099983215332,54.20000076293945,35.47832489013672,1970600,KLAC
2013-05-10,54.290000915527344,54.779998779296875,53.810001373291016,54.470001220703125,35.65506362915039,1428600,KLAC
2013-05-13,54.189998626708984,54.38999938964844,53.5099983215332,53.70000076293945,35.151039123535156,1599500,KLAC
2013-05-14,53.779998779296875,54.470001220703125,53.529998779296875,54.45000076293945,35.641971588134766,1546300,KLAC
2013-05-15,54.25,55.45000076293945,54.11000061035156,55.04999923706055,36.03472137451172,1646700,KLAC
2013-05-16,55.2599983215332,55.689998626708984,54.9900016784668,55.209999084472656,36.13945388793945,2464600,KLAC
2013-05-17,55.47999954223633,55.880001068115234,54.900001525878906,55.869998931884766,36.57148742675781,1948300,KLAC
2013-05-20,55.61000061035156,56.29999923706055,55.43000030517578,55.619998931884766,36.407840728759766,2079800,KLAC
2013-05-21,55.95000076293945,56.119998931884766,55.5,56.060001373291016,36.69585037231445,1362300,KLAC
2013-05-22,56.150001525878906,56.720001220703125,55.380001068115234,55.47999954223633,36.31619644165039,2033800,KLAC
2013-05-23,55.06999969482422,55.369998931884766,54.369998931884766,54.939998626708984,35.962711334228516,2324100,KLAC
2013-05-24,54.470001220703125,55.0,54.349998474121094,54.66999816894531,35.78597640991211,1272600,KLAC
2013-05-28,55.34000015258789,55.90999984741211,55.13999938964844,55.66999816894531,36.440555572509766,2213200,KLAC
2013-05-29,55.45000076293945,56.04999923706055,55.0099983215332,55.619998931884766,36.407840728759766,2950500,KLAC
2013-05-30,55.630001068115234,56.79999923706055,55.5,56.5099983215332,36.990413665771484,2102600,KLAC
2013-05-31,56.33000183105469,56.790000915527344,56.15999984741211,56.290000915527344,36.846405029296875,2372500,KLAC
2013-06-03,56.68000030517578,57.349998474121094,56.22999954223633,56.900001525878906,37.245697021484375,1849700,KLAC
2013-06-04,57.040000915527344,57.560001373291016,56.63999938964844,56.97999954223633,37.298065185546875,1485300,KLAC
2013-06-05,56.95000076293945,56.97999954223633,56.18000030517578,56.5,36.98386001586914,1312600,KLAC
2013-06-06,56.689998626708984,56.93000030517578,55.66999816894531,56.08000183105469,36.70895004272461,971000,KLAC
2013-06-07,56.66999816894531,56.880001068115234,56.029998779296875,56.77000045776367,37.160614013671875,1191600,KLAC
2013-06-10,56.70000076293945,56.810001373291016,56.2400016784668,56.7400016784668,37.14097595214844,868100,KLAC
2013-06-11,56.15999984741211,56.4900016784668,55.220001220703125,55.279998779296875,36.18528747558594,1159000,KLAC
2013-06-12,56.099998474121094,56.099998474121094,55.09000015258789,55.18000030517578,36.119815826416016,2047400,KLAC
2013-06-13,55.34000015258789,56.83000183105469,55.029998779296875,56.61000061035156,37.05587387084961,1340400,KLAC
2013-06-14,56.54999923706055,56.650001525878906,55.70000076293945,55.709999084472656,36.46674346923828,1117400,KLAC
2013-06-17,56.09000015258789,56.54999923706055,55.7599983215332,55.97999954223633,36.64348220825195,1321400,KLAC
2013-06-18,56.189998626708984,56.66999816894531,56.0099983215332,56.38999938964844,36.911865234375,1453400,KLAC
2013-06-19,56.02000045776367,56.880001068115234,55.720001220703125,56.209999084472656,36.79403305053711,1692000,KLAC
2013-06-20,55.54999923706055,55.869998931884766,54.220001220703125,54.43000030517578,35.628883361816406,1741500,KLAC
2013-06-21,54.689998626708984,55.06999969482422,54.040000915527344,54.77000045776367,35.8514289855957,2755900,KLAC
2013-06-24,54.5099983215332,54.61000061035156,53.380001068115234,53.810001373291016,35.22303771972656,2606700,KLAC
2013-06-25,54.349998474121094,55.7400016784668,53.810001373291016,55.5,36.329288482666016,1968400,KLAC
2013-06-26,56.11000061035156,56.220001220703125,55.119998931884766,55.33000183105469,36.21800994873047,1632700,KLAC
2013-06-27,55.84000015258789,56.43000030517578,55.5,55.56999969482422,36.37510299682617,1766400,KLAC
2013-06-28,55.189998626708984,56.630001068115234,55.0,55.72999954223633,36.47983932495117,2300900,KLAC
2013-07-01,56.18000030517578,56.459999084472656,55.18000030517578,55.279998779296875,36.18528747558594,1239100,KLAC
2013-07-02,55.130001068115234,55.779998779296875,54.459999084472656,54.849998474121094,35.90380859375,1250400,KLAC
2013-07-03,54.45000076293945,55.56999969482422,54.290000915527344,55.06999969482422,36.047813415527344,716200,KLAC
2013-07-05,55.470001220703125,56.599998474121094,55.25,56.470001220703125,36.96422576904297,1676000,KLAC
2013-07-08,56.61000061035156,56.79999923706055,55.290000915527344,55.4900016784668,36.322750091552734,1939300,KLAC
2013-07-09,56.13999938964844,58.47999954223633,55.68000030517578,58.150001525878906,38.06391906738281,4090100,KLAC
2013-07-10,58.06999969482422,59.380001068115234,57.849998474121094,59.2400016784668,38.777427673339844,2705600,KLAC
2013-07-11,59.650001525878906,60.0,59.25,59.93000030517578,39.22908020019531,2226700,KLAC
2013-07-12,60.0,60.400001525878906,59.65999984741211,60.38999938964844,39.530189514160156,2226300,KLAC
2013-07-15,60.349998474121094,60.380001068115234,59.220001220703125,59.25,38.783958435058594,1901000,KLAC
2013-07-16,59.47999954223633,59.9900016784668,59.279998779296875,59.47999954223633,38.93450927734375,1441700,KLAC
2013-07-17,60.0,60.380001068115234,59.77000045776367,60.15999984741211,39.379634857177734,1339300,KLAC
2013-07-18,60.0,60.470001220703125,59.470001220703125,60.18000030517578,39.392723083496094,1434700,KLAC
2013-07-19,60.41999816894531,60.7400016784668,60.0099983215332,60.630001068115234,39.68729019165039,1827700,KLAC
2013-07-22,60.689998626708984,60.939998626708984,59.93000030517578,60.310001373291016,39.47782897949219,1229300,KLAC
2013-07-23,60.54999923706055,60.77000045776367,60.060001373291016,60.119998931884766,39.353450775146484,959900,KLAC
2013-07-24,60.349998474121094,60.72999954223633,59.27000045776367,59.45000076293945,38.914878845214844,1428300,KLAC
2013-07-25,59.95000076293945,60.0,59.29999923706055,59.790000915527344,39.1374397277832,2022400,KLAC
2013-07-26,58.58000183105469,59.189998626708984,57.939998626708984,58.779998779296875,38.476322174072266,2782100,KLAC
2013-07-29,58.65999984741211,58.68000030517578,57.59000015258789,57.7599983215332,37.80863571166992,2584200,KLAC
2013-07-30,57.86000061035156,58.689998626708984,57.86000061035156,58.41999816894531,38.24065399169922,1344100,KLAC
2013-07-31,58.939998626708984,59.09000015258789,58.5,58.630001068115234,38.378135681152344,1467600,KLAC
2013-08-01,59.16999816894531,60.18000030517578,58.849998474121094,60.119998931884766,39.353450775146484,1380000,KLAC
2013-08-02,59.93000030517578,59.95000076293945,59.20000076293945,59.5,38.947608947753906,1157400,KLAC
2013-08-05,59.25,59.470001220703125,58.380001068115234,58.650001525878906,38.39121627807617,1157800,KLAC
2013-08-06,58.61000061035156,58.880001068115234,58.279998779296875,58.369998931884766,38.207942962646484,870700,KLAC
2013-08-07,58.45000076293945,58.56999969482422,57.900001525878906,58.40999984741211,38.234127044677734,991500,KLAC
2013-08-08,58.65999984741211,58.900001525878906,57.709999084472656,58.43000030517578,38.24720764160156,1149900,KLAC
2013-08-09,58.22999954223633,58.22999954223633,57.189998626708984,57.709999084472656,37.775917053222656,1578400,KLAC
2013-08-12,57.66999816894531,58.81999969482422,57.5099983215332,58.75,38.4566764831543,1197400,KLAC
2013-08-13,58.90999984741211,59.5099983215332,58.150001525878906,59.349998474121094,38.84941482543945,1440500,KLAC
2013-08-14,59.18000030517578,59.18000030517578,58.45000076293945,58.77000045776367,38.763668060302734,1005900,KLAC
2013-08-15,58.290000915527344,58.31999969482422,57.0,57.06999969482422,37.64238357543945,1381700,KLAC
2013-08-16,56.68000030517578,57.220001220703125,56.279998779296875,56.540000915527344,37.29281234741211,2473800,KLAC
2013-08-19,56.459999084472656,56.7400016784668,56.2599983215332,56.31999969482422,37.14769744873047,1109800,KLAC
2013-08-20,56.47999954223633,56.720001220703125,55.689998626708984,56.349998474121094,37.16749572753906,1516000,KLAC
2013-08-21,56.41999816894531,56.52000045776367,55.43000030517578,55.880001068115234,36.857479095458984,1092000,KLAC
2013-08-22,56.189998626708984,56.84000015258789,56.040000915527344,56.43000030517578,37.220252990722656,1015000,KLAC
2013-08-23,56.560001373291016,56.7599983215332,56.029998779296875,56.66999816894531,37.37855911254883,769100,KLAC
2013-08-26,56.810001373291016,56.970001220703125,56.310001373291016,56.400001525878906,37.20048522949219,770200,KLAC
2013-08-27,55.40999984741211,55.970001220703125,54.650001525878906,54.66999816894531,36.05938720703125,1374400,KLAC
2013-08-28,54.810001373291016,55.2599983215332,54.70000076293945,54.849998474121094,36.17811965942383,993300,KLAC
2013-08-29,54.849998474121094,55.630001068115234,54.70000076293945,55.34000015258789,36.50131607055664,611100,KLAC
2013-08-30,55.65999984741211,55.869998931884766,54.900001525878906,55.150001525878906,36.37599563598633,892100,KLAC
2013-09-03,55.79999923706055,56.43000030517578,55.11000061035156,55.380001068115234,36.52769088745117,1241500,KLAC
2013-09-04,55.279998779296875,58.84000015258789,55.279998779296875,58.41999816894531,38.532814025878906,3239400,KLAC
2013-09-05,58.459999084472656,58.689998626708984,57.77000045776367,58.540000915527344,38.61198043823242,1776400,KLAC
2013-09-06,58.91999816894531,59.43000030517578,58.0,58.7599983215332,38.75707244873047,1545800,KLAC
2013-09-09,58.849998474121094,59.119998931884766,58.380001068115234,58.900001525878906,38.84941864013672,1272100,KLAC
2013-09-10,59.060001373291016,59.959999084472656,58.9900016784668,59.630001068115234,39.3309211730957,1653700,KLAC
2013-09-11,59.38999938964844,60.0,59.060001373291016,59.720001220703125,39.39027786254883,905200,KLAC
2013-09-12,59.83000183105469,60.40999984741211,59.650001525878906,60.20000076293945,39.706886291503906,948100,KLAC
2013-09-13,60.459999084472656,60.470001220703125,59.66999816894531,60.279998779296875,39.759647369384766,793900,KLAC
2013-09-16,60.470001220703125,61.45000076293945,60.459999084472656,61.09000015258789,40.293907165527344,2033000,KLAC
2013-09-17,60.970001220703125,61.79999923706055,60.970001220703125,61.68000030517578,40.683067321777344,1439900,KLAC
2013-09-18,61.79999923706055,62.11000061035156,60.93000030517578,62.0099983215332,40.900733947753906,974100,KLAC
2013-09-19,62.11000061035156,62.45000076293945,61.31999969482422,61.7599983215332,40.73582458496094,957300,KLAC
2013-09-20,61.83000183105469,62.06999969482422,61.16999816894531,61.25,40.399436950683594,1635200,KLAC
2013-09-23,61.310001373291016,61.66999816894531,60.869998931884766,61.27000045776367,40.412635803222656,936100,KLAC
2013-09-24,61.43000030517578,61.5,60.84000015258789,61.13999938964844,40.326881408691406,2234000,KLAC
2013-09-25,61.45000076293945,61.95000076293945,61.15999984741211,61.47999954223633,40.551143646240234,1747000,KLAC
2013-09-26,61.959999084472656,61.959999084472656,60.79999923706055,60.959999084472656,40.20817184448242,1368100,KLAC
2013-09-27,60.75,61.02000045776367,60.45000076293945,60.90999984741211,40.17518615722656,1037900,KLAC
2013-09-30,60.40999984741211,61.040000915527344,60.34000015258789,60.849998474121094,40.13560485839844,1087000,KLAC
2013-10-01,60.9900016784668,61.279998779296875,60.529998779296875,60.9900016784668,40.22795486450195,1251500,KLAC
2013-10-02,60.779998779296875,60.970001220703125,60.130001068115234,60.95000076293945,40.201560974121094,1026200,KLAC
2013-10-03,60.810001373291016,61.029998779296875,59.790000915527344,60.41999816894531,39.85198974609375,1263900,KLAC
2013-10-04,60.459999084472656,60.9900016784668,59.959999084472656,60.79999923706055,40.102630615234375,1471900,KLAC
2013-10-07,60.2599983215332,61.130001068115234,59.95000076293945,60.7599983215332,40.07624053955078,749800,KLAC
2013-10-08,60.88999938964844,61.06999969482422,59.68000030517578,59.70000076293945,39.37709426879883,1043500,KLAC
2013-10-09,60.029998779296875,60.040000915527344,58.83000183105469,59.459999084472656,39.21879196166992,1414500,KLAC
2013-10-10,60.040000915527344,61.279998779296875,59.86000061035156,61.20000076293945,40.36646270751953,1073200,KLAC
2013-10-11,60.849998474121094,61.95000076293945,60.779998779296875,61.68000030517578,40.683067321777344,772100,KLAC
2013-10-14,61.810001373291016,62.97999954223633,61.709999084472656,62.869998931884766,41.46796417236328,974700,KLAC
2013-10-15,62.400001525878906,62.70000076293945,61.91999816894531,61.95000076293945,40.86115646362305,1131800,KLAC
2013-10-16,62.09000015258789,62.970001220703125,61.7599983215332,62.83000183105469,41.44158172607422,1082700,KLAC
2013-10-17,62.47999954223633,63.88999938964844,62.130001068115234,63.88999938964844,42.1407470703125,1134700,KLAC
2013-10-18,63.91999816894531,64.87999725341797,63.529998779296875,64.45999908447266,42.51670837402344,1761300,KLAC
2013-10-21,64.63999938964844,64.83000183105469,64.12999725341797,64.43000030517578,42.496910095214844,1159400,KLAC
2013-10-22,64.83999633789062,65.25,64.44999694824219,64.81999969482422,42.754146575927734,1463000,KLAC
2013-10-23,64.02999877929688,64.33999633789062,63.04999923706055,63.04999923706055,41.5866813659668,1523100,KLAC
2013-10-24,64.1500015258789,64.29000091552734,63.58000183105469,63.72999954223633,42.03520202636719,1926700,KLAC
2013-10-25,62.29999923706055,63.900001525878906,61.75,63.880001068115234,42.1341438293457,2634000,KLAC
2013-10-28,63.599998474121094,64.97000122070312,63.599998474121094,64.75,42.707984924316406,1718300,KLAC
2013-10-29,64.55999755859375,67.05000305175781,64.55999755859375,66.19000244140625,43.657772064208984,3053900,KLAC
2013-10-30,66.05999755859375,66.22000122070312,65.27999877929688,65.81999969482422,43.41374969482422,1603400,KLAC
2013-10-31,65.91999816894531,66.54000091552734,65.5999984741211,65.5999984741211,43.26863098144531,1329400,KLAC
2013-11-01,65.88999938964844,65.9000015258789,64.29000091552734,64.88999938964844,42.800315856933594,1380800,KLAC
2013-11-04,64.87000274658203,64.88999938964844,64.05000305175781,64.47000122070312,42.52330017089844,1463500,KLAC
2013-11-05,63.56999969482422,64.62000274658203,63.56999969482422,63.970001220703125,42.19352340698242,1558300,KLAC
2013-11-06,64.5999984741211,64.7699966430664,64.02999877929688,64.6500015258789,42.64202117919922,925800,KLAC
2013-11-07,64.44000244140625,64.8499984741211,63.68000030517578,63.86000061035156,42.12095642089844,1228900,KLAC
2013-11-08,63.9900016784668,64.80000305175781,63.529998779296875,64.80000305175781,42.74095153808594,816900,KLAC
2013-11-11,63.79999923706055,63.90999984741211,62.36000061035156,62.779998779296875,41.408607482910156,1950300,KLAC
2013-11-12,62.13999938964844,63.400001525878906,62.13999938964844,63.31999969482422,41.764774322509766,989400,KLAC
2013-11-13,62.83000183105469,63.93000030517578,62.58000183105469,63.93000030517578,42.16712951660156,1031000,KLAC
2013-11-14,63.45000076293945,63.5,62.560001373291016,62.630001068115234,41.602481842041016,1056200,KLAC
2013-11-15,62.720001220703125,63.59000015258789,61.81999969482422,63.529998779296875,42.20034408569336,1912500,KLAC
2013-11-18,63.63999938964844,63.709999084472656,62.7400016784668,62.880001068115234,41.7685661315918,943100,KLAC
2013-11-19,62.380001068115234,62.869998931884766,61.83000183105469,62.02000045776367,41.19730758666992,1198400,KLAC
2013-11-20,62.439998626708984,62.61000061035156,61.56999969482422,61.869998931884766,41.097660064697266,838100,KLAC
2013-11-21,62.290000915527344,63.65999984741211,61.97999954223633,63.40999984741211,42.120635986328125,984700,KLAC
2013-11-22,63.720001220703125,63.97999954223633,63.33000183105469,63.4900016784668,42.17376708984375,1209400,KLAC
2013-11-25,63.52000045776367,63.65999984741211,63.18000030517578,63.459999084472656,42.15383529663086,864200,KLAC
2013-11-26,63.68000030517578,64.68000030517578,63.47999954223633,64.44999694824219,42.81145477294922,894800,KLAC
2013-11-27,64.0999984741211,64.5999984741211,63.75,64.02999877929688,42.53246307373047,1110200,KLAC
2013-11-29,63.900001525878906,64.51000213623047,63.86000061035156,63.869998931884766,42.42618942260742,385900,KLAC
2013-12-02,63.599998474121094,64.30000305175781,63.52000045776367,63.650001525878906,42.28005599975586,856100,KLAC
2013-12-03,63.349998474121094,64.4800033569336,63.22999954223633,63.65999984741211,42.28669738769531,965100,KLAC
2013-12-04,63.36000061035156,63.7400016784668,60.5,61.93000030517578,41.13752365112305,3780800,KLAC
2013-12-05,61.9900016784668,62.29999923706055,61.52000045776367,61.810001373291016,41.05781173706055,1675300,KLAC
2013-12-06,62.56999969482422,63.04999923706055,62.279998779296875,62.650001525878906,41.615787506103516,1033300,KLAC
2013-12-09,62.619998931884766,62.970001220703125,62.40999984741211,62.779998779296875,41.7021484375,1081000,KLAC
2013-12-10,62.709999084472656,62.869998931884766,61.97999954223633,62.369998931884766,41.42979431152344,904200,KLAC
2013-12-11,62.54999923706055,62.779998779296875,61.95000076293945,61.970001220703125,41.164093017578125,794800,KLAC
2013-12-12,61.72999954223633,62.130001068115234,60.54999923706055,60.91999816894531,40.46662521362305,1589300,KLAC
2013-12-13,61.2599983215332,61.4900016784668,60.84000015258789,61.18000030517578,40.63932800292969,905400,KLAC
2013-12-16,61.79999923706055,62.0,60.849998474121094,60.95000076293945,40.486549377441406,1375300,KLAC
2013-12-17,61.0,62.099998474121094,60.68000030517578,61.939998626708984,41.144168853759766,1063300,KLAC
2013-12-18,62.099998474121094,62.720001220703125,61.16999816894531,62.70000076293945,41.64899826049805,1196700,KLAC
2013-12-19,62.650001525878906,62.75,61.95000076293945,62.70000076293945,41.64899826049805,670800,KLAC
2013-12-20,62.70000076293945,63.459999084472656,62.4900016784668,63.119998931884766,41.92799758911133,1695900,KLAC
2013-12-23,63.41999816894531,63.970001220703125,63.220001220703125,63.849998474121094,42.41289520263672,613900,KLAC
2013-12-24,63.68000030517578,64.16000366210938,63.68000030517578,64.04000091552734,42.53910446166992,316000,KLAC
2013-12-26,64.12999725341797,64.27999877929688,63.84000015258789,64.12000274658203,42.59225082397461,441500,KLAC
2013-12-27,64.27999877929688,64.38999938964844,63.7400016784668,64.05999755859375,42.552391052246094,584100,KLAC
2013-12-30,63.95000076293945,64.30000305175781,63.63999938964844,64.19999694824219,42.6453857421875,540400,KLAC
2013-12-31,64.48999786376953,64.6500015258789,64.1500015258789,64.45999908447266,42.81808853149414,599200,KLAC
2014-01-02,64.0,64.11000061035156,63.130001068115234,63.380001068115234,42.10070037841797,982700,KLAC
2014-01-03,63.36000061035156,63.90999984741211,63.09000015258789,63.470001220703125,42.160491943359375,766000,KLAC
2014-01-06,63.41999816894531,63.41999816894531,62.22999954223633,62.36000061035156,41.42314910888672,1067600,KLAC
2014-01-07,62.439998626708984,62.779998779296875,62.08000183105469,62.33000183105469,41.403228759765625,1899900,KLAC
2014-01-08,62.56999969482422,62.7599983215332,61.97999954223633,62.29999923706055,41.38329315185547,1444600,KLAC
2014-01-09,62.5,63.5,62.25,62.4900016784668,41.50950622558594,1917000,KLAC
2014-01-10,62.779998779296875,63.779998779296875,62.2400016784668,63.619998931884766,42.26011657714844,996900,KLAC
2014-01-13,63.970001220703125,64.0,62.16999816894531,62.310001373291016,41.389930725097656,1307800,KLAC
2014-01-14,62.439998626708984,64.30000305175781,62.41999816894531,63.86000061035156,42.41954803466797,1802500,KLAC
2014-01-15,63.75,64.22000122070312,63.599998474121094,63.880001068115234,42.432823181152344,1604900,KLAC
2014-01-16,63.400001525878906,63.720001220703125,62.75,63.060001373291016,41.88813018798828,1065900,KLAC
2014-01-17,62.83000183105469,63.0,62.34000015258789,62.7400016784668,41.675567626953125,1446100,KLAC
2014-01-21,63.220001220703125,63.27000045776367,62.33000183105469,62.439998626708984,41.476295471191406,1101300,KLAC
2014-01-22,62.560001373291016,63.790000915527344,62.529998779296875,63.65999984741211,42.28669738769531,1639900,KLAC
2014-01-23,63.400001525878906,63.83000183105469,62.7599983215332,63.529998779296875,42.20034408569336,1872500,KLAC
2014-01-24,63.470001220703125,63.470001220703125,61.54999923706055,62.06999969482422,41.23052978515625,2499900,KLAC
2014-01-27,62.220001220703125,62.369998931884766,61.18000030517578,61.70000076293945,40.984745025634766,1392700,KLAC
2014-01-28,61.689998626708984,62.29999923706055,61.20000076293945,61.61000061035156,40.924964904785156,1811800,KLAC
2014-01-29,61.439998626708984,61.91999816894531,61.130001068115234,61.52000045776367,40.86518859863281,1389300,KLAC
2014-01-30,62.13999938964844,62.369998931884766,61.25,61.68000030517578,40.971458435058594,1498100,KLAC
2014-01-31,60.689998626708984,61.65999984741211,60.619998931884766,61.470001220703125,40.83195877075195,1638400,KLAC
2014-02-03,60.22999954223633,60.91999816894531,59.5099983215332,59.72999954223633,39.676151275634766,2006500,KLAC
2014-02-04,60.0,60.36000061035156,59.439998626708984,60.290000915527344,40.04814147949219,1669500,KLAC
2014-02-05,60.15999984741211,61.36000061035156,59.849998474121094,60.93000030517578,40.47325897216797,1556600,KLAC
2014-02-06,60.90999984741211,62.63999938964844,60.900001525878906,61.83000183105469,41.07110595703125,1743000,KLAC
2014-02-07,62.0099983215332,62.36000061035156,61.5099983215332,62.2400016784668,41.34344482421875,893100,KLAC
2014-02-10,62.0099983215332,62.380001068115234,61.880001068115234,62.33000183105469,41.403228759765625,924100,KLAC
2014-02-11,62.2599983215332,63.790000915527344,62.2599983215332,63.61000061035156,42.25348663330078,1070100,KLAC
2014-02-12,63.4900016784668,64.19000244140625,63.470001220703125,63.790000915527344,42.373043060302734,1123700,KLAC
2014-02-13,62.72999954223633,64.44999694824219,62.63999938964844,64.44000244140625,43.10892868041992,1287500,KLAC
2014-02-14,64.0999984741211,65.44000244140625,64.0999984741211,65.27999877929688,43.67085266113281,1411000,KLAC
2014-02-18,65.22000122070312,65.48999786376953,64.43000030517578,64.48999786376953,43.14236068725586,1350300,KLAC
2014-02-19,64.4000015258789,64.69000244140625,64.06999969482422,64.4000015258789,43.0821647644043,1432800,KLAC
2014-02-20,64.5999984741211,64.97000122070312,64.36000061035156,64.6500015258789,43.24939727783203,1154600,KLAC
2014-02-21,64.94000244140625,65.63999938964844,64.51000213623047,64.97000122070312,43.46348190307617,1639700,KLAC
2014-02-24,65.5,66.02999877929688,65.04000091552734,65.3499984741211,43.71769332885742,985400,KLAC
2014-02-25,65.3499984741211,65.45999908447266,64.63999938964844,65.2699966430664,43.66417694091797,1079100,KLAC
2014-02-26,65.55000305175781,66.12000274658203,65.05000305175781,65.23999786376953,43.64410400390625,870800,KLAC
2014-02-27,65.06999969482422,65.36000061035156,64.5,64.97000122070312,43.46348190307617,872000,KLAC
2014-02-28,65.12000274658203,65.58000183105469,64.56999969482422,65.1500015258789,43.58388900756836,1158600,KLAC
2014-03-03,64.45999908447266,64.83000183105469,63.900001525878906,64.31999969482422,43.02864074707031,758100,KLAC
2014-03-04,65.05999755859375,65.62000274658203,64.72000122070312,65.22000122070312,43.63071823120117,1096900,KLAC
2014-03-05,65.29000091552734,65.55999755859375,64.87999725341797,65.45999908447266,43.791282653808594,602300,KLAC
2014-03-06,65.44000244140625,66.23999786376953,65.29000091552734,66.12999725341797,44.23948669433594,830900,KLAC
2014-03-07,66.41999816894531,67.16000366210938,66.12000274658203,66.8499984741211,44.72114944458008,1314200,KLAC
2014-03-10,66.94000244140625,67.12999725341797,65.91000366210938,66.13999938964844,44.24618148803711,1168500,KLAC
2014-03-11,66.52999877929688,67.5,65.94999694824219,66.37000274658203,44.400047302246094,1207300,KLAC
2014-03-12,65.83999633789062,67.66999816894531,65.79000091552734,67.62999725341797,45.24295425415039,1767900,KLAC
2014-03-13,67.62999725341797,67.80999755859375,66.41000366210938,66.75,44.65427780151367,2131000,KLAC
2014-03-14,66.45999908447266,67.22000122070312,66.45999908447266,66.87999725341797,44.74121856689453,1429400,KLAC
2014-03-17,67.12999725341797,67.83000183105469,67.01000213623047,67.77999877929688,45.34330368041992,1636800,KLAC
2014-03-18,67.56999969482422,68.6500015258789,67.52999877929688,68.55000305175781,45.85841751098633,1210000,KLAC
2014-03-19,68.66999816894531,69.12999725341797,68.08000183105469,68.5999984741211,45.891868591308594,1277200,KLAC
2014-03-20,68.08000183105469,69.95999908447266,67.95999908447266,69.94000244140625,46.78829574584961,1791300,KLAC
2014-03-21,70.73999786376953,70.7699966430664,69.76000213623047,70.0199966430664,46.84181594848633,2401300,KLAC
2014-03-24,70.33999633789062,70.55000305175781,69.26000213623047,69.58000183105469,46.5474739074707,1890200,KLAC
2014-03-25,69.80999755859375,70.0,69.36000061035156,69.80999755859375,46.70132827758789,1354400,KLAC
2014-03-26,70.26000213623047,70.77999877929688,68.97000122070312,68.98999786376953,46.152767181396484,1366700,KLAC
2014-03-27,69.02999877929688,69.02999877929688,68.22000122070312,68.5,45.82495880126953,1399300,KLAC
2014-03-28,68.66000366210938,69.81999969482422,68.43000030517578,68.75,45.99221420288086,810600,KLAC
2014-03-31,69.05999755859375,69.8499984741211,68.86000061035156,69.13999938964844,46.253116607666016,1171600,KLAC
2014-04-01,69.55999755859375,70.04000091552734,69.06999969482422,70.0199966430664,46.84181594848633,1280300,KLAC
2014-04-02,70.25,70.94999694824219,69.73999786376953,70.88999938964844,47.423831939697266,1697900,KLAC
2014-04-03,70.52999877929688,71.93000030517578,70.52999877929688,71.22000122070312,47.64459228515625,1650800,KLAC
2014-04-04,71.58999633789062,71.6500015258789,69.16999816894531,69.4000015258789,46.42705535888672,2416000,KLAC
2014-04-07,69.38999938964844,69.38999938964844,68.05000305175781,68.80999755859375,46.0323486328125,2562300,KLAC
2014-04-08,68.30999755859375,68.52999877929688,67.61000061035156,68.02999877929688,45.51055145263672,1711500,KLAC
2014-04-09,68.36000061035156,68.95999908447266,67.70999908447266,68.87000274658203,46.072486877441406,1080100,KLAC
2014-04-10,68.98999786376953,69.0199966430664,66.55000305175781,66.68000030517578,44.6074333190918,1809900,KLAC
2014-04-11,66.12999725341797,66.87000274658203,65.33000183105469,65.5,43.818031311035156,2064000,KLAC
2014-04-14,66.01000213623047,66.4800033569336,65.30999755859375,65.91000366210938,44.092315673828125,1162200,KLAC
2014-04-15,66.0,66.37000274658203,65.0199966430664,66.1500015258789,44.252872467041016,1229600,KLAC
2014-04-16,65.0199966430664,65.77999877929688,63.959999084472656,65.77999877929688,44.00534439086914,1923700,KLAC
2014-04-17,65.61000061035156,66.62999725341797,65.58999633789062,66.11000061035156,44.22610092163086,1293700,KLAC
2014-04-21,66.58000183105469,66.83999633789062,65.91999816894531,66.4000015258789,44.42011642456055,708200,KLAC
2014-04-22,66.13999938964844,67.0199966430664,65.91000366210938,66.76000213623047,44.660945892333984,926300,KLAC
2014-04-23,66.58999633789062,67.12000274658203,66.30999755859375,66.72000122070312,44.63418960571289,1553500,KLAC
2014-04-24,68.0199966430664,68.58999633789062,66.5,67.73999786376953,45.31654739379883,2463300,KLAC
2014-04-25,63.0,65.0,62.59000015258789,62.90999984741211,42.08538055419922,4479400,KLAC
2014-04-28,63.290000915527344,63.79999923706055,62.16999816894531,63.45000076293945,42.44663619995117,2245000,KLAC
2014-04-29,63.939998626708984,64.93000030517578,63.40999984741211,64.2699966430664,42.995182037353516,2534300,KLAC
2014-04-30,64.0999984741211,64.87999725341797,63.81999969482422,63.9900016784668,42.80788040161133,3010800,KLAC
2014-05-01,63.9900016784668,64.30999755859375,62.75,62.91999816894531,42.09208679199219,2399200,KLAC
2014-05-02,63.04999923706055,63.560001373291016,62.75,63.20000076293945,42.279388427734375,1072600,KLAC
2014-05-05,62.52000045776367,63.119998931884766,62.470001220703125,62.709999084472656,41.95158767700195,1215300,KLAC
2014-05-06,62.81999969482422,62.849998474121094,62.060001373291016,62.29999923706055,41.67730712890625,1003500,KLAC
2014-05-07,62.290000915527344,62.93000030517578,61.939998626708984,62.900001525878906,42.07869338989258,1428100,KLAC
2014-05-08,62.43000030517578,63.84000015258789,62.400001525878906,62.59000015258789,41.871315002441406,1194800,KLAC
2014-05-09,62.439998626708984,63.22999954223633,61.9900016784668,63.11000061035156,42.219181060791016,1117400,KLAC
2014-05-12,63.5,64.44999694824219,63.33000183105469,64.12000274658203,42.89485549926758,1070400,KLAC
2014-05-13,64.20999908447266,64.27999877929688,63.029998779296875,63.099998474121094,42.212493896484375,1527800,KLAC
2014-05-14,62.34000015258789,63.34000015258789,62.34000015258789,62.9900016784668,42.13890075683594,986300,KLAC
2014-05-15,62.5099983215332,62.560001373291016,61.43000030517578,62.380001068115234,42.031089782714844,1455000,KLAC
2014-05-16,62.119998931884766,63.630001068115234,62.119998931884766,63.150001525878906,42.54991912841797,1551900,KLAC
2014-05-19,63.0,63.97999954223633,63.0,63.66999816894531,42.9002799987793,1081500,KLAC
2014-05-20,63.7599983215332,63.79999923706055,62.97999954223633,63.220001220703125,42.597084045410156,1045500,KLAC
2014-05-21,63.52000045776367,63.869998931884766,63.220001220703125,63.560001373291016,42.826171875,603900,KLAC
2014-05-22,63.720001220703125,64.05000305175781,63.45000076293945,63.63999938964844,42.880069732666016,826900,KLAC
2014-05-23,63.900001525878906,64.30000305175781,63.66999816894531,64.18000030517578,43.24391555786133,886400,KLAC
2014-05-27,64.38999938964844,65.23999786376953,64.11000061035156,65.23999786376953,43.95813751220703,1184300,KLAC
2014-05-28,65.41999816894531,65.5199966430664,64.80000305175781,65.41999816894531,44.07942199707031,1062000,KLAC
2014-05-29,65.4800033569336,65.70999908447266,65.04000091552734,65.6500015258789,44.234397888183594,1172100,KLAC
2014-05-30,65.75,65.87999725341797,65.1500015258789,65.5199966430664,44.14680480957031,767300,KLAC
2014-06-02,65.7300033569336,66.13999938964844,65.25,65.58000183105469,44.18722915649414,561700,KLAC
2014-06-03,65.16999816894531,66.11000061035156,65.16999816894531,65.8499984741211,44.36914825439453,1032900,KLAC
2014-06-04,65.69999694824219,66.36000061035156,65.66999816894531,66.25,44.638668060302734,1088000,KLAC
2014-06-05,66.20999908447266,66.69999694824219,65.79000091552734,66.44999694824219,44.77341842651367,969700,KLAC
2014-06-06,66.93000030517578,67.0,66.58999633789062,66.97000122070312,45.12380599975586,666100,KLAC
2014-06-09,67.0,68.06999969482422,66.9800033569336,68.0199966430664,45.831275939941406,1287700,KLAC
2014-06-10,68.11000061035156,68.25,67.41999816894531,68.11000061035156,45.89191818237305,1020700,KLAC
2014-06-11,67.26000213623047,68.5999984741211,67.26000213623047,68.12000274658203,45.89864730834961,887800,KLAC
2014-06-12,67.93000030517578,68.5,67.6500015258789,67.8499984741211,45.71672439575195,1527400,KLAC
2014-06-13,68.26000213623047,68.73999786376953,67.97000122070312,68.56999969482422,46.20186233520508,791700,KLAC
2014-06-16,67.94999694824219,69.0,67.94999694824219,68.69999694824219,46.28944778442383,574100,KLAC
2014-06-17,68.45999908447266,69.29000091552734,68.4000015258789,69.13999938964844,46.5859260559082,697900,KLAC
2014-06-18,69.2300033569336,69.30000305175781,68.19000244140625,69.04000091552734,46.5185546875,708000,KLAC
2014-06-19,69.08000183105469,69.27999877929688,68.22000122070312,68.91999816894531,46.437679290771484,1010100,KLAC
2014-06-20,69.19999694824219,70.0199966430664,69.06999969482422,70.0,47.1653938293457,1963800,KLAC
2014-06-23,70.0,70.3499984741211,69.7300033569336,70.30999755859375,47.37425994873047,956300,KLAC
2014-06-24,70.0,70.30999755859375,69.27999877929688,69.44000244140625,46.788063049316406,1406400,KLAC
2014-06-25,69.66999816894531,69.91999816894531,68.97000122070312,69.80000305175781,47.03063201904297,1483600,KLAC
2014-06-26,69.80000305175781,69.95999908447266,69.13999938964844,69.95999908447266,47.13843536376953,1150300,KLAC
2014-06-27,70.0,71.16999816894531,69.7300033569336,70.97000122070312,47.818965911865234,4251300,KLAC
2014-06-30,71.95999908447266,72.77999877929688,71.48999786376953,72.63999938964844,48.94419479370117,1971900,KLAC
2014-07-01,72.7300033569336,73.58999633789062,72.51000213623047,73.06999969482422,49.233924865722656,1810400,KLAC
2014-07-02,72.77999877929688,73.44999694824219,72.73999786376953,73.23999786376953,49.34846115112305,1756000,KLAC
2014-07-03,73.62999725341797,74.69999694824219,73.45999908447266,74.62000274658203,50.27830123901367,1509600,KLAC
2014-07-07,74.7300033569336,75.06999969482422,73.83000183105469,74.02999877929688,49.8807487487793,2510700,KLAC
2014-07-08,74.30999755859375,74.94999694824219,72.91000366210938,74.08999633789062,49.92118453979492,4082500,KLAC
2014-07-09,74.05000305175781,75.01000213623047,73.68000030517578,74.86000061035156,50.44001770019531,2931400,KLAC
2014-07-10,73.7699966430664,75.4000015258789,73.70999908447266,74.72000122070312,50.345680236816406,2034000,KLAC
2014-07-11,74.86000061035156,74.86000061035156,74.22000122070312,74.61000061035156,50.27156448364258,909500,KLAC
2014-07-14,75.22000122070312,75.2699966430664,74.61000061035156,74.9000015258789,50.46696853637695,1037200,KLAC
2014-07-15,74.77999877929688,75.13999938964844,73.86000061035156,74.2300033569336,50.01552963256836,1773500,KLAC
2014-07-16,74.36000061035156,75.37999725341797,73.8499984741211,74.12000274658203,49.941410064697266,2968000,KLAC
2014-07-17,73.7699966430664,74.54000091552734,73.54000091552734,74.01000213623047,49.86728286743164,2266100,KLAC
2014-07-18,74.25,74.79000091552734,73.97000122070312,74.5,50.197444915771484,969100,KLAC
2014-07-21,73.9800033569336,74.9000015258789,73.95999908447266,74.62000274658203,50.27830123901367,770100,KLAC
2014-07-22,74.80999755859375,75.0,74.41000366210938,74.5199966430664,50.21091842651367,1349500,KLAC
2014-07-23,74.62999725341797,74.62999725341797,73.08000183105469,73.26000213623047,49.3619499206543,2646000,KLAC
2014-07-24,73.45999908447266,73.88999938964844,72.80999755859375,73.0199966430664,49.20023727416992,2281900,KLAC
2014-07-25,70.37999725341797,72.33999633789062,70.0999984741211,71.5999984741211,48.24345779418945,4968300,KLAC
2014-07-28,71.5199966430664,72.05999755859375,70.7300033569336,71.83000183105469,48.39842224121094,1611900,KLAC
2014-07-29,72.06999969482422,72.52999877929688,71.30999755859375,71.4000015258789,48.10869598388672,1329800,KLAC
2014-07-30,72.08999633789062,72.38999938964844,71.37999725341797,71.88999938964844,48.43886184692383,1220200,KLAC
2014-07-31,71.55000305175781,71.91000366210938,71.06999969482422,71.48999786376953,48.16933059692383,1583800,KLAC
2014-08-01,71.37000274658203,72.12000274658203,71.20999908447266,71.62999725341797,48.26365661621094,1381100,KLAC
2014-08-04,71.41000366210938,72.4000015258789,71.36000061035156,72.16999816894531,48.62752151489258,1265300,KLAC
2014-08-05,71.54000091552734,72.27999877929688,71.30000305175781,71.5999984741211,48.24345779418945,1765600,KLAC
2014-08-06,70.91000366210938,72.37000274658203,70.91000366210938,71.87999725341797,48.43210220336914,1307000,KLAC
2014-08-07,72.30000305175781,72.30000305175781,71.33000183105469,71.62999725341797,48.26365661621094,1540700,KLAC
2014-08-08,71.72000122070312,72.4000015258789,71.5199966430664,72.33999633789062,48.7420539855957,989500,KLAC
2014-08-11,72.44000244140625,73.43000030517578,72.4000015258789,72.5999984741211,48.917240142822266,974100,KLAC
2014-08-12,72.31999969482422,72.9800033569336,72.20999908447266,72.81999969482422,49.06547927856445,1080200,KLAC
2014-08-13,72.8499984741211,73.29000091552734,72.66000366210938,72.93000030517578,49.13959503173828,1264700,KLAC
2014-08-14,72.45999908447266,73.11000061035156,72.2699966430664,73.04000091552734,49.55345153808594,803500,KLAC
2014-08-15,73.33000183105469,74.41000366210938,73.25,74.06999969482422,50.252235412597656,1563800,KLAC
2014-08-18,74.44000244140625,74.5199966430664,73.87999725341797,74.37000274658203,50.455772399902344,989100,KLAC
2014-08-19,74.30000305175781,75.06999969482422,72.33000183105469,74.95999908447266,50.85605239868164,708200,KLAC
2014-08-20,74.68000030517578,75.08000183105469,74.4800033569336,74.69999694824219,50.67966079711914,694500,KLAC
2014-08-21,74.8499984741211,75.30000305175781,74.5999984741211,75.13999938964844,50.97817611694336,576900,KLAC
2014-08-22,75.1500015258789,75.48999786376953,74.8499984741211,74.9800033569336,50.869625091552734,603100,KLAC
2014-08-25,75.30000305175781,75.66000366210938,75.19999694824219,75.51000213623047,51.22919845581055,749700,KLAC
2014-08-26,75.7300033569336,76.08999633789062,75.51000213623047,75.97000122070312,51.54127883911133,1203400,KLAC
2014-08-27,75.83999633789062,76.44999694824219,75.83999633789062,76.43000030517578,51.853355407714844,916600,KLAC
2014-08-28,76.2699966430664,76.44000244140625,75.93000030517578,76.33000183105469,51.78553009033203,794500,KLAC
2014-08-29,76.63999938964844,76.7300033569336,76.16000366210938,76.41999816894531,51.84657669067383,831500,KLAC
2014-09-02,76.54000091552734,77.30000305175781,76.47000122070312,77.1500015258789,52.34184646606445,1328600,KLAC
2014-09-03,77.2699966430664,77.91000366210938,77.08000183105469,77.72000122070312,52.728553771972656,1144900,KLAC
2014-09-04,77.72000122070312,78.13999938964844,77.33999633789062,77.5999984741211,52.64713668823242,1532000,KLAC
2014-09-05,77.44999694824219,78.33000183105469,77.4000015258789,78.30999755859375,53.12882614135742,1274300,KLAC
2014-09-08,78.30999755859375,79.0199966430664,78.1500015258789,78.6500015258789,53.35951232910156,1856600,KLAC
2014-09-09,78.38999938964844,79.06999969482422,78.02999877929688,78.56999969482422,53.30522918701172,2836000,KLAC
2014-09-10,78.80000305175781,79.05000305175781,78.2699966430664,78.66999816894531,53.37307357788086,1754900,KLAC
2014-09-11,78.37999725341797,78.77999877929688,78.12000274658203,78.63999938964844,53.352725982666016,1120800,KLAC
2014-09-12,78.63999938964844,78.63999938964844,78.19999694824219,78.27999877929688,53.108489990234375,1466300,KLAC
2014-09-15,78.08000183105469,78.4800033569336,77.23999786376953,77.33000183105469,52.463951110839844,2361400,KLAC
2014-09-16,77.11000061035156,78.4000015258789,76.95999908447266,78.27999877929688,53.108489990234375,1249300,KLAC
2014-09-17,78.30999755859375,79.7699966430664,78.0199966430664,79.56999969482422,53.98367691040039,1324500,KLAC
2014-09-18,79.56999969482422,80.88999938964844,79.44000244140625,80.86000061035156,54.85886764526367,1401700,KLAC
2014-09-19,81.2300033569336,81.2699966430664,80.5199966430664,80.7699966430664,54.79780578613281,2297300,KLAC
2014-09-22,80.5199966430664,80.77999877929688,79.88999938964844,80.08999633789062,54.33646774291992,1898600,KLAC
2014-09-23,79.91999816894531,80.5199966430664,79.61000061035156,80.0,54.2754020690918,1817600,KLAC
2014-09-24,79.98999786376953,80.52999877929688,79.9000015258789,80.5199966430664,54.62818908691406,1402200,KLAC
2014-09-25,80.33000183105469,80.51000213623047,78.88999938964844,79.52999877929688,53.95653533935547,1844100,KLAC
2014-09-26,79.51000213623047,80.19000244140625,79.41000366210938,80.05999755859375,54.31612014770508,838900,KLAC
2014-09-29,79.55999755859375,80.19999694824219,79.43000030517578,79.8499984741211,54.17363739013672,821000,KLAC
2014-09-30,79.75,79.87999725341797,78.76000213623047,78.77999877929688,53.44769287109375,1350900,KLAC
2014-10-01,78.87999725341797,78.87999725341797,76.29000091552734,76.54000091552734,51.92799377441406,2079500,KLAC
2014-10-02,76.26000213623047,76.9000015258789,75.58000183105469,76.6500015258789,52.002620697021484,1403400,KLAC
2014-10-03,76.2699966430664,76.66999816894531,75.93000030517578,76.25,51.731239318847656,1314700,KLAC
2014-10-06,76.62000274658203,76.66999816894531,75.54000091552734,76.0,51.56163024902344,1540800,KLAC
2014-10-07,75.58999633789062,76.1500015258789,74.44999694824219,75.51000213623047,51.22919845581055,2352300,KLAC
2014-10-08,75.75,76.04000091552734,75.16999816894531,75.83999633789062,51.45307540893555,3846300,KLAC
2014-10-09,75.56999969482422,76.0,73.62000274658203,73.6500015258789,49.96728515625,2425600,KLAC
2014-10-10,72.0,72.0999984741211,67.73999786376953,68.06999969482422,46.18159484863281,6705700,KLAC
2014-10-13,67.91999816894531,68.29000091552734,65.5999984741211,65.61000061035156,44.51261520385742,3379200,KLAC
2014-10-14,66.5199966430664,67.5,65.51000213623047,66.41999816894531,45.06215286254883,2430700,KLAC
2014-10-15,65.29000091552734,67.83999633789062,65.25,67.45999908447266,45.767723083496094,2515900,KLAC
2014-10-16,66.33000183105469,68.94999694824219,66.18000030517578,68.2300033569336,46.290130615234375,1684500,KLAC
2014-10-17,68.93000030517578,69.62000274658203,68.30000305175781,68.44000244140625,46.43260955810547,1305400,KLAC
2014-10-20,68.2699966430664,69.58999633789062,67.83999633789062,69.55999755859375,47.19246292114258,951400,KLAC
2014-10-21,69.7300033569336,71.4000015258789,66.47000122070312,71.37999725341797,48.42722702026367,1088200,KLAC
2014-10-22,71.79000091552734,71.98999786376953,70.23999786376953,70.30000305175781,47.69451141357422,1258100,KLAC
2014-10-23,70.73999786376953,71.69999694824219,70.08000183105469,71.0,48.1694221496582,3933200,KLAC
2014-10-24,76.16999816894531,78.62999725341797,73.29000091552734,75.9000015258789,51.49379348754883,8183700,KLAC
2014-10-27,75.93000030517578,76.27999877929688,74.30000305175781,75.05999755859375,50.923892974853516,2689500,KLAC
2014-10-28,75.25,76.11000061035156,74.97000122070312,76.0999984741211,51.629478454589844,2180500,KLAC
2014-10-29,75.0199966430664,76.69000244140625,75.0199966430664,76.30000305175781,51.76516342163086,2082900,KLAC
2014-10-30,75.9800033569336,76.41000366210938,75.1500015258789,76.36000061035156,51.80586242675781,1824000,KLAC
2014-10-31,78.37000274658203,79.87999725341797,77.98999786376953,79.1500015258789,53.69872283935547,1918100,KLAC
2014-11-03,79.04000091552734,80.5199966430664,79.0199966430664,79.94999694824219,54.241485595703125,1896200,KLAC
2014-11-04,79.62999725341797,80.70999908447266,79.12000274658203,80.02999877929688,54.29576873779297,2122300,KLAC
2014-11-05,80.31999969482422,81.6500015258789,79.54000091552734,81.27999877929688,55.14380645751953,1212600,KLAC
2014-11-06,81.45999908447266,82.02999877929688,80.5999984741211,80.83000183105469,54.83852005004883,1399900,KLAC
2014-11-07,81.1500015258789,81.16000366210938,79.26000213623047,80.0,54.2754020690918,1507300,KLAC
2014-11-10,80.12000274658203,80.8499984741211,79.94000244140625,80.51000213623047,54.62141418457031,1019400,KLAC
2014-11-11,80.62999725341797,80.8499984741211,80.0,80.19000244140625,54.4043083190918,799500,KLAC
2014-11-12,80.12000274658203,80.27999877929688,79.30000305175781,79.7300033569336,54.092227935791016,945800,KLAC
2014-11-13,79.56999969482422,80.2699966430664,79.2300033569336,79.44000244140625,54.2356071472168,1022300,KLAC
2014-11-14,79.56999969482422,80.5199966430664,78.9800033569336,80.33000183105469,54.843223571777344,945300,KLAC
2014-11-17,79.4000015258789,79.79000091552734,78.63999938964844,79.0199966430664,53.948848724365234,1288100,KLAC
2014-11-18,78.98999786376953,80.91000366210938,78.98999786376953,80.70999908447266,55.1026611328125,1309000,KLAC
2014-11-19,80.6500015258789,81.22000122070312,80.2300033569336,81.01000213623047,55.30747985839844,1911500,KLAC
2014-11-20,80.87999725341797,81.36000061035156,80.25,80.69000244140625,55.08900451660156,2562200,KLAC
2014-11-21,81.77999877929688,81.77999877929688,80.55000305175781,81.5199966430664,55.65565490722656,2435000,KLAC
2014-11-24,82.0999984741211,83.91999816894531,81.80000305175781,83.70999908447266,57.150821685791016,2461400,KLAC
2014-11-25,83.98999786376953,84.20999908447266,83.26000213623047,84.18000030517578,57.47172546386719,2533100,KLAC
2014-11-26,67.52999877929688,67.88999938964844,66.73999786376953,67.33000183105469,57.17450714111328,2725900,KLAC
2014-11-28,67.68000030517578,69.62000274658203,67.5,69.44000244140625,58.96625518798828,1944100,KLAC
2014-12-01,69.06999969482422,69.7699966430664,68.20999908447266,68.86000061035156,58.47373962402344,2107000,KLAC
2014-12-02,68.94000244140625,69.0999984741211,68.18000030517578,68.83999633789062,58.456748962402344,1925000,KLAC
2014-12-03,68.97000122070312,71.20999908447266,68.70999908447266,71.0199966430664,60.30792236328125,2271700,KLAC
2014-12-04,71.13999938964844,71.70999908447266,69.97000122070312,70.33000183105469,59.722015380859375,1851100,KLAC
2014-12-05,70.33000183105469,71.08999633789062,70.33000183105469,70.66000366210938,60.002227783203125,1413800,KLAC
2014-12-08,70.4000015258789,70.76000213623047,69.25,69.55999755859375,59.068145751953125,1568000,KLAC
2014-12-09,69.2699966430664,70.13999938964844,68.75,69.87999725341797,59.33987808227539,1243900,KLAC
2014-12-10,69.81999969482422,70.37000274658203,69.04000091552734,69.12999725341797,58.703006744384766,1897000,KLAC
2014-12-11,69.48999786376953,70.33999633789062,69.0199966430664,69.1500015258789,58.719993591308594,1359900,KLAC
2014-12-12,68.75,69.80999755859375,68.5,68.62999725341797,58.27842712402344,1864400,KLAC
2014-12-15,68.55999755859375,69.5199966430664,67.29000091552734,67.36000061035156,57.19997787475586,2169900,KLAC
2014-12-16,67.47000122070312,68.19999694824219,66.68000030517578,66.72000122070312,56.65650177001953,1658700,KLAC
2014-12-17,67.0199966430664,67.94000244140625,66.22000122070312,67.75,57.53115463256836,1198400,KLAC
2014-12-18,68.66999816894531,69.58000183105469,68.06999969482422,69.58000183105469,59.085140228271484,1160400,KLAC
2014-12-19,69.5199966430664,70.01000213623047,69.06999969482422,69.72000122070312,59.204017639160156,2978000,KLAC
2014-12-22,70.9000015258789,72.3499984741211,70.30000305175781,72.16000366210938,61.27599334716797,1637500,KLAC
2014-12-23,72.5199966430664,73.12000274658203,72.30000305175781,72.62999725341797,61.67509078979492,1748700,KLAC
2014-12-24,72.62999725341797,72.88999938964844,71.97000122070312,72.0199966430664,61.15709686279297,478200,KLAC
2014-12-26,72.02999877929688,72.36000061035156,71.76000213623047,71.8499984741211,61.01272964477539,554800,KLAC
2014-12-29,71.5,71.93000030517578,71.30999755859375,71.63999938964844,60.83442687988281,702200,KLAC
2014-12-30,71.27999877929688,71.76000213623047,71.0,71.19000244140625,60.4522819519043,768800,KLAC
2014-12-31,71.61000061035156,71.87999725341797,70.29000091552734,70.31999969482422,59.713523864746094,992900,KLAC
2015-01-02,70.62000274658203,71.26000213623047,69.80999755859375,70.29000091552734,59.688045501708984,821000,KLAC
2015-01-05,69.7699966430664,70.05000305175781,68.68000030517578,68.72000122070312,58.3548469543457,1068300,KLAC
2015-01-06,68.55999755859375,68.80999755859375,66.51000213623047,66.69000244140625,56.63103103637695,1951500,KLAC
2015-01-07,66.77999877929688,67.83000183105469,66.51000213623047,67.80000305175781,57.573612213134766,1636600,KLAC
2015-01-08,68.37999725341797,69.44000244140625,68.18000030517578,68.93000030517578,58.533164978027344,1276100,KLAC
2015-01-09,69.29000091552734,69.55000305175781,68.33999633789062,69.16999816894531,58.736976623535156,714000,KLAC
2015-01-12,69.13999938964844,69.31999969482422,66.66999816894531,67.08999633789062,56.9706916809082,1532200,KLAC
2015-01-13,67.81999969482422,68.48999786376953,65.30999755859375,65.98999786376953,56.03662109375,1473200,KLAC
2015-01-14,65.20999908447266,66.23999786376953,64.91000366210938,65.55000305175781,55.66297912597656,1789400,KLAC
2015-01-15,67.25,69.08999633789062,66.36000061035156,66.87000274658203,56.78388977050781,3301400,KLAC
2015-01-16,66.7300033569336,67.98999786376953,66.45999908447266,67.83000183105469,57.599082946777344,1399200,KLAC
2015-01-20,68.25,69.05999755859375,67.52999877929688,68.91000366210938,58.51618576049805,1515100,KLAC
2015-01-21,68.4800033569336,69.93000030517578,68.4800033569336,69.41000366210938,58.94078063964844,1250100,KLAC
2015-01-22,69.48999786376953,71.12999725341797,68.68000030517578,70.94999694824219,60.24848175048828,2274500,KLAC
2015-01-23,66.58000183105469,67.5,65.12000274658203,65.23999786376953,55.39973449707031,5466800,KLAC
2015-01-26,64.87999725341797,65.69999694824219,64.18000030517578,65.44000244140625,55.56957244873047,3084700,KLAC
2015-01-27,63.86000061035156,64.18000030517578,63.0099983215332,63.34000015258789,53.78632354736328,2535100,KLAC
2015-01-28,64.01000213623047,64.44000244140625,62.7400016784668,62.7599983215332,53.293792724609375,1700600,KLAC
2015-01-29,62.529998779296875,63.56999969482422,62.11000061035156,63.38999938964844,53.82878112792969,1281000,KLAC
2015-01-30,62.40999984741211,63.400001525878906,61.34000015258789,61.470001220703125,52.1983757019043,1631600,KLAC
2015-02-02,61.41999816894531,62.099998474121094,60.209999084472656,61.869998931884766,52.53803634643555,1434200,KLAC
2015-02-03,62.029998779296875,63.540000915527344,61.91999816894531,63.470001220703125,53.8967170715332,1482900,KLAC
2015-02-04,63.40999984741211,63.849998474121094,62.75,63.15999984741211,53.63346862792969,1512400,KLAC
2015-02-05,63.150001525878906,63.380001068115234,62.36000061035156,63.27000045776367,53.72687530517578,1298800,KLAC
2015-02-06,63.560001373291016,63.959999084472656,62.38999938964844,62.61000061035156,53.16643142700195,1663200,KLAC
2015-02-09,62.0099983215332,62.5,61.529998779296875,62.209999084472656,52.82676315307617,1788300,KLAC
2015-02-10,62.75,63.880001068115234,62.22999954223633,63.810001373291016,54.185428619384766,1269700,KLAC
2015-02-11,63.95000076293945,64.33999633789062,63.459999084472656,63.959999084472656,54.312801361083984,890900,KLAC
2015-02-12,63.599998474121094,63.939998626708984,63.040000915527344,63.869998931884766,54.66371536254883,869900,KLAC
2015-02-13,64.13999938964844,64.26000213623047,63.54999923706055,63.63999938964844,54.466854095458984,1419900,KLAC
2015-02-17,63.66999816894531,64.1500015258789,63.5,63.93000030517578,54.71506118774414,1068700,KLAC
2015-02-18,63.709999084472656,64.66999816894531,63.630001068115234,64.29000091552734,55.023162841796875,1014000,KLAC
2015-02-19,63.959999084472656,64.98999786376953,63.81999969482422,64.66000366210938,55.339839935302734,640100,KLAC
2015-02-20,64.55000305175781,65.19000244140625,64.19999694824219,64.97000122070312,55.605159759521484,995300,KLAC
2015-02-23,64.83000183105469,64.93000030517578,64.36000061035156,64.47000122070312,55.17722702026367,942100,KLAC
2015-02-24,64.68000030517578,66.36000061035156,64.4800033569336,66.27999877929688,56.72632598876953,1104800,KLAC
2015-02-25,66.12999725341797,66.66000366210938,65.7300033569336,65.87999725341797,56.38398742675781,922100,KLAC
2015-02-26,65.9000015258789,66.12000274658203,65.12999725341797,65.51000213623047,56.06731414794922,775600,KLAC
2015-02-27,65.45999908447266,65.58999633789062,64.8499984741211,64.95999908447266,55.596595764160156,941100,KLAC
2015-03-02,65.19000244140625,66.23999786376953,65.19000244140625,65.69999694824219,56.229923248291016,1370500,KLAC
2015-03-03,65.30000305175781,65.58999633789062,63.849998474121094,63.900001525878906,54.68938064575195,1288000,KLAC
2015-03-04,63.5,63.900001525878906,62.83000183105469,63.150001525878906,54.04749298095703,1052800,KLAC
2015-03-05,63.13999938964844,63.40999984741211,62.150001525878906,62.22999954223633,53.26009750366211,2591700,KLAC
2015-03-06,61.93000030517578,62.369998931884766,60.959999084472656,61.060001373291016,52.25874710083008,1478400,KLAC
2015-03-09,61.0099983215332,61.65999984741211,61.0099983215332,61.369998931884766,52.5240592956543,1178200,KLAC
2015-03-10,60.68000030517578,61.060001373291016,60.09000015258789,60.150001525878906,51.47991180419922,1545500,KLAC
2015-03-11,60.540000915527344,61.02000045776367,60.15999984741211,60.279998779296875,51.59117126464844,813000,KLAC
2015-03-12,60.08000183105469,60.470001220703125,59.54999923706055,60.40999984741211,51.70244216918945,1168300,KLAC
2015-03-13,60.369998931884766,61.060001373291016,60.09000015258789,60.709999084472656,51.95918273925781,1078400,KLAC
2015-03-16,61.0,62.029998779296875,60.86000061035156,61.91999816894531,52.994781494140625,1064400,KLAC
2015-03-17,61.43000030517578,61.66999816894531,61.09000015258789,61.380001068115234,52.53261947631836,809900,KLAC
2015-03-18,61.25,62.20000076293945,60.58000183105469,61.790000915527344,52.88351821899414,1449100,KLAC
2015-03-19,61.88999938964844,62.529998779296875,61.86000061035156,62.22999954223633,53.26009750366211,1021200,KLAC
2015-03-20,62.65999984741211,63.689998626708984,62.38999938964844,63.540000915527344,54.38127136230469,1937600,KLAC
2015-03-23,63.36000061035156,63.83000183105469,63.25,63.27000045776367,54.15019226074219,1089600,KLAC
2015-03-24,63.11000061035156,63.61000061035156,62.939998626708984,62.970001220703125,53.8934326171875,936500,KLAC
2015-03-25,62.939998626708984,62.939998626708984,59.189998626708984,59.369998931884766,50.81233215332031,2139300,KLAC
2015-03-26,58.279998779296875,59.02000045776367,57.4900016784668,58.43000030517578,50.00783157348633,1779500,KLAC
2015-03-27,58.52000045776367,59.619998931884766,57.95000076293945,59.0,50.49567794799805,2175300,KLAC
2015-03-30,59.599998474121094,59.86000061035156,59.06999969482422,59.40999984741211,50.846580505371094,1133700,KLAC
2015-03-31,59.029998779296875,59.029998779296875,58.189998626708984,58.290000915527344,49.88801956176758,1873600,KLAC
2015-04-01,58.27000045776367,58.349998474121094,57.209999084472656,57.75,49.42585754394531,1846300,KLAC
2015-04-02,58.08000183105469,58.540000915527344,57.099998474121094,58.09000015258789,49.71683120727539,1117500,KLAC
2015-04-06,57.63999938964844,58.52000045776367,57.209999084472656,58.13999938964844,49.75963592529297,1215500,KLAC
2015-04-07,58.16999816894531,58.43000030517578,57.75,57.7599983215332,49.43440628051758,771600,KLAC
2015-04-08,57.630001068115234,58.25,57.630001068115234,58.04999923706055,49.682613372802734,1004100,KLAC
2015-04-09,58.130001068115234,59.04999923706055,57.72999954223633,58.939998626708984,50.44431686401367,1588300,KLAC
2015-04-10,58.79999923706055,59.130001068115234,58.36000061035156,59.119998931884766,50.5983772277832,1196000,KLAC
2015-04-13,59.06999969482422,59.66999816894531,58.779998779296875,59.0,50.49567794799805,1189700,KLAC
2015-04-14,58.849998474121094,59.599998474121094,58.47999954223633,59.36000061035156,50.803775787353516,1484500,KLAC
2015-04-15,59.279998779296875,60.58000183105469,59.22999954223633,60.040000915527344,51.38576126098633,1720400,KLAC
2015-04-16,59.40999984741211,60.09000015258789,58.91999816894531,59.33000183105469,50.778106689453125,2134900,KLAC
2015-04-17,58.84000015258789,58.88999938964844,57.66999816894531,58.0,49.63981628417969,1771400,KLAC
2015-04-20,58.38999938964844,59.040000915527344,58.060001373291016,58.560001373291016,50.11909866333008,1208200,KLAC
2015-04-21,59.9900016784668,60.34000015258789,58.93000030517578,59.34000015258789,50.78666687011719,2072600,KLAC
2015-04-22,59.36000061035156,60.5,59.11000061035156,60.29999923706055,51.60829544067383,1282100,KLAC
2015-04-23,59.68000030517578,60.27000045776367,59.45000076293945,59.849998474121094,51.22315216064453,1752000,KLAC
2015-04-24,59.709999084472656,59.86000061035156,58.15999984741211,58.88999938964844,50.40153503417969,2964900,KLAC
2015-04-27,58.880001068115234,60.79999923706055,58.66999816894531,59.47999954223633,50.906490325927734,2973500,KLAC
2015-04-28,59.4900016784668,59.939998626708984,58.95000076293945,59.77000045776367,51.15467834472656,1136800,KLAC
2015-04-29,59.290000915527344,59.849998474121094,58.959999084472656,59.2599983215332,50.718204498291016,1773300,KLAC
2015-04-30,59.11000061035156,59.58000183105469,58.45000076293945,58.79999923706055,50.32449722290039,1478600,KLAC
2015-05-01,59.11000061035156,60.09000015258789,58.88999938964844,60.09000015258789,51.428558349609375,984200,KLAC
2015-05-04,60.16999816894531,60.459999084472656,60.099998474121094,60.290000915527344,51.599735260009766,719000,KLAC
2015-05-05,59.84000015258789,60.0,58.459999084472656,58.4900016784668,50.059181213378906,1543100,KLAC
2015-05-06,58.560001373291016,59.119998931884766,57.77000045776367,58.2599983215332,49.862342834472656,923800,KLAC
2015-05-07,58.38999938964844,58.959999084472656,58.22999954223633,58.86000061035156,50.375850677490234,736600,KLAC
2015-05-08,59.189998626708984,60.22999954223633,59.150001525878906,59.79999923706055,51.18037033081055,1596700,KLAC
2015-05-11,59.66999816894531,60.16999816894531,59.4900016784668,59.61000061035156,51.01774215698242,1061500,KLAC
2015-05-12,59.029998779296875,59.220001220703125,57.79999923706055,58.72999954223633,50.26458740234375,1533200,KLAC
2015-05-13,58.77000045776367,59.47999954223633,58.33000183105469,58.880001068115234,50.39297866821289,988600,KLAC
2015-05-14,59.11000061035156,59.4900016784668,58.36000061035156,59.349998474121094,51.23026657104492,1460200,KLAC
2015-05-15,59.59000015258789,60.279998779296875,59.380001068115234,59.90999984741211,51.71364974975586,1361700,KLAC
2015-05-18,59.849998474121094,60.09000015258789,59.630001068115234,59.72999954223633,51.55827331542969,958900,KLAC
2015-05-19,59.7400016784668,60.150001525878906,58.880001068115234,59.08000183105469,50.9972038269043,1231900,KLAC
2015-05-20,59.04999923706055,59.63999938964844,58.81999969482422,59.08000183105469,50.9972038269043,706500,KLAC
2015-05-21,59.06999969482422,59.2400016784668,58.75,59.15999984741211,51.066246032714844,690500,KLAC
2015-05-22,58.95000076293945,59.58000183105469,58.83000183105469,59.119998931884766,51.03173065185547,854800,KLAC
2015-05-26,58.7599983215332,58.880001068115234,58.04999923706055,58.25,50.280757904052734,1005600,KLAC
2015-05-27,58.33000183105469,60.130001068115234,58.08000183105469,59.97999954223633,51.774070739746094,1373200,KLAC
2015-05-28,59.97999954223633,60.72999954223633,59.849998474121094,60.27000045776367,52.02439880371094,936000,KLAC
2015-05-29,60.060001373291016,60.5,59.43000030517578,59.65999984741211,51.49785232543945,1688200,KLAC
2015-06-01,60.06999969482422,60.09000015258789,59.40999984741211,59.790000915527344,51.610069274902344,1162500,KLAC
2015-06-02,59.529998779296875,59.72999954223633,59.0099983215332,59.349998474121094,51.23026657104492,979500,KLAC
2015-06-03,59.70000076293945,59.84000015258789,58.58000183105469,58.63999938964844,50.61739730834961,1373800,KLAC
2015-06-04,58.27000045776367,58.4900016784668,57.02000045776367,57.25,49.41755676269531,1823800,KLAC
2015-06-05,57.310001373291016,57.400001525878906,56.70000076293945,56.970001220703125,49.175880432128906,1038000,KLAC
2015-06-08,56.79999923706055,57.02000045776367,55.619998931884766,55.970001220703125,48.31269073486328,1361700,KLAC
2015-06-09,56.0,56.060001373291016,55.41999816894531,55.650001525878906,48.036468505859375,1233600,KLAC
2015-06-10,55.959999084472656,56.7599983215332,55.91999816894531,56.15999984741211,48.47669219970703,1149700,KLAC
2015-06-11,56.33000183105469,56.59000015258789,56.13999938964844,56.47999954223633,48.75291442871094,1009100,KLAC
2015-06-12,56.04999923706055,56.04999923706055,55.5099983215332,55.88999938964844,48.24363708496094,792800,KLAC
2015-06-15,55.31999969482422,56.689998626708984,55.2400016784668,56.43000030517578,48.709754943847656,1482300,KLAC
2015-06-16,56.52000045776367,57.290000915527344,56.31999969482422,57.20000076293945,49.37440872192383,1258200,KLAC
2015-06-17,57.22999954223633,57.41999816894531,56.70000076293945,57.130001068115234,49.31398010253906,857300,KLAC
2015-06-18,57.310001373291016,58.34000015258789,57.16999816894531,58.209999084472656,50.246219635009766,1158100,KLAC
2015-06-19,58.2599983215332,58.369998931884766,57.619998931884766,57.9900016784668,50.05633544921875,2199200,KLAC
2015-06-22,58.369998931884766,58.68000030517578,57.93000030517578,58.209999084472656,50.246219635009766,1108600,KLAC
2015-06-23,58.119998931884766,58.33000183105469,57.06999969482422,57.279998779296875,49.443458557128906,1182700,KLAC
2015-06-24,57.20000076293945,57.63999938964844,57.13999938964844,57.209999084472656,49.383033752441406,971100,KLAC
2015-06-25,57.41999816894531,57.810001373291016,57.06999969482422,57.34000015258789,49.49525451660156,1126200,KLAC
2015-06-26,57.150001525878906,57.7400016784668,56.59000015258789,57.150001525878906,49.33124923706055,1872400,KLAC
2015-06-29,56.540000915527344,56.810001373291016,55.630001068115234,55.7599983215332,48.131412506103516,2120100,KLAC
2015-06-30,56.41999816894531,56.59000015258789,55.79999923706055,56.209999084472656,48.51985549926758,1093500,KLAC
2015-07-01,56.720001220703125,57.150001525878906,56.52000045776367,56.790000915527344,49.020503997802734,868300,KLAC
2015-07-02,56.72999954223633,57.349998474121094,56.70000076293945,57.2599983215332,49.42619323730469,829800,KLAC
2015-07-06,56.45000076293945,57.33000183105469,55.900001525878906,56.18000030517578,48.493953704833984,1112400,KLAC
2015-07-07,56.0099983215332,56.36000061035156,54.59000015258789,56.099998474121094,48.42490005493164,1316200,KLAC
2015-07-08,55.38999938964844,55.790000915527344,54.56999969482422,54.79999923706055,47.30274200439453,1097800,KLAC
2015-07-09,55.380001068115234,55.939998626708984,54.72999954223633,54.72999954223633,47.24232864379883,995700,KLAC
2015-07-10,55.36000061035156,55.86000061035156,54.84000015258789,55.11000061035156,47.57034683227539,1098400,KLAC
2015-07-13,55.47999954223633,56.58000183105469,55.130001068115234,56.31999969482422,48.61479568481445,1033800,KLAC
2015-07-14,56.630001068115234,56.75,55.560001373291016,55.630001068115234,48.019195556640625,2298800,KLAC
2015-07-15,55.689998626708984,55.72999954223633,54.47999954223633,54.7599983215332,47.26823043823242,1574700,KLAC
2015-07-16,54.52000045776367,54.560001373291016,51.66999816894531,52.58000183105469,45.38648223876953,3049700,KLAC
2015-07-17,52.650001525878906,52.68000030517578,51.779998779296875,51.93000030517578,44.82539749145508,1438900,KLAC
2015-07-20,52.209999084472656,52.36000061035156,51.790000915527344,52.099998474121094,44.97214889526367,999000,KLAC
2015-07-21,51.95000076293945,52.529998779296875,51.70000076293945,51.81999969482422,44.73044967651367,987400,KLAC
2015-07-22,51.279998779296875,51.83000183105469,50.41999816894531,51.66999816894531,44.60096740722656,1517200,KLAC
2015-07-23,51.7599983215332,53.34000015258789,51.5099983215332,52.84000015258789,45.61090850830078,2403700,KLAC
2015-07-24,52.81999969482422,52.939998626708984,50.880001068115234,51.25,44.23843765258789,1700500,KLAC
2015-07-27,51.150001525878906,51.689998626708984,50.63999938964844,51.040000915527344,44.057167053222656,1733400,KLAC
2015-07-28,50.56999969482422,52.400001525878906,50.56999969482422,51.91999816894531,44.816768646240234,1461100,KLAC
2015-07-29,51.599998474121094,51.84000015258789,50.95000076293945,51.7400016784668,44.661407470703125,1219700,KLAC
2015-07-30,51.720001220703125,52.439998626708984,51.459999084472656,52.060001373291016,44.937618255615234,1462400,KLAC
2015-07-31,51.099998474121094,53.47999954223633,51.040000915527344,53.04999923706055,45.79217529296875,3165000,KLAC
2015-08-03,52.7400016784668,52.88999938964844,52.119998931884766,52.540000915527344,45.351951599121094,1622200,KLAC
2015-08-04,52.36000061035156,52.83000183105469,51.58000183105469,51.849998474121094,44.756343841552734,1056600,KLAC
2015-08-05,52.2400016784668,53.15999984741211,52.2400016784668,52.63999938964844,45.438270568847656,1270700,KLAC
2015-08-06,52.720001220703125,52.720001220703125,51.41999816894531,51.95000076293945,44.8426628112793,1258900,KLAC
2015-08-07,51.709999084472656,52.47999954223633,51.4900016784668,52.349998474121094,45.187950134277344,1207300,KLAC
2015-08-10,52.91999816894531,54.45000076293945,52.91999816894531,54.150001525878906,46.74168014526367,1778000,KLAC
2015-08-11,53.63999938964844,53.63999938964844,52.75,53.0099983215332,45.75764846801758,1212000,KLAC
2015-08-12,52.279998779296875,53.47999954223633,51.54999923706055,53.279998779296875,45.99069595336914,1453700,KLAC
2015-08-13,52.7400016784668,52.7400016784668,51.5099983215332,51.52000045776367,44.9098014831543,1159600,KLAC
2015-08-14,51.61000061035156,51.619998931884766,50.439998626708984,51.20000076293945,44.630863189697266,1270500,KLAC
2015-08-17,51.06999969482422,51.86000061035156,50.72999954223633,51.83000183105469,45.18003845214844,986400,KLAC
2015-08-18,51.810001373291016,52.08000183105469,50.119998931884766,50.189998626708984,43.75044631958008,1506000,KLAC
2015-08-19,50.060001373291016,50.56999969482422,49.529998779296875,50.0099983215332,43.59354019165039,965600,KLAC
2015-08-20,49.349998474121094,49.540000915527344,48.40999984741211,48.439998626708984,42.22498321533203,1348500,KLAC
2015-08-21,48.29999923706055,48.95000076293945,47.689998626708984,47.70000076293945,41.579925537109375,1828100,KLAC
2015-08-24,45.5099983215332,48.65999984741211,44.95000076293945,46.970001220703125,40.94357681274414,2890200,KLAC
2015-08-25,49.0,49.720001220703125,46.29999923706055,46.31999969482422,40.376983642578125,2315600,KLAC
2015-08-26,47.40999984741211,48.15999984741211,46.369998931884766,48.11000061035156,41.93731689453125,1598300,KLAC
2015-08-27,48.66999816894531,49.83000183105469,48.529998779296875,49.59000015258789,43.22742462158203,1190100,KLAC
2015-08-28,49.209999084472656,50.150001525878906,49.16999816894531,49.88999938964844,43.48893737792969,1139100,KLAC
2015-08-31,49.560001373291016,50.34000015258789,49.22999954223633,50.11000061035156,43.68071746826172,1727600,KLAC
2015-09-01,48.27000045776367,49.29999923706055,47.72999954223633,48.029998779296875,41.86758041381836,1469100,KLAC
2015-09-02,48.810001373291016,48.939998626708984,47.81999969482422,48.65999984741211,42.416744232177734,1071300,KLAC
2015-09-03,48.68000030517578,49.650001525878906,48.560001373291016,48.83000183105469,42.564945220947266,1065500,KLAC
2015-09-04,47.970001220703125,48.209999084472656,47.41999816894531,47.540000915527344,41.44045639038086,1044400,KLAC
2015-09-08,48.470001220703125,49.86000061035156,48.43000030517578,49.79999923706055,43.41047668457031,1743500,KLAC
2015-09-09,50.119998931884766,50.709999084472656,49.189998626708984,49.349998474121094,43.01822280883789,1683800,KLAC
2015-09-10,49.16999816894531,51.849998474121094,49.02000045776367,51.47999954223633,44.87494659423828,2766600,KLAC
2015-09-11,51.189998626708984,51.459999084472656,50.59000015258789,51.209999084472656,44.63957214355469,1616900,KLAC
2015-09-14,51.33000183105469,52.59000015258789,51.29999923706055,52.18000030517578,45.48511505126953,2061100,KLAC
2015-09-15,52.41999816894531,52.83000183105469,51.970001220703125,52.58000183105469,45.83380126953125,1821800,KLAC
2015-09-16,52.56999969482422,53.279998779296875,52.45000076293945,53.189998626708984,46.365535736083984,1061900,KLAC
2015-09-17,52.79999923706055,52.79999923706055,51.09000015258789,51.310001373291016,44.726749420166016,2308200,KLAC
2015-09-18,50.63999938964844,51.20000076293945,50.119998931884766,50.41999816894531,43.95093536376953,3027000,KLAC
2015-09-21,50.58000183105469,50.66999816894531,49.04999923706055,49.20000076293945,42.88746643066406,1960600,KLAC
2015-09-22,49.11000061035156,49.63999938964844,48.470001220703125,49.400001525878906,43.06180953979492,2419800,KLAC
2015-09-23,49.220001220703125,49.400001525878906,47.86000061035156,47.880001068115234,41.7368278503418,1955200,KLAC
2015-09-24,47.34000015258789,48.61000061035156,46.7599983215332,48.20000076293945,42.01578140258789,2247100,KLAC
2015-09-25,48.95000076293945,49.27000045776367,47.959999084472656,48.61000061035156,42.373165130615234,2074000,KLAC
2015-09-28,48.16999816894531,48.810001373291016,48.16999816894531,48.4900016784668,42.2685661315918,2027300,KLAC
2015-09-29,48.15999984741211,48.56999969482422,47.72999954223633,48.18000030517578,41.99833679199219,2850300,KLAC
2015-09-30,48.90999984741211,50.040000915527344,48.68000030517578,50.0,43.5848274230957,2202100,KLAC
2015-10-01,49.97999954223633,50.060001373291016,48.72999954223633,49.599998474121094,43.23614501953125,1784600,KLAC
2015-10-02,49.150001525878906,50.43000030517578,48.849998474121094,50.43000030517578,43.959659576416016,1309000,KLAC
2015-10-05,50.61000061035156,52.09000015258789,50.529998779296875,51.72999954223633,45.09284591674805,1796200,KLAC
2015-10-06,51.81999969482422,52.560001373291016,51.150001525878906,52.470001220703125,45.737918853759766,2022900,KLAC
2015-10-07,53.0,53.72999954223633,52.290000915527344,52.66999816894531,45.91225814819336,1772200,KLAC
2015-10-08,52.779998779296875,53.439998626708984,52.400001525878906,53.290000915527344,46.45271301269531,1423900,KLAC
2015-10-09,53.349998474121094,53.720001220703125,52.810001373291016,53.189998626708984,46.365535736083984,1111700,KLAC
2015-10-12,53.279998779296875,53.459999084472656,52.709999084472656,52.81999969482422,46.04301834106445,1086200,KLAC
2015-10-13,52.41999816894531,52.4900016784668,51.540000915527344,51.59000015258789,44.970829010009766,1339000,KLAC
2015-10-14,51.29999923706055,53.029998779296875,51.15999984741211,52.59000015258789,45.84251403808594,2472500,KLAC
2015-10-15,52.70000076293945,53.130001068115234,52.08000183105469,52.650001525878906,45.894813537597656,1464300,KLAC
2015-10-16,52.77000045776367,53.099998474121094,52.119998931884766,52.970001220703125,46.17376708984375,1418700,KLAC
2015-10-19,52.90999984741211,53.470001220703125,52.63999938964844,53.119998931884766,46.30452346801758,1388600,KLAC
2015-10-20,52.95000076293945,54.81999969482422,52.88999938964844,53.86000061035156,46.949588775634766,2859700,KLAC
2015-10-21,64.38999938964844,67.2699966430664,63.790000915527344,63.97999954223633,55.77113723754883,24232400,KLAC
2015-10-22,63.40999984741211,65.88999938964844,63.40999984741211,64.9000015258789,56.57310485839844,11596500,KLAC
2015-10-23,65.0,65.66999816894531,64.97000122070312,65.3499984741211,56.96537780761719,8384500,KLAC
2015-10-26,65.58999633789062,65.61000061035156,64.87000274658203,65.29000091552734,56.913063049316406,4755100,KLAC
2015-10-27,65.12999725341797,65.83000183105469,65.05999755859375,65.33999633789062,56.95664596557617,2795700,KLAC
2015-10-28,65.38999938964844,65.95999908447266,65.01000213623047,65.80999755859375,57.366336822509766,4172000,KLAC
2015-10-29,65.51000213623047,66.87999725341797,65.25,66.31999969482422,57.8109130859375,2018100,KLAC
2015-10-30,66.47000122070312,67.25,66.08000183105469,67.12000274658203,58.50828170776367,1220900,KLAC
2015-11-02,67.0,67.38999938964844,66.5,66.55000305175781,58.011409759521484,2938400,KLAC
2015-11-03,66.48999786376953,66.63999938964844,66.16999816894531,66.5,57.967803955078125,2622900,KLAC
2015-11-04,66.29000091552734,66.95999908447266,66.29000091552734,66.83000183105469,58.25548553466797,1903100,KLAC
2015-11-05,67.02999877929688,67.3499984741211,66.43000030517578,67.0,58.403648376464844,1766500,KLAC
2015-11-06,66.73999786376953,67.13999938964844,66.44000244140625,66.8499984741211,58.27290725708008,1215000,KLAC
2015-11-09,66.70999908447266,67.0199966430664,66.44999694824219,66.91999816894531,58.333927154541016,2126800,KLAC
2015-11-10,66.9800033569336,67.18000030517578,66.4800033569336,66.76000213623047,58.1944465637207,787400,KLAC
2015-11-11,66.76000213623047,67.41999816894531,66.56999969482422,66.9000015258789,58.31649398803711,1144300,KLAC
2015-11-12,66.2300033569336,66.37999725341797,65.75,65.86000061035156,57.85966110229492,2915300,KLAC
2015-11-13,65.94999694824219,66.37999725341797,65.62999725341797,65.68000030517578,57.701534271240234,1795300,KLAC
2015-11-16,65.83000183105469,66.37999725341797,65.29000091552734,66.3499984741211,58.29015350341797,2335300,KLAC
2015-11-17,66.30999755859375,67.08999633789062,66.16999816894531,66.69000244140625,58.58884048461914,1444700,KLAC
2015-11-18,66.5,67.1500015258789,66.33999633789062,67.0999984741211,58.949039459228516,1356300,KLAC
2015-11-19,67.47000122070312,67.47000122070312,66.62999725341797,66.9000015258789,58.77333068847656,1380100,KLAC
2015-11-20,67.0,67.48999786376953,66.72000122070312,67.0199966430664,58.878746032714844,840300,KLAC
2015-11-23,66.91999816894531,67.0999984741211,66.41000366210938,66.66000366210938,58.562496185302734,1709500,KLAC
2015-11-24,66.44000244140625,66.94000244140625,66.16000366210938,66.45999908447266,58.38677978515625,1996900,KLAC
2015-11-25,66.61000061035156,66.69999694824219,66.2300033569336,66.37000274658203,58.307716369628906,1184300,KLAC
2015-11-27,66.4000015258789,66.7300033569336,66.30999755859375,66.54000091552734,58.457054138183594,508200,KLAC
2015-11-30,66.62999725341797,67.11000061035156,66.44999694824219,66.47000122070312,58.39556884765625,1783100,KLAC
2015-12-01,66.7699966430664,68.0,66.7699966430664,67.9000015258789,59.65185546875,1421900,KLAC
2015-12-02,67.61000061035156,68.36000061035156,67.61000061035156,67.72000122070312,59.49372100830078,1393100,KLAC
2015-12-03,67.86000061035156,68.12000274658203,66.61000061035156,66.61000061035156,58.51856231689453,1690900,KLAC
2015-12-04,66.7699966430664,67.94999694824219,66.7699966430664,67.56999969482422,59.361934661865234,980900,KLAC
2015-12-07,67.43000030517578,67.94999694824219,67.12000274658203,67.4800033569336,59.28287124633789,1374600,KLAC
2015-12-08,66.95999908447266,69.05000305175781,66.95999908447266,68.7300033569336,60.38103103637695,1571900,KLAC
2015-12-09,68.62000274658203,68.80999755859375,67.55000305175781,67.58000183105469,59.3707275390625,1387400,KLAC
2015-12-10,67.58000183105469,68.98999786376953,67.47000122070312,68.48999786376953,60.17019271850586,1227000,KLAC
2015-12-11,67.52999877929688,68.29000091552734,67.52999877929688,67.87000274658203,59.62550735473633,858300,KLAC
2015-12-14,68.0999984741211,68.12999725341797,67.22000122070312,67.62999725341797,59.41466522216797,1024500,KLAC
2015-12-15,67.98999786376953,69.37000274658203,67.94999694824219,68.87999725341797,60.51280975341797,1556400,KLAC
2015-12-16,68.95999908447266,69.38999938964844,68.05999755859375,69.08000183105469,60.68850326538086,1715500,KLAC
2015-12-17,69.25,69.38999938964844,68.05000305175781,68.05000305175781,59.78364181518555,1267500,KLAC
2015-12-18,67.72000122070312,68.12999725341797,66.83000183105469,66.86000061035156,58.73818588256836,4793500,KLAC
2015-12-21,67.37999725341797,68.38999938964844,67.05999755859375,68.37000274658203,60.06476974487305,1564100,KLAC
2015-12-22,68.3499984741211,69.11000061035156,67.87000274658203,69.08000183105469,60.68850326538086,649400,KLAC
2015-12-23,69.30999755859375,69.48999786376953,69.13999938964844,69.25,60.83787155151367,437200,KLAC
2015-12-24,69.19999694824219,69.69999694824219,69.19999694824219,69.51000213623047,61.0662956237793,370200,KLAC
2015-12-28,69.27999877929688,69.43000030517578,68.80999755859375,69.4000015258789,60.96965789794922,774400,KLAC
2015-12-29,69.63999938964844,70.27999877929688,69.5999984741211,69.9000015258789,61.40892028808594,992100,KLAC
2015-12-30,69.8499984741211,70.19999694824219,69.66000366210938,69.69000244140625,61.224430084228516,696600,KLAC
2015-12-31,69.48999786376953,69.91000366210938,69.20999908447266,69.3499984741211,60.92572021484375,854100,KLAC
2016-01-04,68.02999877929688,69.18000030517578,68.0,68.69000244140625,60.34587860107422,2185300,KLAC
2016-01-05,68.37999725341797,69.05000305175781,68.37000274658203,68.73999786376953,60.38982391357422,2099800,KLAC
2016-01-06,67.70999908447266,68.23999786376953,66.08999633789062,66.58000183105469,58.492191314697266,1525300,KLAC
2016-01-07,65.41999816894531,66.66000366210938,65.41000366210938,65.94000244140625,57.92994689941406,1789600,KLAC
2016-01-08,66.13999938964844,66.30999755859375,64.69999694824219,65.23999786376953,57.31498336791992,1676700,KLAC
2016-01-11,65.76000213623047,65.76000213623047,64.83000183105469,65.51000213623047,57.55217361450195,1244400,KLAC
2016-01-12,65.91999816894531,66.45999908447266,65.1500015258789,65.75,57.76302719116211,744800,KLAC
2016-01-13,65.80999755859375,66.30000305175781,64.66999816894531,64.77999877929688,56.910858154296875,1245000,KLAC
2016-01-14,65.02999877929688,67.13999938964844,64.80999755859375,66.66000366210938,58.562496185302734,2485200,KLAC
2016-01-15,64.11000061035156,65.18000030517578,63.63999938964844,64.55000305175781,56.70880126953125,1750700,KLAC
2016-01-19,65.5,65.5,64.06999969482422,64.31999969482422,56.50674819946289,921000,KLAC
2016-01-20,64.20999908447266,65.56999969482422,63.97999954223633,65.05999755859375,57.1568489074707,2970900,KLAC
2016-01-21,65.30000305175781,65.31999969482422,64.3499984741211,64.62999725341797,56.77907180786133,981100,KLAC
2016-01-22,65.63999938964844,65.87000274658203,64.66999816894531,65.08999633789062,57.183197021484375,995300,KLAC
2016-01-25,65.0199966430664,65.26000213623047,64.55999755859375,64.6500015258789,56.79664611816406,1251600,KLAC
2016-01-26,64.63999938964844,65.30999755859375,64.45999908447266,65.13999938964844,57.22712326049805,1074500,KLAC
2016-01-27,65.22000122070312,65.4000015258789,64.30999755859375,64.43000030517578,56.60337448120117,1578000,KLAC
2016-01-28,64.37999725341797,66.33999633789062,64.37999725341797,65.44999694824219,57.49946594238281,1255100,KLAC
2016-01-29,66.27999877929688,66.98999786376953,66.01000213623047,66.98999786376953,58.85240173339844,2401300,KLAC
2016-02-01,66.4000015258789,67.61000061035156,66.3499984741211,67.12000274658203,58.966617584228516,2142300,KLAC
2016-02-02,66.30999755859375,66.77999877929688,65.87000274658203,66.16000366210938,58.12323760986328,3585600,KLAC
2016-02-03,66.58999633789062,66.98999786376953,65.5999984741211,66.80000305175781,58.685482025146484,1596900,KLAC
2016-02-04,66.80999755859375,67.11000061035156,66.33000183105469,66.87999725341797,58.7557487487793,1663800,KLAC
2016-02-05,66.48999786376953,66.94999694824219,65.11000061035156,65.51000213623047,57.55217361450195,1642900,KLAC
2016-02-08,64.5999984741211,65.05999755859375,63.58000183105469,64.13999938964844,56.348602294921875,1386700,KLAC
2016-02-09,63.630001068115234,64.41999816894531,63.380001068115234,63.959999084472656,56.19046401977539,2138900,KLAC
2016-02-10,64.19000244140625,64.58999633789062,63.790000915527344,64.12999725341797,56.339820861816406,2675000,KLAC
2016-02-11,62.540000915527344,63.36000061035156,62.33000183105469,62.880001068115234,55.6932487487793,2006900,KLAC
2016-02-12,63.290000915527344,64.06999969482422,62.88999938964844,63.790000915527344,56.4992561340332,1046700,KLAC
2016-02-16,64.23999786376953,65.31999969482422,64.16000366210938,64.73999786376953,57.34066390991211,2073200,KLAC
2016-02-17,64.9000015258789,65.63999938964844,64.77999877929688,65.56999969482422,58.0757942199707,2394900,KLAC
2016-02-18,65.55999755859375,65.69000244140625,64.81999969482422,64.8499984741211,57.43809127807617,3407300,KLAC
2016-02-19,65.58999633789062,66.66999816894531,65.58999633789062,65.69000244140625,58.18207931518555,7484900,KLAC
2016-02-22,65.98999786376953,66.76000213623047,65.69000244140625,66.13999938964844,58.580657958984375,4919800,KLAC
2016-02-23,65.76000213623047,66.19999694824219,65.31999969482422,65.68000030517578,58.17323684692383,1319300,KLAC
2016-02-24,65.12000274658203,66.37000274658203,65.12000274658203,66.33999633789062,58.757789611816406,913600,KLAC
2016-02-25,66.30000305175781,67.45999908447266,66.19000244140625,67.44999694824219,59.740936279296875,978500,KLAC
2016-02-26,67.62000274658203,68.19999694824219,67.45999908447266,67.97000122070312,60.201499938964844,1843600,KLAC
2016-02-29,67.87999725341797,68.41999816894531,67.66999816894531,67.73999786376953,59.99778747558594,1703200,KLAC
2016-03-01,68.22000122070312,69.08000183105469,67.75,68.9800033569336,61.09606170654297,2218000,KLAC
2016-03-02,68.9000015258789,68.9000015258789,68.06999969482422,68.41999816894531,60.600067138671875,1356900,KLAC
2016-03-03,68.36000061035156,68.70999908447266,68.08000183105469,68.69999694824219,60.848052978515625,1433000,KLAC
2016-03-04,69.04000091552734,69.04000091552734,68.02999877929688,68.30999755859375,60.50263595581055,2459900,KLAC
2016-03-07,68.08999633789062,68.91999816894531,68.04000091552734,68.83999633789062,60.97205352783203,610700,KLAC
2016-03-08,68.41999816894531,68.83000183105469,67.70999908447266,67.7300033569336,59.98894119262695,1703300,KLAC
2016-03-09,67.94000244140625,68.36000061035156,67.79000091552734,68.05999755859375,60.281219482421875,1296600,KLAC
2016-03-10,68.12999725341797,69.16999816894531,68.12999725341797,68.69999694824219,60.848052978515625,1868600,KLAC
2016-03-11,69.0,69.41000366210938,68.7699966430664,69.22000122070312,61.30864715576172,1443900,KLAC
2016-03-14,68.97000122070312,69.62000274658203,68.97000122070312,69.55999755859375,61.60977554321289,1248700,KLAC
2016-03-15,69.2300033569336,69.94000244140625,69.2300033569336,69.68000030517578,61.716064453125,1218300,KLAC
2016-03-16,69.41999816894531,70.26000213623047,69.12000274658203,70.1500015258789,62.13233184814453,895800,KLAC
2016-03-17,70.47000122070312,70.95999908447266,70.1500015258789,70.86000061035156,62.76118087768555,760400,KLAC
2016-03-18,71.08000183105469,71.33000183105469,70.66999816894531,71.18000030517578,63.04462432861328,1490500,KLAC
2016-03-21,71.0,71.31999969482422,70.7699966430664,71.26000213623047,63.115482330322266,360700,KLAC
2016-03-22,71.29000091552734,71.56999969482422,70.98999786376953,71.44000244140625,63.27490234375,497100,KLAC
2016-03-23,71.56999969482422,71.56999969482422,70.95999908447266,71.0,62.885196685791016,514900,KLAC
2016-03-24,70.91000366210938,70.91000366210938,70.11000061035156,70.80000305175781,62.70805740356445,886200,KLAC
2016-03-28,70.95999908447266,71.2699966430664,70.8499984741211,70.86000061035156,62.76118087768555,632100,KLAC
2016-03-29,70.95999908447266,72.4000015258789,70.76000213623047,72.36000061035156,64.08975982666016,966300,KLAC
2016-03-30,72.5199966430664,73.19000244140625,72.4000015258789,72.55999755859375,64.26690673828125,1220500,KLAC
2016-03-31,72.69999694824219,72.97000122070312,71.91999816894531,72.80999755859375,64.48831939697266,954000,KLAC
2016-04-01,72.73999786376953,73.26000213623047,72.38999938964844,73.05000305175781,64.70089721679688,884700,KLAC
2016-04-04,73.16000366210938,73.2300033569336,72.55999755859375,72.83000183105469,64.50605010986328,861500,KLAC
2016-04-05,72.51000213623047,72.94999694824219,72.2699966430664,72.37000274658203,64.09859466552734,677400,KLAC
2016-04-06,71.5,72.81999969482422,71.5,72.73999786376953,64.42632293701172,1129200,KLAC
2016-04-07,72.48999786376953,72.69000244140625,71.80000305175781,72.11000061035156,63.868324279785156,1232900,KLAC
2016-04-08,72.44000244140625,72.72000122070312,71.88999938964844,72.06999969482422,63.83292770385742,608300,KLAC
2016-04-11,72.43000030517578,72.69999694824219,72.1500015258789,72.16999816894531,63.921470642089844,2264000,KLAC
2016-04-12,72.22000122070312,72.41000366210938,71.69000244140625,72.1500015258789,63.90373611450195,1199100,KLAC
2016-04-13,72.22000122070312,72.91000366210938,72.19000244140625,72.9000015258789,64.56803131103516,553500,KLAC
2016-04-14,72.37999725341797,72.69999694824219,71.93000030517578,72.48999786376953,64.20488739013672,521600,KLAC
2016-04-15,72.55000305175781,72.62000274658203,71.87999725341797,72.52999877929688,64.24031829833984,493900,KLAC
2016-04-18,72.52999877929688,72.87999725341797,72.26000213623047,72.75,64.4351806640625,529800,KLAC
2016-04-19,72.88999938964844,73.2699966430664,72.66000366210938,73.12000274658203,64.76289367675781,657200,KLAC
2016-04-20,72.9000015258789,73.01000213623047,72.05999755859375,72.97000122070312,64.63004302978516,634300,KLAC
2016-04-21,73.0,73.58999633789062,71.69999694824219,71.98999786376953,63.76204299926758,1078000,KLAC
2016-04-22,72.05000305175781,72.56999969482422,71.66000366210938,71.9000015258789,63.68234634399414,741400,KLAC
2016-04-25,71.77999877929688,72.05000305175781,71.38999938964844,71.58999633789062,63.407772064208984,588300,KLAC
2016-04-26,71.68000030517578,72.29000091552734,71.5199966430664,71.83999633789062,63.629188537597656,1068600,KLAC
2016-04-27,71.25,72.30000305175781,71.25,72.2300033569336,63.97462844848633,1242700,KLAC
2016-04-28,71.97000122070312,71.97000122070312,70.72000122070312,70.81999969482422,62.72576141357422,1485700,KLAC
2016-04-29,70.61000061035156,70.66999816894531,69.54000091552734,69.94000244140625,61.946346282958984,887100,KLAC
2016-05-02,70.31999969482422,70.33000183105469,69.73999786376953,70.06999969482422,62.061492919921875,871700,KLAC
2016-05-03,70.0,70.0,69.37999725341797,69.62999725341797,61.6717643737793,882900,KLAC
2016-05-04,69.18000030517578,69.81999969482422,69.02999877929688,69.0999984741211,61.202354431152344,433000,KLAC
2016-05-05,69.08999633789062,69.62999725341797,69.06999969482422,69.38999938964844,61.45921325683594,1122700,KLAC
2016-05-06,69.19000244140625,69.41999816894531,68.91999816894531,69.36000061035156,61.432640075683594,784500,KLAC
2016-05-09,69.25,69.56999969482422,68.97000122070312,69.13999938964844,61.23777389526367,410000,KLAC
2016-05-10,69.44999694824219,69.86000061035156,69.12000274658203,69.8499984741211,61.86662673950195,683400,KLAC
2016-05-11,69.70999908447266,69.97000122070312,69.58000183105469,69.69999694824219,61.73375701904297,1404000,KLAC
2016-05-12,69.5199966430664,69.56999969482422,68.48999786376953,68.81999969482422,61.41252517700195,687300,KLAC
2016-05-13,68.66000366210938,68.88999938964844,68.44000244140625,68.5999984741211,61.21619415283203,639400,KLAC
2016-05-16,68.12000274658203,68.16000366210938,67.31999969482422,67.9000015258789,60.5915412902832,1714000,KLAC
2016-05-17,67.83999633789062,68.23999786376953,67.5999984741211,67.7699966430664,60.47553634643555,1365100,KLAC
2016-05-18,67.80000305175781,68.63999938964844,67.80000305175781,68.20999908447266,60.86818313598633,825000,KLAC
2016-05-19,68.0,68.25,67.7300033569336,67.87999725341797,60.573692321777344,708800,KLAC
2016-05-20,68.44000244140625,69.75,68.37000274658203,69.58999633789062,62.09962844848633,1020800,KLAC
2016-05-23,69.61000061035156,70.0,69.5199966430664,69.75,62.242427825927734,868400,KLAC
2016-05-24,70.0,71.08000183105469,69.95999908447266,70.98999786376953,63.34894943237305,944400,KLAC
2016-05-25,71.01000213623047,71.7699966430664,71.01000213623047,71.7300033569336,64.00930786132812,709300,KLAC
2016-05-26,71.68000030517578,71.98999786376953,71.54000091552734,71.91999816894531,64.1788558959961,457200,KLAC
2016-05-27,71.91000366210938,73.13999938964844,71.91000366210938,72.98999786376953,65.1336669921875,601100,KLAC
2016-05-31,72.80999755859375,73.08999633789062,72.54000091552734,72.93000030517578,65.08016204833984,1157100,KLAC
2016-06-01,72.83000183105469,73.19000244140625,72.55000305175781,73.12999725341797,65.25859832763672,934800,KLAC
2016-06-02,72.9800033569336,73.6500015258789,72.75,73.2699966430664,65.3835220336914,1529800,KLAC
2016-06-03,73.12999725341797,73.20999908447266,72.63999938964844,73.0999984741211,65.23184204101562,654000,KLAC
2016-06-06,72.93000030517578,73.30999755859375,72.68000030517578,72.73999786376953,64.91059112548828,749400,KLAC
2016-06-07,72.69999694824219,73.16999816894531,72.69000244140625,72.95999908447266,65.1069107055664,630900,KLAC
2016-06-08,73.08000183105469,73.38999938964844,72.80999755859375,73.18000030517578,65.30323028564453,593400,KLAC
2016-06-09,73.05000305175781,73.44999694824219,72.62000274658203,73.41000366210938,65.50849151611328,466100,KLAC
2016-06-10,73.12000274658203,73.12000274658203,72.55999755859375,72.66999816894531,64.84813690185547,717100,KLAC
2016-06-13,72.36000061035156,72.9800033569336,72.26000213623047,72.51000213623047,64.70535278320312,786500,KLAC
2016-06-14,72.44000244140625,72.75,72.16000366210938,72.62999725341797,64.81243133544922,508100,KLAC
2016-06-15,73.05999755859375,73.19000244140625,72.62000274658203,72.91000366210938,65.06229400634766,558100,KLAC
2016-06-16,72.69000244140625,73.0199966430664,72.30000305175781,72.79000091552734,64.95521545410156,594100,KLAC
2016-06-17,72.79000091552734,73.02999877929688,72.43000030517578,73.02999877929688,65.16937255859375,1710900,KLAC
2016-06-20,73.30000305175781,74.01000213623047,73.27999877929688,73.6500015258789,65.72265625,1001200,KLAC
2016-06-21,73.75,74.05000305175781,73.66000366210938,73.86000061035156,65.91004180908203,1232800,KLAC
2016-06-22,73.95999908447266,74.47000122070312,73.8499984741211,74.30000305175781,66.30268096923828,1321000,KLAC
2016-06-23,74.87999725341797,75.16999816894531,74.56999969482422,74.8499984741211,66.79348754882812,1637500,KLAC
2016-06-24,72.97000122070312,74.45999908447266,72.5,72.55000305175781,64.74105834960938,1888300,KLAC
2016-06-27,72.19000244140625,72.22000122070312,70.9800033569336,71.2699966430664,63.598819732666016,1235600,KLAC
2016-06-28,71.61000061035156,72.19999694824219,71.55000305175781,71.98999786376953,64.24131774902344,2163500,KLAC
2016-06-29,72.30000305175781,73.13999938964844,71.55000305175781,72.08000183105469,64.3216323852539,1896400,KLAC
2016-06-30,72.37000274658203,73.25,72.0199966430664,73.25,65.36569213867188,1819600,KLAC
2016-07-01,73.0,73.11000061035156,72.47000122070312,72.5,64.69641876220703,1098700,KLAC
2016-07-05,72.2300033569336,72.36000061035156,71.68000030517578,72.11000061035156,64.34840393066406,1224000,KLAC
2016-07-06,71.95999908447266,72.33999633789062,71.51000213623047,72.26000213623047,64.48224639892578,1895400,KLAC
2016-07-07,72.16000366210938,72.9000015258789,72.08000183105469,72.23999786376953,64.46441650390625,1893700,KLAC
2016-07-08,72.41000366210938,73.9000015258789,72.33999633789062,73.75,65.8118896484375,839300,KLAC
2016-07-11,73.5199966430664,74.55999755859375,73.5199966430664,74.37999725341797,66.37409210205078,560800,KLAC
2016-07-12,74.80000305175781,75.37000274658203,74.62000274658203,75.33999633789062,67.23074340820312,578600,KLAC
2016-07-13,75.54000091552734,75.88999938964844,75.37000274658203,75.55000305175781,67.41814422607422,543200,KLAC
2016-07-14,76.0,76.0999984741211,74.87000274658203,75.22000122070312,67.12364959716797,1854200,KLAC
2016-07-15,75.37999725341797,75.58000183105469,74.95999908447266,75.12999725341797,67.04335021972656,1643900,KLAC
2016-07-18,75.30999755859375,75.93000030517578,75.18000030517578,75.93000030517578,67.7572250366211,903800,KLAC
2016-07-19,75.69999694824219,76.18000030517578,75.61000061035156,75.94999694824219,67.77508544921875,650300,KLAC
2016-07-20,76.0,76.9000015258789,75.81999969482422,76.66999816894531,68.41757202148438,586700,KLAC
2016-07-21,76.47000122070312,76.51000213623047,75.62000274658203,75.73999786376953,67.58768463134766,473700,KLAC
2016-07-22,75.72000122070312,76.19999694824219,75.62999725341797,76.05999755859375,67.87325286865234,445400,KLAC
2016-07-25,76.08999633789062,76.48999786376953,75.97000122070312,76.48999786376953,68.2569580078125,344800,KLAC
2016-07-26,76.81999969482422,77.26000213623047,76.3499984741211,76.98999786376953,68.70313262939453,553800,KLAC
2016-07-27,76.9800033569336,77.31999969482422,76.62000274658203,77.0,68.71205139160156,491600,KLAC
2016-07-28,77.37999725341797,77.8499984741211,76.87999725341797,77.44999694824219,69.11363220214844,946100,KLAC
2016-07-29,77.19999694824219,77.38999938964844,75.45999908447266,75.70999908447266,67.56092071533203,1446300,KLAC
2016-08-01,75.62000274658203,76.58000183105469,75.58000183105469,76.58000183105469,68.33727264404297,763200,KLAC
2016-08-02,76.44000244140625,76.5,75.41999816894531,75.72000122070312,67.56982421875,872900,KLAC
2016-08-03,75.5999984741211,76.0999984741211,75.55999755859375,76.08999633789062,67.89999389648438,999900,KLAC
2016-08-04,75.94999694824219,76.80999755859375,75.94999694824219,76.80000305175781,68.53359985351562,401400,KLAC
2016-08-05,76.94000244140625,77.62999725341797,76.80000305175781,77.62999725341797,69.27426147460938,431200,KLAC
2016-08-08,77.61000061035156,77.62999725341797,77.0199966430664,77.0199966430664,68.72990417480469,516900,KLAC
2016-08-09,77.0999984741211,77.51000213623047,76.76000213623047,77.41000366210938,69.07792663574219,269900,KLAC
2016-08-10,76.44999694824219,76.44999694824219,69.0999984741211,69.47000122070312,61.9925537109375,7369300,KLAC
2016-08-11,69.86000061035156,70.16000366210938,66.87999725341797,67.51000213623047,60.6978759765625,3423500,KLAC
2016-08-12,67.97000122070312,68.5199966430664,67.2300033569336,68.27999877929688,61.390167236328125,2895900,KLAC
2016-08-15,68.27999877929688,69.51000213623047,68.16000366210938,69.44000244140625,62.43312454223633,2021300,KLAC
2016-08-16,69.11000061035156,69.37999725341797,68.93000030517578,69.19000244140625,62.208343505859375,1218400,KLAC
2016-08-17,69.08000183105469,69.8499984741211,68.6500015258789,69.63999938964844,62.61293029785156,1044600,KLAC
2016-08-18,69.54000091552734,69.87999725341797,69.4000015258789,69.7300033569336,62.693843841552734,608000,KLAC
2016-08-19,69.9000015258789,71.13999938964844,69.87000274658203,70.94999694824219,63.79072952270508,1636300,KLAC
2016-08-22,70.80000305175781,71.22000122070312,70.3499984741211,70.5199966430664,63.40413284301758,1007500,KLAC
2016-08-23,70.76000213623047,71.13999938964844,67.70999908447266,68.05000305175781,61.183380126953125,2441800,KLAC
2016-08-24,68.0,68.13999938964844,67.0199966430664,67.16999816894531,60.39216613769531,1322400,KLAC
2016-08-25,67.20999908447266,67.47000122070312,66.97000122070312,67.30000305175781,60.509056091308594,1365600,KLAC
2016-08-26,67.27999877929688,67.63999938964844,66.88999938964844,67.5199966430664,60.70684814453125,1400800,KLAC
2016-08-29,68.58000183105469,69.73999786376953,68.30000305175781,68.7300033569336,61.79475784301758,1967600,KLAC
2016-08-30,68.87000274658203,69.02999877929688,68.02999877929688,68.36000061035156,61.46208572387695,1128600,KLAC
2016-08-31,68.12000274658203,69.31999969482422,67.94000244140625,69.26000213623047,62.271270751953125,2830000,KLAC
2016-09-01,69.55999755859375,70.7699966430664,69.33999633789062,70.73999786376953,63.601932525634766,1935000,KLAC
2016-09-02,71.0,71.16000366210938,69.95999908447266,70.19999694824219,63.116416931152344,852400,KLAC
2016-09-06,70.45999908447266,70.62999725341797,68.94000244140625,70.54000091552734,63.4221305847168,1178900,KLAC
2016-09-07,70.80999755859375,70.80999755859375,70.0,70.80000305175781,63.655887603759766,1460500,KLAC
2016-09-08,70.66000366210938,70.7300033569336,70.18000030517578,70.45999908447266,63.35020065307617,972600,KLAC
2016-09-09,70.19000244140625,70.38999938964844,69.29000091552734,69.43000030517578,62.42414093017578,1687500,KLAC
2016-09-12,69.01000213623047,70.66000366210938,68.70999908447266,70.62000274658203,63.49404525756836,1311100,KLAC
2016-09-13,71.04000091552734,71.05000305175781,68.5,69.02999877929688,62.06449508666992,1107500,KLAC
2016-09-14,68.98999786376953,69.36000061035156,68.54000091552734,68.9000015258789,61.94760513305664,1011900,KLAC
2016-09-15,68.75,70.41000366210938,68.75,70.26000213623047,63.170379638671875,2449600,KLAC
2016-09-16,70.08999633789062,70.4000015258789,69.43000030517578,70.2300033569336,63.1434211730957,1514600,KLAC
2016-09-19,70.4000015258789,70.48999786376953,69.4000015258789,69.69000244140625,62.65790557861328,1206200,KLAC
2016-09-20,70.02999877929688,70.0999984741211,69.18000030517578,69.18000030517578,62.1993522644043,831300,KLAC
2016-09-21,69.16000366210938,70.20999908447266,69.11000061035156,69.79000091552734,62.747802734375,1452600,KLAC
2016-09-22,70.30999755859375,70.30999755859375,69.31999969482422,69.51000213623047,62.496070861816406,1565500,KLAC
2016-09-23,69.22000122070312,69.91999816894531,69.18000030517578,69.31999969482422,62.32522964477539,552800,KLAC
2016-09-26,69.26000213623047,69.86000061035156,68.76000213623047,69.0,62.03751754760742,846600,KLAC
2016-09-27,68.94000244140625,70.0,68.91999816894531,70.0,62.93659973144531,1227500,KLAC
2016-09-28,70.0,70.23999786376953,69.5,69.8499984741211,62.80173873901367,1056300,KLAC
2016-09-29,69.48999786376953,69.56999969482422,68.43000030517578,68.7699966430664,61.83073043823242,3467900,KLAC
2016-09-30,68.9000015258789,69.86000061035156,68.62999725341797,69.70999908447266,62.67587661743164,1466200,KLAC
2016-10-03,69.94999694824219,70.9800033569336,69.75,70.41000366210938,63.30526351928711,1822600,KLAC
2016-10-04,70.36000061035156,70.79000091552734,70.0199966430664,70.30000305175781,63.206336975097656,1795000,KLAC
2016-10-05,70.43000030517578,71.33000183105469,70.02999877929688,71.20999908447266,64.02450561523438,1659500,KLAC
2016-10-06,71.95999908447266,72.4000015258789,70.37000274658203,71.79000091552734,64.54598236083984,15108900,KLAC
2016-10-07,72.22000122070312,72.79000091552734,71.45999908447266,72.66999816894531,65.33720397949219,7733500,KLAC
2016-10-10,72.98999786376953,73.70999908447266,72.75,73.54000091552734,66.11940002441406,4908000,KLAC
2016-10-11,73.5,73.66999816894531,72.11000061035156,72.38999938964844,65.08545684814453,3805000,KLAC
2016-10-12,72.30000305175781,72.48999786376953,71.44999694824219,72.0999984741211,64.82470703125,2818200,KLAC
2016-10-13,71.58000183105469,71.58999633789062,70.72000122070312,71.33999633789062,64.14139556884766,2704800,KLAC
2016-10-14,71.80999755859375,72.36000061035156,71.47000122070312,71.97000122070312,64.70781707763672,2832300,KLAC
2016-10-17,73.4000015258789,73.41000366210938,71.79000091552734,71.98999786376953,64.7258071899414,2990300,KLAC
2016-10-18,72.47000122070312,72.47000122070312,71.94000244140625,72.08999633789062,64.81570434570312,1475500,KLAC
2016-10-19,72.08000183105469,72.16999816894531,71.36000061035156,71.94000244140625,64.68086242675781,2791700,KLAC
2016-10-20,71.93000030517578,72.55000305175781,71.11000061035156,71.98999786376953,64.7258071899414,3070600,KLAC
2016-10-21,74.9800033569336,75.0,72.87999725341797,73.63999938964844,66.20930480957031,4214500,KLAC
2016-10-24,73.66999816894531,74.61000061035156,73.66999816894531,74.55999755859375,67.03646850585938,2409800,KLAC
2016-10-25,74.33999633789062,75.0,73.87000274658203,74.9000015258789,67.34217071533203,3117200,KLAC
2016-10-26,74.5,75.41000366210938,74.3499984741211,75.29000091552734,67.69281005859375,1878900,KLAC
2016-10-27,75.48999786376953,75.5,74.37000274658203,74.72000122070312,67.18033599853516,2494700,KLAC
2016-10-28,74.7300033569336,75.12000274658203,74.11000061035156,74.66000366210938,67.12638092041016,1783700,KLAC
2016-10-31,74.80000305175781,75.37000274658203,74.52999877929688,75.11000061035156,67.5309829711914,1934600,KLAC
2016-11-01,75.04000091552734,75.19000244140625,73.30000305175781,73.9000015258789,66.44306945800781,1555200,KLAC
2016-11-02,73.77999877929688,75.01000213623047,73.51000213623047,74.7300033569336,67.18934631347656,2078600,KLAC
2016-11-03,74.86000061035156,75.12000274658203,74.54000091552734,74.68000030517578,67.14437103271484,2100700,KLAC
2016-11-04,74.75,75.19000244140625,74.3499984741211,74.5199966430664,67.0005111694336,1452900,KLAC
2016-11-07,75.4000015258789,75.79000091552734,74.6500015258789,75.54000091552734,67.91758728027344,2336500,KLAC
2016-11-08,75.66999816894531,75.86000061035156,75.05000305175781,75.52999877929688,67.90860748291016,2535300,KLAC
2016-11-09,74.26000213623047,75.68000030517578,73.98999786376953,75.48999786376953,67.8726577758789,1614700,KLAC
2016-11-10,75.44999694824219,76.33999633789062,74.27999877929688,74.51000213623047,67.47418975830078,1955700,KLAC
2016-11-11,74.23999786376953,75.5,74.19999694824219,75.45999908447266,68.33448028564453,1010700,KLAC
2016-11-14,75.79000091552734,76.43000030517578,75.47000122070312,75.4800033569336,68.35257720947266,1270900,KLAC
2016-11-15,76.3499984741211,77.83000183105469,75.44000244140625,77.75,70.40824127197266,1745700,KLAC
2016-11-16,77.47000122070312,77.86000061035156,77.23999786376953,77.69999694824219,70.36295318603516,930000,KLAC
2016-11-17,77.87999725341797,79.83999633789062,77.69999694824219,79.05000305175781,71.58549499511719,1670600,KLAC
2016-11-18,79.02999877929688,80.23999786376953,78.48999786376953,80.04000091552734,72.48197937011719,2012300,KLAC
2016-11-21,80.05000305175781,81.75,79.73999786376953,80.95999908447266,73.31513214111328,1823700,KLAC
2016-11-22,81.20999908447266,83.2300033569336,81.12999725341797,83.04000091552734,75.19873046875,3431100,KLAC
2016-11-23,83.0,83.0,81.43000030517578,81.83000183105469,74.10296630859375,3174200,KLAC
2016-11-25,81.91000366210938,82.27999877929688,81.66000366210938,82.2699966430664,74.50141906738281,400200,KLAC
2016-11-28,81.98999786376953,83.13999938964844,81.97000122070312,82.51000213623047,74.71874237060547,839700,KLAC
2016-11-29,82.58000183105469,82.69000244140625,81.6500015258789,81.68000030517578,73.96711730957031,1460400,KLAC
2016-11-30,81.77999877929688,82.0,79.83999633789062,79.83999633789062,72.3008804321289,2217800,KLAC
2016-12-01,79.69000244140625,79.97000122070312,74.76000213623047,75.93000030517578,68.76009368896484,3435400,KLAC
2016-12-02,76.0,76.83999633789062,74.66000366210938,76.26000213623047,69.05895233154297,2718400,KLAC
2016-12-05,76.26000213623047,77.94000244140625,76.20999908447266,77.02999877929688,69.75623321533203,1402400,KLAC
2016-12-06,76.98999786376953,78.37000274658203,76.44999694824219,78.12000274658203,70.7432861328125,1277000,KLAC
2016-12-07,78.0199966430664,80.0,77.9000015258789,79.26000213623047,71.77566528320312,1765300,KLAC
2016-12-08,79.25,79.70999908447266,78.31999969482422,78.8499984741211,71.40437316894531,1031200,KLAC
2016-12-09,79.0199966430664,79.0199966430664,76.80999755859375,77.20999908447266,69.91923522949219,1538800,KLAC
2016-12-12,77.33999633789062,77.5,76.55999755859375,77.31999969482422,70.01882934570312,1388200,KLAC
2016-12-13,77.58000183105469,79.04000091552734,77.58000183105469,77.97000122070312,70.60748291015625,1356700,KLAC
2016-12-14,79.33000183105469,80.44999694824219,77.51000213623047,77.80999755859375,70.46259307861328,2241100,KLAC
2016-12-15,77.91999816894531,80.68000030517578,77.33999633789062,79.36000061035156,71.8662109375,2226700,KLAC
2016-12-16,79.62000274658203,80.43000030517578,77.83999633789062,78.19000244140625,70.80669403076172,7674000,KLAC
2016-12-19,79.41999816894531,80.68000030517578,78.81999969482422,79.37000274658203,71.87527465820312,1916400,KLAC
2016-12-20,79.7300033569336,79.98999786376953,78.68000030517578,78.87999725341797,71.4315414428711,908600,KLAC
2016-12-21,79.0999984741211,79.33000183105469,78.66000366210938,78.9800033569336,71.52210998535156,798500,KLAC
2016-12-22,78.9800033569336,79.3499984741211,78.37999725341797,79.1500015258789,71.676025390625,1507300,KLAC
2016-12-23,79.22000122070312,79.31999969482422,78.52999877929688,79.12000274658203,71.64888000488281,488500,KLAC
2016-12-27,79.19000244140625,80.4800033569336,79.08999633789062,80.0199966430664,72.46387481689453,733400,KLAC
2016-12-28,80.95999908447266,81.69000244140625,79.72000122070312,79.76000213623047,72.22844696044922,1057900,KLAC
2016-12-29,79.58000183105469,79.77999877929688,78.5199966430664,79.29000091552734,71.80282592773438,636000,KLAC
2016-12-30,79.29000091552734,79.54000091552734,78.12000274658203,78.68000030517578,71.25043487548828,784000,KLAC
2017-01-03,78.97000122070312,80.44999694824219,78.4800033569336,79.41000366210938,71.9114990234375,1330600,KLAC
2017-01-04,79.19999694824219,79.47000122070312,78.43000030517578,79.12999725341797,71.65792846679688,1165700,KLAC
2017-01-05,78.76000213623047,79.2699966430664,77.86000061035156,78.41999816894531,71.01497650146484,1317200,KLAC
2017-01-06,78.62999725341797,79.16999816894531,77.91999816894531,79.12999725341797,71.65792846679688,942700,KLAC
2017-01-09,79.20999908447266,80.0999984741211,79.16999816894531,79.58999633789062,72.0744857788086,1040600,KLAC
2017-01-10,79.5999984741211,79.69999694824219,78.83000183105469,79.33000183105469,71.83903503417969,561900,KLAC
2017-01-11,79.23999786376953,80.45999908447266,79.02999877929688,80.2699966430664,72.69027709960938,1207700,KLAC
2017-01-12,80.18000030517578,80.20999908447266,79.47000122070312,80.0999984741211,72.53632354736328,904000,KLAC
2017-01-13,80.12999725341797,81.58000183105469,80.11000061035156,81.44000244140625,73.74979400634766,1148000,KLAC
2017-01-17,81.37999725341797,81.37999725341797,79.19999694824219,80.0,72.44579315185547,1199000,KLAC
2017-01-18,80.33999633789062,81.69000244140625,80.02999877929688,81.62999725341797,73.9218521118164,1297400,KLAC
2017-01-19,81.66999816894531,81.88999938964844,80.81999969482422,81.1500015258789,73.4871826171875,910800,KLAC
2017-01-20,81.0,81.87999725341797,80.68000030517578,81.55999755859375,73.85845947265625,965100,KLAC
2017-01-23,81.69000244140625,82.11000061035156,81.38999938964844,82.0999984741211,74.34747314453125,1029300,KLAC
2017-01-24,82.2300033569336,83.05000305175781,81.87999725341797,82.80000305175781,74.98139190673828,1135100,KLAC
2017-01-25,83.5999984741211,85.13999938964844,83.12999725341797,84.66999816894531,76.67479705810547,2006400,KLAC
2017-01-26,84.6500015258789,84.81999969482422,82.97000122070312,83.25,75.38888549804688,2715700,KLAC
2017-01-27,85.97000122070312,87.95999908447266,85.2300033569336,86.16000366210938,78.02411651611328,3253500,KLAC
2017-01-30,85.98999786376953,86.55999755859375,85.18000030517578,86.25,78.10560607910156,1634700,KLAC
2017-01-31,86.2300033569336,86.2300033569336,84.56999969482422,85.11000061035156,77.07325744628906,1492700,KLAC
2017-02-01,85.54000091552734,86.05999755859375,84.9000015258789,86.04000091552734,77.91545104980469,1399600,KLAC
2017-02-02,85.94000244140625,87.56999969482422,85.33000183105469,87.36000061035156,79.11080169677734,1612900,KLAC
2017-02-03,87.91000366210938,88.12000274658203,87.18000030517578,87.58999633789062,79.31908416748047,1298100,KLAC
2017-02-06,87.2699966430664,87.9000015258789,86.9000015258789,87.0,78.78479766845703,1160900,KLAC
2017-02-07,86.88999938964844,87.72000122070312,86.88999938964844,87.66000366210938,79.38247680664062,1257000,KLAC
2017-02-08,87.76000213623047,87.83000183105469,86.87000274658203,86.87000274658203,78.66707611083984,1031800,KLAC
2017-02-09,86.8499984741211,87.29000091552734,86.48999786376953,86.73999786376953,78.54933166503906,811700,KLAC
2017-02-10,86.95999908447266,87.23999786376953,86.33000183105469,86.63999938964844,78.45878601074219,1422100,KLAC
2017-02-13,86.80000305175781,87.4800033569336,86.72000122070312,87.22000122070312,79.47938537597656,698300,KLAC
2017-02-14,87.16000366210938,87.29000091552734,86.36000061035156,86.98999786376953,79.269775390625,1408800,KLAC
2017-02-15,86.98999786376953,87.86000061035156,86.69000244140625,87.68000030517578,79.89857482910156,743700,KLAC
2017-02-16,87.91000366210938,88.58000183105469,87.16999816894531,88.52999877929688,80.67311096191406,1936300,KLAC
2017-02-17,88.26000213623047,88.47000122070312,87.41000366210938,88.45999908447266,80.60933685302734,1431200,KLAC
2017-02-21,88.69999694824219,90.5,88.30000305175781,90.44999694824219,82.42271423339844,1301100,KLAC
2017-02-22,90.1500015258789,90.4000015258789,89.55999755859375,90.2699966430664,82.25869750976562,836500,KLAC
2017-02-23,90.3499984741211,90.87999725341797,89.33999633789062,89.9000015258789,81.9215316772461,808600,KLAC
2017-02-24,89.45999908447266,90.3499984741211,89.11000061035156,90.29000091552734,82.27693176269531,762400,KLAC
2017-02-27,90.45999908447266,90.45999908447266,89.51000213623047,90.22000122070312,82.213134765625,437100,KLAC
2017-02-28,90.26000213623047,90.45999908447266,89.77999877929688,90.12000274658203,82.12201690673828,989900,KLAC
2017-03-01,90.66000366210938,91.6500015258789,89.86000061035156,91.44000244140625,83.32486724853516,1314200,KLAC
2017-03-02,91.3499984741211,91.58000183105469,90.6500015258789,90.7300033569336,82.67788696289062,1091200,KLAC
2017-03-03,90.93000030517578,91.0199966430664,89.87000274658203,90.41999816894531,82.39537048339844,751700,KLAC
2017-03-06,90.02999877929688,91.05999755859375,89.5999984741211,90.81999969482422,82.75988006591797,774900,KLAC
2017-03-07,90.5199966430664,91.43000030517578,89.5199966430664,91.04000091552734,82.96035766601562,879100,KLAC
2017-03-08,91.2699966430664,91.88999938964844,90.79000091552734,91.55000305175781,83.42510223388672,1089400,KLAC
2017-03-09,91.7699966430664,91.91999816894531,91.05999755859375,91.79000091552734,83.643798828125,1022000,KLAC
2017-03-10,92.58999633789062,93.22000122070312,91.88999938964844,93.19999694824219,84.92865753173828,1386600,KLAC
2017-03-13,92.97000122070312,93.3499984741211,92.41000366210938,92.86000061035156,84.61884307861328,1113700,KLAC
2017-03-14,92.86000061035156,93.38999938964844,92.05000305175781,92.87000274658203,84.62796020507812,712300,KLAC
2017-03-15,93.0999984741211,93.6500015258789,92.63999938964844,93.61000061035156,85.30227661132812,784900,KLAC
2017-03-16,93.61000061035156,94.66000366210938,93.52999877929688,94.19999694824219,85.83992004394531,843600,KLAC
2017-03-17,94.43000030517578,95.2699966430664,93.98999786376953,94.69000244140625,86.28643035888672,1982300,KLAC
2017-03-20,95.0199966430664,96.33999633789062,94.61000061035156,95.12000274658203,86.67826843261719,1013600,KLAC
2017-03-21,95.33999633789062,95.73999786376953,93.23999786376953,94.19000244140625,85.830810546875,1110300,KLAC
2017-03-22,94.52999877929688,95.63999938964844,93.98999786376953,95.56999969482422,87.08833312988281,1076500,KLAC
2017-03-23,95.58000183105469,96.0,94.8499984741211,95.2300033569336,86.77850341796875,766800,KLAC
2017-03-24,96.05000305175781,96.91000366210938,95.30000305175781,95.72000122070312,87.22501373291016,514600,KLAC
2017-03-27,95.33000183105469,96.11000061035156,94.61000061035156,95.80000305175781,87.29792022705078,572000,KLAC
2017-03-28,95.79000091552734,96.19999694824219,95.20999908447266,95.6500015258789,87.16122436523438,732900,KLAC
2017-03-29,95.44000244140625,95.66999816894531,95.04000091552734,95.44999694824219,86.9789810180664,636800,KLAC
2017-03-30,95.73999786376953,96.12000274658203,95.45999908447266,95.63999938964844,87.15211486816406,395600,KLAC
2017-03-31,95.37999725341797,96.43000030517578,94.73999786376953,95.06999969482422,86.63270568847656,772400,KLAC
2017-04-03,95.33999633789062,96.37999725341797,94.80999755859375,95.97000122070312,87.45282745361328,963400,KLAC
2017-04-04,95.97000122070312,96.66000366210938,95.87000274658203,96.45999908447266,87.89933776855469,967100,KLAC
2017-04-05,96.47000122070312,97.48999786376953,95.55999755859375,95.7300033569336,87.23414611816406,1122800,KLAC
2017-04-06,95.7300033569336,96.19000244140625,94.87999725341797,96.16999816894531,87.63509368896484,980700,KLAC
2017-04-07,96.23999786376953,96.66000366210938,96.08000183105469,96.54000091552734,87.97225189208984,1128100,KLAC
2017-04-10,96.75,96.97000122070312,95.8499984741211,96.33000183105469,87.78087615966797,1472700,KLAC
2017-04-11,96.1500015258789,96.19000244140625,93.61000061035156,95.5,87.02454376220703,1406100,KLAC
2017-04-12,95.76000213623047,95.98999786376953,94.7300033569336,95.20999908447266,86.76029205322266,1041000,KLAC
2017-04-13,94.9800033569336,96.30999755859375,94.22000122070312,95.33000183105469,86.86963653564453,1134900,KLAC
2017-04-17,94.5199966430664,95.73999786376953,94.33000183105469,95.5,87.02454376220703,1542900,KLAC
2017-04-18,94.94000244140625,95.8499984741211,94.31999969482422,94.5999984741211,86.20441436767578,1416000,KLAC
2017-04-19,95.69000244140625,97.66000366210938,95.56999969482422,97.58999633789062,88.92906951904297,1563100,KLAC
2017-04-20,98.0,98.81999969482422,97.62000274658203,98.51000213623047,89.7674331665039,1022000,KLAC
2017-04-21,98.56999969482422,98.6500015258789,97.66999816894531,98.37000274658203,89.63985443115234,799100,KLAC
2017-04-24,99.70999908447266,100.9800033569336,99.20999908447266,100.83000183105469,91.88150787353516,1419000,KLAC
2017-04-25,101.12000274658203,101.80999755859375,100.44000244140625,101.70999908447266,92.68341064453125,1007700,KLAC
2017-04-26,101.77999877929688,101.77999877929688,100.62999725341797,100.80000305175781,91.85418701171875,791100,KLAC
2017-04-27,101.29000091552734,104.22000122070312,101.29000091552734,103.58999633789062,94.39656066894531,2706300,KLAC
2017-04-28,100.27999877929688,103.9800033569336,97.83999633789062,98.22000122070312,89.50314331054688,3066400,KLAC
2017-05-01,98.70999908447266,99.5,97.47000122070312,99.16999816894531,90.36883544921875,1801500,KLAC
2017-05-02,99.37000274658203,99.79000091552734,98.47000122070312,99.72000122070312,90.87003326416016,1483900,KLAC
2017-05-03,99.68000030517578,100.0199966430664,99.08999633789062,99.44999694824219,90.62399291992188,1019300,KLAC
2017-05-04,100.19999694824219,100.8499984741211,99.58999633789062,100.80999755859375,91.86329650878906,903500,KLAC
2017-05-05,101.47000122070312,101.80000305175781,99.80000305175781,100.94000244140625,91.98175811767578,986100,KLAC
2017-05-08,101.01000213623047,101.02999877929688,100.25,100.5,91.58079528808594,968400,KLAC
2017-05-09,100.69999694824219,101.47000122070312,100.61000061035156,100.80999755859375,91.86329650878906,787600,KLAC
2017-05-10,101.13999938964844,101.29000091552734,100.4000015258789,100.76000213623047,91.81773376464844,1155000,KLAC
2017-05-11,100.29000091552734,100.7300033569336,99.56999969482422,100.26000213623047,91.85436248779297,866800,KLAC
2017-05-12,100.38999938964844,101.0,99.5,100.04000091552734,91.65282440185547,907500,KLAC
2017-05-15,100.08999633789062,101.80999755859375,100.08999633789062,101.25,92.7613754272461,1506300,KLAC
2017-05-16,101.66999816894531,102.37000274658203,101.47000122070312,102.33000183105469,93.75081634521484,1158200,KLAC
2017-05-17,101.41999816894531,101.52999877929688,99.83000183105469,99.87999725341797,91.50623321533203,1343400,KLAC
2017-05-18,99.6500015258789,101.12000274658203,99.16000366210938,100.8499984741211,92.39490509033203,1387700,KLAC
2017-05-19,101.36000061035156,102.55999755859375,101.0999984741211,101.77999877929688,93.24693298339844,970300,KLAC
2017-05-22,102.19999694824219,102.87999725341797,101.62999725341797,102.70999908447266,94.09896850585938,902300,KLAC
2017-05-23,102.97000122070312,103.08000183105469,102.04000091552734,102.48999786376953,93.89740753173828,952100,KLAC
2017-05-24,103.11000061035156,103.63999938964844,102.61000061035156,103.27999877929688,94.62117767333984,681400,KLAC
2017-05-25,103.5,105.13999938964844,103.3499984741211,104.8499984741211,96.05956268310547,691800,KLAC
2017-05-26,104.75,104.80000305175781,103.91000366210938,104.73999786376953,95.95877838134766,566300,KLAC
2017-05-30,104.8499984741211,105.66999816894531,104.5199966430664,104.54000091552734,95.77554321289062,1062800,KLAC
2017-05-31,105.0999984741211,105.1500015258789,103.37999725341797,104.0,95.28080749511719,2005700,KLAC
2017-06-01,104.0,105.0999984741211,104.0,104.75,95.96793365478516,1386200,KLAC
2017-06-02,105.51000213623047,105.93000030517578,104.81999969482422,105.87999725341797,97.00321197509766,1840500,KLAC
2017-06-05,105.9000015258789,106.79000091552734,105.52999877929688,106.4000015258789,97.47962188720703,1227500,KLAC
2017-06-06,106.38999938964844,108.27999877929688,105.69999694824219,107.80000305175781,98.76224517822266,1413900,KLAC
2017-06-07,108.0,108.93000030517578,107.6500015258789,108.66999816894531,99.55929565429688,1099100,KLAC
2017-06-08,108.93000030517578,109.20999908447266,107.9000015258789,108.93000030517578,99.79750061035156,899200,KLAC
2017-06-09,109.25,109.58999633789062,100.55999755859375,101.9800033569336,93.43018341064453,1888200,KLAC
2017-06-12,100.54000091552734,101.91999816894531,98.12999725341797,101.13999938964844,92.66059112548828,2494900,KLAC
2017-06-13,101.97000122070312,102.91000366210938,100.1500015258789,101.41999816894531,92.91712951660156,1064300,KLAC
2017-06-14,101.44000244140625,102.70999908447266,97.62999725341797,98.55000305175781,90.2877426147461,1589400,KLAC
2017-06-15,97.2300033569336,98.37000274658203,96.63999938964844,97.06999969482422,88.93183135986328,1603600,KLAC
2017-06-16,97.45999908447266,98.81999969482422,96.87000274658203,97.69999694824219,89.50900268554688,1720700,KLAC
2017-06-19,98.75,101.41999816894531,98.5,101.0199966430664,92.55064392089844,1604600,KLAC
2017-06-20,100.86000061035156,101.19999694824219,97.4800033569336,97.58000183105469,89.39905548095703,1395800,KLAC
2017-06-21,97.7699966430664,98.30000305175781,97.01000213623047,98.01000213623047,89.79302215576172,1037900,KLAC
2017-06-22,97.94999694824219,98.58000183105469,96.3499984741211,96.66999816894531,88.56536865234375,778700,KLAC
2017-06-23,96.68000030517578,98.05999755859375,96.62000274658203,97.94999694824219,89.7380599975586,1595300,KLAC
2017-06-26,98.31999969482422,98.70999908447266,95.88999938964844,96.0199966430664,87.96985626220703,1239100,KLAC
2017-06-27,95.72000122070312,95.95999908447266,93.69999694824219,93.87000274658203,86.00010681152344,1347100,KLAC
2017-06-28,94.58000183105469,95.9800033569336,92.94999694824219,95.73999786376953,87.71331787109375,1593900,KLAC
2017-06-29,95.36000061035156,95.36000061035156,91.08999633789062,92.51000213623047,84.75411987304688,1615200,KLAC
2017-06-30,93.5,93.5,91.26000213623047,91.51000213623047,83.83795928955078,1320100,KLAC
2017-07-03,92.30000305175781,92.93000030517578,90.7699966430664,91.55000305175781,83.87461853027344,748100,KLAC
2017-07-05,91.73999786376953,92.52999877929688,90.69000244140625,92.29000091552734,84.55256652832031,1660600,KLAC
2017-07-06,91.8499984741211,92.86000061035156,90.91999816894531,92.4800033569336,84.72663879394531,1222300,KLAC
2017-07-07,93.20999908447266,95.08999633789062,92.95999908447266,94.56999969482422,86.64141082763672,1181000,KLAC
2017-07-10,94.68000030517578,95.79000091552734,93.86000061035156,95.62999725341797,87.61254119873047,1184600,KLAC
2017-07-11,95.63999938964844,97.43000030517578,95.13999938964844,96.93000030517578,88.80357360839844,1172700,KLAC
2017-07-12,97.70999908447266,99.11000061035156,96.83000183105469,97.69999694824219,89.50900268554688,753100,KLAC
2017-07-13,98.0,98.63999938964844,97.0999984741211,97.5999984741211,89.41736602783203,827400,KLAC
2017-07-14,97.94999694824219,99.72000122070312,97.72000122070312,99.63999938964844,91.28636169433594,937200,KLAC
2017-07-17,100.0,100.16999816894531,98.33000183105469,99.12999725341797,90.8191146850586,791500,KLAC
2017-07-18,99.05999755859375,99.87999725341797,98.1500015258789,99.83000183105469,91.4604263305664,709500,KLAC
2017-07-19,100.63999938964844,101.66999816894531,100.47000122070312,101.38999938964844,92.8896484375,1088400,KLAC
2017-07-20,101.68000030517578,101.75,100.47000122070312,101.69999694824219,93.17364501953125,571700,KLAC
2017-07-21,100.97000122070312,101.55000305175781,99.12999725341797,99.88999938964844,91.51539611816406,978200,KLAC
2017-07-24,99.95999908447266,100.91000366210938,99.83999633789062,100.20999908447266,91.80857849121094,776200,KLAC
2017-07-25,99.9800033569336,100.3499984741211,98.91000366210938,99.12000274658203,90.80994415283203,1109000,KLAC
2017-07-26,98.48999786376953,100.87999725341797,98.48999786376953,100.86000061035156,92.40408325195312,854400,KLAC
2017-07-27,100.88999938964844,101.08000183105469,98.5,99.93000030517578,91.55203247070312,1478300,KLAC
2017-07-28,97.73999786376953,97.88999938964844,94.19999694824219,94.4000015258789,86.48566436767578,1864700,KLAC
2017-07-31,94.58000183105469,94.75,92.48999786376953,92.62999725341797,84.86405944824219,1225700,KLAC
2017-08-01,92.8499984741211,93.05000305175781,91.86000061035156,92.62999725341797,84.86405944824219,1757700,KLAC
2017-08-02,93.18000030517578,93.29000091552734,89.91999816894531,90.01000213623047,82.4637222290039,1549600,KLAC
2017-08-03,89.87000274658203,90.31999969482422,88.4800033569336,88.95999908447266,81.50173950195312,1625000,KLAC
2017-08-04,89.0199966430664,89.88999938964844,88.4000015258789,88.83000183105469,81.38264465332031,1133300,KLAC
2017-08-07,89.02999877929688,92.69000244140625,89.02999877929688,92.01000213623047,84.29605102539062,2010000,KLAC
2017-08-08,91.98999786376953,92.12999725341797,90.37999725341797,90.68000030517578,83.0775375366211,1319100,KLAC
2017-08-09,90.08000183105469,91.8499984741211,89.48999786376953,91.4800033569336,83.81048583984375,928700,KLAC
2017-08-10,90.79000091552734,91.08999633789062,87.93000030517578,88.13999938964844,80.75050354003906,1165500,KLAC
2017-08-11,88.0999984741211,90.5999984741211,88.08999633789062,90.33999633789062,83.32379913330078,1069500,KLAC
2017-08-14,91.47000122070312,92.7300033569336,91.0,91.5,84.39372253417969,1209000,KLAC
2017-08-15,91.44000244140625,91.5,90.5,91.0199966430664,83.95098876953125,1124000,KLAC
2017-08-16,91.01000213623047,92.30999755859375,90.41999816894531,91.87999725341797,84.74420166015625,769500,KLAC
2017-08-17,91.5,91.7699966430664,89.75,89.7699966430664,82.79808044433594,925600,KLAC
2017-08-18,90.08999633789062,90.98999786376953,89.30999755859375,90.26000213623047,83.2500228881836,1127400,KLAC
2017-08-21,89.93000030517578,90.20999908447266,88.44000244140625,89.01000213623047,82.09710693359375,968800,KLAC
2017-08-22,89.94000244140625,92.08000183105469,89.47000122070312,91.69999694824219,84.57819366455078,879500,KLAC
2017-08-23,91.20999908447266,91.81999969482422,90.72000122070312,91.44999694824219,84.34760284423828,583600,KLAC
2017-08-24,91.70999908447266,91.86000061035156,89.8499984741211,90.30000305175781,83.28692626953125,936200,KLAC
2017-08-25,90.70999908447266,91.43000030517578,90.08000183105469,90.4800033569336,83.45294189453125,474100,KLAC
2017-08-28,90.5999984741211,91.55999755859375,90.5999984741211,91.54000091552734,84.43061065673828,981600,KLAC
2017-08-29,90.80000305175781,92.48999786376953,90.29000091552734,92.38999938964844,85.21460723876953,463600,KLAC
2017-08-30,92.16999816894531,93.5999984741211,92.16000366210938,93.52999877929688,86.26606750488281,538200,KLAC
2017-08-31,93.94999694824219,94.16999816894531,93.08000183105469,93.69000244140625,86.41364288330078,1038900,KLAC
2017-09-01,94.0999984741211,94.37000274658203,93.08999633789062,94.08000183105469,86.77335357666016,549200,KLAC
2017-09-05,93.94000244140625,94.62999725341797,92.52999877929688,93.66000366210938,86.38597106933594,851000,KLAC
2017-09-06,93.7300033569336,94.55000305175781,92.81999969482422,94.5,87.16072845458984,957600,KLAC
2017-09-07,94.54000091552734,95.43000030517578,93.76000213623047,95.31999969482422,87.91703796386719,681900,KLAC
2017-09-08,95.23999786376953,95.77999877929688,94.05999755859375,94.3499984741211,87.02236938476562,675400,KLAC
2017-09-11,95.20999908447266,97.7300033569336,95.20999908447266,97.16999816894531,89.62336730957031,1018400,KLAC
2017-09-12,97.08999633789062,98.18000030517578,96.52999877929688,97.94999694824219,90.34280395507812,847100,KLAC
2017-09-13,96.80000305175781,97.76000213623047,96.0199966430664,96.73999786376953,89.22675323486328,1291500,KLAC
2017-09-14,96.58000183105469,97.94000244140625,96.41999816894531,97.45999908447266,89.89083099365234,994400,KLAC
2017-09-15,97.62000274658203,98.8499984741211,97.23999786376953,98.63999938964844,90.97921752929688,2448900,KLAC
2017-09-18,99.01000213623047,101.31999969482422,98.69000244140625,100.91000366210938,93.07291412353516,1571300,KLAC
2017-09-19,101.31999969482422,102.97000122070312,100.55000305175781,102.01000213623047,94.08745574951172,1807400,KLAC
2017-09-20,102.2300033569336,102.43000030517578,98.58999633789062,99.66000366210938,91.91998291015625,1756700,KLAC
2017-09-21,99.75,100.0,98.55999755859375,99.5199966430664,91.79085540771484,1432600,KLAC
2017-09-22,99.37000274658203,101.0199966430664,99.37000274658203,100.58999633789062,92.77776336669922,1208400,KLAC
2017-09-25,100.08999633789062,100.51000213623047,98.38999938964844,99.01000213623047,91.3204574584961,1444200,KLAC
2017-09-26,99.77999877929688,100.05000305175781,98.2699966430664,99.16999816894531,91.4680404663086,846400,KLAC
2017-09-27,100.27999877929688,105.05000305175781,99.66000366210938,104.16999816894531,96.07970428466797,2231700,KLAC
2017-09-28,103.2300033569336,105.19000244140625,103.2300033569336,104.91999816894531,96.7714614868164,1856100,KLAC
2017-09-29,105.12999725341797,106.08999633789062,104.1500015258789,106.0,97.76758575439453,1078800,KLAC
2017-10-02,105.54000091552734,105.98999786376953,103.87000274658203,104.94999694824219,96.79911041259766,1163900,KLAC
2017-10-03,105.02999877929688,105.16999816894531,102.3499984741211,102.83999633789062,94.8530044555664,1727900,KLAC
2017-10-04,102.62999725341797,103.08000183105469,101.04000091552734,103.0,95.0005874633789,1439400,KLAC
2017-10-05,103.54000091552734,103.58999633789062,101.3499984741211,101.66999816894531,93.77388763427734,1155000,KLAC
2017-10-06,101.73999786376953,102.66000366210938,101.2699966430664,102.47000122070312,94.5117416381836,965200,KLAC
2017-10-09,102.7300033569336,104.45999908447266,102.62999725341797,103.94999694824219,95.87680053710938,884000,KLAC
2017-10-10,104.94000244140625,104.94000244140625,103.37000274658203,104.44999694824219,96.33796691894531,859800,KLAC
2017-10-11,104.06999969482422,105.13999938964844,103.79000091552734,104.58999633789062,96.46707916259766,664800,KLAC
2017-10-12,104.88999938964844,105.76000213623047,104.5,104.81999969482422,96.67922973632812,937100,KLAC
2017-10-13,105.2300033569336,106.0999984741211,104.81999969482422,105.30000305175781,97.1219482421875,1005000,KLAC
2017-10-16,106.01000213623047,107.38999938964844,105.11000061035156,107.33000183105469,98.99430084228516,2079900,KLAC
2017-10-17,107.83999633789062,108.29000091552734,106.73999786376953,108.01000213623047,99.62147521972656,1099600,KLAC
2017-10-18,108.19000244140625,108.2300033569336,106.12000274658203,108.08999633789062,99.69525909423828,863000,KLAC
2017-10-19,106.72000122070312,108.06999969482422,105.7699966430664,108.05000305175781,99.65838623046875,708200,KLAC
2017-10-20,109.05999755859375,109.1500015258789,107.88999938964844,108.33999633789062,99.92585754394531,836100,KLAC
2017-10-23,108.98999786376953,108.98999786376953,107.44999694824219,107.80000305175781,99.42780303955078,1162800,KLAC
2017-10-24,107.76000213623047,108.16999816894531,107.05999755859375,107.69000244140625,99.32633972167969,1028500,KLAC
2017-10-25,107.36000061035156,107.61000061035156,105.20999908447266,106.70999908447266,98.42244720458984,1597500,KLAC
2017-10-26,107.04000091552734,109.77999877929688,107.0,108.8499984741211,100.39624786376953,2349200,KLAC
2017-10-27,108.19000244140625,109.5,103.5999984741211,108.06999969482422,99.67683410644531,2477300,KLAC
2017-10-30,108.16999816894531,108.62999725341797,106.44999694824219,107.3499984741211,99.01274108886719,1901000,KLAC
2017-10-31,107.77999877929688,109.62999725341797,106.8499984741211,108.88999938964844,100.43313598632812,2734000,KLAC
2017-11-01,110.0,110.01000213623047,103.08999633789062,105.1500015258789,96.98360443115234,2316100,KLAC
2017-11-02,105.22000122070312,106.44000244140625,104.5,106.37999725341797,98.11808776855469,1739900,KLAC
2017-11-03,106.08000183105469,106.6500015258789,105.56999969482422,106.30000305175781,98.0442886352539,1156000,KLAC
2017-11-06,106.33000183105469,106.98999786376953,105.05999755859375,105.51000213623047,97.31564331054688,1125100,KLAC
2017-11-07,105.43000030517578,107.55999755859375,105.16000366210938,107.5,99.15109252929688,1254100,KLAC
2017-11-08,107.58999633789062,107.8499984741211,106.30000305175781,107.08000183105469,98.76373291015625,1111100,KLAC
2017-11-09,106.52999877929688,106.54000091552734,101.77999877929688,102.4000015258789,94.44717407226562,2104600,KLAC
2017-11-10,102.19999694824219,103.0999984741211,101.61000061035156,102.44000244140625,94.48409271240234,2176300,KLAC
2017-11-13,101.5199966430664,103.02999877929688,101.2300033569336,101.93000030517578,94.013671875,2259100,KLAC
2017-11-14,101.33999633789062,102.20999908447266,100.69999694824219,102.1500015258789,94.76512145996094,1844400,KLAC
2017-11-15,102.04000091552734,103.30999755859375,100.51000213623047,102.94999694824219,95.50727844238281,2109400,KLAC
2017-11-16,103.48999786376953,106.95999908447266,102.79000091552734,104.7699966430664,97.19572448730469,2262300,KLAC
2017-11-17,105.76000213623047,106.5199966430664,101.52999877929688,101.6500015258789,94.30126953125,1693600,KLAC
2017-11-20,101.98999786376953,103.25,101.72000122070312,102.51000213623047,95.09908294677734,1615500,KLAC
2017-11-21,103.26000213623047,104.87999725341797,103.25,104.7300033569336,97.1585922241211,1508600,KLAC
2017-11-22,105.68000030517578,105.68000030517578,103.87000274658203,104.47000122070312,96.91739654541016,1206400,KLAC
2017-11-24,104.7300033569336,105.41999816894531,104.08000183105469,105.04000091552734,97.4461898803711,891400,KLAC
2017-11-27,103.63999938964844,105.0999984741211,102.30000305175781,104.38999938964844,96.84318542480469,1324000,KLAC
2017-11-28,104.2699966430664,107.22000122070312,104.2699966430664,107.16000366210938,99.41292572021484,1670500,KLAC
2017-11-29,107.16000366210938,107.37999725341797,98.91000366210938,100.3499984741211,93.09526062011719,3461400,KLAC
2017-11-30,101.5,104.33000183105469,100.97000122070312,102.23999786376953,94.84861755371094,3569500,KLAC
2017-12-01,101.26000213623047,104.0,99.72000122070312,103.87000274658203,96.36077880859375,2205100,KLAC
2017-12-04,104.69999694824219,104.88999938964844,100.19999694824219,100.87999725341797,93.5869369506836,1882600,KLAC
2017-12-05,101.1500015258789,104.66000366210938,100.05000305175781,102.63999938964844,95.2197036743164,1433400,KLAC
2017-12-06,101.83999633789062,102.97000122070312,101.1500015258789,102.73999786376953,95.3124771118164,1271200,KLAC
2017-12-07,103.11000061035156,105.0,102.86000061035156,104.58000183105469,97.01945495605469,1213500,KLAC
2017-12-08,105.08000183105469,105.83000183105469,103.80999755859375,103.9800033569336,96.46283721923828,1017100,KLAC
2017-12-11,104.25,104.69000244140625,102.48999786376953,103.8499984741211,96.34221649169922,1114100,KLAC
2017-12-12,103.80999755859375,104.02999877929688,102.02999877929688,103.05999755859375,95.60933685302734,1297800,KLAC
2017-12-13,103.26000213623047,104.2699966430664,102.30999755859375,103.87000274658203,96.36077880859375,1169900,KLAC
2017-12-14,105.54000091552734,106.31999969482422,103.94999694824219,104.41999816894531,96.87100982666016,1372600,KLAC
2017-12-15,104.33000183105469,106.22000122070312,103.18000030517578,105.62999725341797,97.99353790283203,2648400,KLAC
2017-12-18,109.56999969482422,112.22000122070312,109.01000213623047,111.22000122070312,103.17941284179688,1753000,KLAC
2017-12-19,111.0,112.1500015258789,110.41999816894531,111.62000274658203,103.55050659179688,1308200,KLAC
2017-12-20,113.0999984741211,114.43000030517578,111.37999725341797,112.44999694824219,104.32048797607422,1530200,KLAC
2017-12-21,112.5,112.69999694824219,108.5,108.62000274658203,100.76737976074219,1267800,KLAC
2017-12-22,108.79000091552734,109.61000061035156,107.73999786376953,109.31999969482422,101.41678619384766,584500,KLAC
2017-12-26,108.61000061035156,109.31999969482422,107.12999725341797,107.6500015258789,99.86751556396484,507000,KLAC
2017-12-27,107.9000015258789,108.36000061035156,106.55999755859375,107.27999877929688,99.52424621582031,713900,KLAC
2017-12-28,108.12000274658203,108.91999816894531,107.16999816894531,107.8499984741211,100.05304718017578,966400,KLAC
2017-12-29,107.83000183105469,108.16999816894531,104.94000244140625,105.06999969482422,97.47402954101562,1089000,KLAC
2018-01-02,105.76000213623047,106.62999725341797,104.91999816894531,106.12999725341797,98.45738983154297,1689000,KLAC
2018-01-03,105.86000061035156,107.58000183105469,104.9800033569336,107.37000274658203,99.60773468017578,2734100,KLAC
2018-01-04,107.94999694824219,109.4800033569336,106.3499984741211,107.55999755859375,99.78401184082031,1925500,KLAC
2018-01-05,108.37999725341797,110.68000030517578,107.9000015258789,109.86000061035156,101.91773223876953,1469000,KLAC
2018-01-08,108.55000305175781,110.94000244140625,108.55000305175781,110.16000366210938,102.19603729248047,772700,KLAC
2018-01-09,110.33000183105469,110.70999908447266,108.62999725341797,109.19999694824219,101.3054428100586,866900,KLAC
2018-01-10,108.41000366210938,108.41000366210938,104.70999908447266,106.27999877929688,98.59654235839844,1439500,KLAC
2018-01-11,106.63999938964844,106.75,104.95999908447266,106.23999786376953,98.55945587158203,1000900,KLAC
2018-01-12,106.6500015258789,108.30000305175781,106.29000091552734,107.29000091552734,99.53353881835938,990600,KLAC
2018-01-16,108.52999877929688,109.25,107.12999725341797,107.66000366210938,99.87679290771484,1492700,KLAC
2018-01-17,109.25,114.41000366210938,108.66999816894531,113.48999786376953,105.2853012084961,2047400,KLAC
2018-01-18,112.83999633789062,115.83000183105469,112.01000213623047,114.6500015258789,106.36146545410156,1353100,KLAC
2018-01-19,114.75,115.12000274658203,113.58999633789062,115.0199966430664,106.7046890258789,988500,KLAC
2018-01-22,115.01000213623047,115.87999725341797,113.7699966430664,114.58999633789062,106.3057632446289,1097200,KLAC
2018-01-23,114.81999969482422,116.3499984741211,114.4800033569336,116.01000213623047,107.62312316894531,1186200,KLAC
2018-01-24,115.72000122070312,116.62000274658203,113.94999694824219,114.93000030517578,106.62120056152344,1320600,KLAC
2018-01-25,117.29000091552734,121.6500015258789,112.58999633789062,113.08999633789062,104.91423034667969,1855700,KLAC
2018-01-26,111.0,115.69000244140625,110.33999633789062,113.44000244140625,105.2389144897461,2314500,KLAC
2018-01-29,113.37000274658203,113.7300033569336,111.30999755859375,112.12999725341797,104.02361297607422,1420500,KLAC
2018-01-30,111.37999725341797,112.0199966430664,108.93000030517578,109.41000366210938,101.5002670288086,1541200,KLAC
2018-01-31,110.02999877929688,111.04000091552734,109.05000305175781,109.80000305175781,101.86207580566406,1174000,KLAC
2018-02-01,109.2699966430664,113.12000274658203,109.06999969482422,111.1500015258789,103.11449432373047,1451200,KLAC
2018-02-02,110.04000091552734,110.18000030517578,106.47000122070312,106.5199966430664,98.8191909790039,1504800,KLAC
2018-02-05,106.0,107.30000305175781,101.19000244140625,101.19999694824219,93.8837890625,1885800,KLAC
2018-02-06,99.12000274658203,105.30000305175781,98.7300033569336,105.2300033569336,97.62245178222656,2185600,KLAC
2018-02-07,104.37000274658203,105.43000030517578,102.06999969482422,102.66000366210938,95.2382583618164,1631100,KLAC
2018-02-08,103.01000213623047,103.83999633789062,97.58000183105469,98.54000091552734,91.41610717773438,2399000,KLAC
2018-02-09,99.70999908447266,101.80999755859375,96.12000274658203,100.9000015258789,93.60549926757812,1734600,KLAC
2018-02-12,101.75,104.80999755859375,101.19999694824219,103.91000366210938,96.39789581298828,1755800,KLAC
2018-02-13,103.30999755859375,104.62000274658203,102.76000213623047,104.20999908447266,96.67620086669922,2036400,KLAC
2018-02-14,103.08999633789062,108.43000030517578,102.88999938964844,107.47000122070312,100.2682113647461,2065000,KLAC
2018-02-15,108.75,109.29000091552734,103.70999908447266,108.87000274658203,101.57439422607422,2950300,KLAC
2018-02-16,108.54000091552734,110.7699966430664,107.44999694824219,107.5199966430664,100.3148422241211,1812300,KLAC
2018-02-20,107.27999877929688,112.06999969482422,107.0,110.55000305175781,103.14181518554688,2034400,KLAC
2018-02-21,110.80999755859375,111.4800033569336,109.23999786376953,109.66999816894531,102.32077026367188,1562000,KLAC
2018-02-22,111.66999816894531,111.9000015258789,108.29000091552734,108.91000366210938,101.61170959472656,1548700,KLAC
2018-02-23,109.93000030517578,110.66000366210938,108.72000122070312,110.47000122070312,103.06716918945312,1275800,KLAC
2018-02-26,111.19000244140625,114.72000122070312,111.19000244140625,114.66999816894531,106.98572540283203,1173600,KLAC
2018-02-27,114.47000122070312,115.61000061035156,113.04000091552734,113.45999908447266,105.85680389404297,949700,KLAC
2018-02-28,114.19000244140625,115.0,112.9800033569336,113.30999755859375,105.71685028076172,1127300,KLAC
2018-03-01,112.91999816894531,114.69000244140625,110.25,111.20999908447266,103.75758361816406,1192400,KLAC
2018-03-02,110.05000305175781,113.27999877929688,109.38999938964844,113.01000213623047,105.43695068359375,962700,KLAC
2018-03-05,112.61000061035156,115.12999725341797,111.79000091552734,113.83000183105469,106.2020034790039,878200,KLAC
2018-03-06,114.7699966430664,116.72000122070312,114.19000244140625,116.06999969482422,108.29190063476562,1038500,KLAC
2018-03-07,115.30000305175781,117.83999633789062,115.13999938964844,117.44999694824219,109.57943725585938,1298200,KLAC
2018-03-08,118.05000305175781,118.06999969482422,116.37000274658203,117.0,109.1595687866211,782700,KLAC
2018-03-09,117.66999816894531,121.33999633789062,117.01000213623047,121.1500015258789,113.0314712524414,1227900,KLAC
2018-03-12,122.0,123.11000061035156,121.0199966430664,122.38999938964844,114.1883773803711,1042000,KLAC
2018-03-13,123.41000366210938,123.95999908447266,120.05000305175781,120.4800033569336,112.4063720703125,1251200,KLAC
2018-03-14,121.83999633789062,121.88999938964844,119.72000122070312,120.44000244140625,112.36905670166016,986600,KLAC
2018-03-15,120.55999755859375,122.45999908447266,119.83999633789062,120.80999755859375,112.7142562866211,1046100,KLAC
2018-03-16,121.51000213623047,121.62000274658203,120.1500015258789,120.62000274658203,112.53699493408203,1746000,KLAC
2018-03-19,118.30999755859375,118.94999694824219,111.05000305175781,115.9800033569336,108.20793914794922,4159700,KLAC
2018-03-20,115.70999908447266,118.77999877929688,114.86000061035156,117.19000244140625,109.33685302734375,2844600,KLAC
2018-03-21,117.58999633789062,119.80999755859375,117.38999938964844,118.05999755859375,110.14854431152344,1456700,KLAC
2018-03-22,116.08999633789062,117.27999877929688,112.79000091552734,112.91999816894531,105.35298156738281,1631900,KLAC
2018-03-23,113.43000030517578,113.43000030517578,108.16000366210938,108.18000030517578,100.93063354492188,2171500,KLAC
2018-03-26,110.69000244140625,113.48999786376953,110.19999694824219,113.36000061035156,105.76349639892578,2100900,KLAC
2018-03-27,114.13999938964844,114.36000061035156,107.0,107.80999755859375,100.58541107177734,1477600,KLAC
2018-03-28,107.62999725341797,108.81999969482422,105.05000305175781,106.56999969482422,99.42850494384766,1492800,KLAC
2018-03-29,107.48999786376953,110.52999877929688,106.16999816894531,109.01000213623047,101.70499420166016,1123000,KLAC
2018-04-02,108.30999755859375,108.63999938964844,104.02999877929688,105.33000183105469,98.2716064453125,1394800,KLAC
2018-04-03,106.4000015258789,107.76000213623047,105.23999786376953,107.56999969482422,100.36151123046875,1280800,KLAC
2018-04-04,104.91999816894531,109.66999816894531,103.62999725341797,109.25,101.92891693115234,1129100,KLAC
2018-04-05,110.79000091552734,111.5999984741211,108.23999786376953,108.70999908447266,101.42511749267578,1659900,KLAC
2018-04-06,106.72000122070312,108.25,103.54000091552734,104.06999969482422,97.09603881835938,1664300,KLAC
2018-04-09,105.13999938964844,107.87999725341797,103.62000274658203,103.79000091552734,96.83480072021484,1506200,KLAC
2018-04-10,106.04000091552734,109.47000122070312,105.69000244140625,108.56999969482422,101.29449462890625,1375600,KLAC
2018-04-11,107.22000122070312,108.83999633789062,106.4000015258789,106.63999938964844,99.49382019042969,1198600,KLAC
2018-04-12,107.58000183105469,109.45999908447266,107.05999755859375,109.12000274658203,101.8076400756836,1176600,KLAC
2018-04-13,110.2300033569336,110.25,106.97000122070312,107.58999633789062,100.38016510009766,922800,KLAC
2018-04-16,108.66000366210938,109.58000183105469,107.19999694824219,108.8499984741211,101.55573272705078,1027900,KLAC
2018-04-17,110.1500015258789,111.02999877929688,109.16999816894531,110.62000274658203,103.20712280273438,1376600,KLAC
2018-04-18,108.56999969482422,109.1500015258789,106.58999633789062,108.23999786376953,100.98658752441406,1076300,KLAC
2018-04-19,106.5999984741211,106.5999984741211,101.88999938964844,102.29000091552734,95.43531799316406,1915500,KLAC
2018-04-20,102.62999725341797,103.4000015258789,100.88999938964844,101.4800033569336,94.67960357666016,1558800,KLAC
2018-04-23,102.26000213623047,102.55999755859375,100.08000183105469,101.0,94.23175811767578,2002100,KLAC
2018-04-24,102.43000030517578,102.87999725341797,98.06999969482422,99.55999755859375,92.88826751708984,1815500,KLAC
2018-04-25,99.75,100.48999786376953,97.94000244140625,98.6500015258789,92.03925323486328,1605500,KLAC
2018-04-26,99.47000122070312,101.25,99.2300033569336,100.83000183105469,94.07316589355469,1674000,KLAC
2018-04-27,101.56999969482422,103.6500015258789,99.05999755859375,102.18000030517578,95.33271026611328,2708700,KLAC
2018-04-30,102.51000213623047,103.23999786376953,100.88999938964844,101.73999786376953,94.92218780517578,1618100,KLAC
2018-05-01,101.6500015258789,102.62000274658203,100.38999938964844,102.33000183105469,95.47264099121094,1357300,KLAC
2018-05-02,102.5999984741211,103.83000183105469,101.87000274658203,102.16999816894531,95.3233642578125,1103100,KLAC
2018-05-03,101.44999694824219,103.3499984741211,100.44999694824219,102.98999786376953,96.08842468261719,1038000,KLAC
2018-05-04,102.47000122070312,106.70999908447266,101.68000030517578,106.66000366210938,99.51248168945312,1334800,KLAC
2018-05-07,107.0,107.25,106.12000274658203,106.70999908447266,99.55914306640625,1188400,KLAC
2018-05-08,105.66000366210938,107.20999908447266,105.5199966430664,106.9000015258789,99.73639678955078,1160300,KLAC
2018-05-09,107.5,109.22000122070312,106.9000015258789,109.16999816894531,101.8542709350586,1146400,KLAC
2018-05-10,109.68000030517578,111.19999694824219,109.19000244140625,111.05999755859375,103.61762237548828,708100,KLAC
2018-05-11,110.79000091552734,111.77999877929688,110.41000366210938,111.06999969482422,103.62696838378906,950100,KLAC
2018-05-14,111.37999725341797,113.93000030517578,111.37999725341797,112.7300033569336,105.8907470703125,1513500,KLAC
2018-05-15,111.83000183105469,112.0,110.25,111.33000183105469,104.57568359375,1364000,KLAC
2018-05-16,111.7699966430664,114.0199966430664,111.62999725341797,113.66999816894531,106.77371978759766,1157200,KLAC
2018-05-17,113.4000015258789,114.36000061035156,111.83000183105469,113.23999786376953,106.36980438232422,1309700,KLAC
2018-05-18,111.44999694824219,111.44999694824219,107.81999969482422,109.38999938964844,102.75337219238281,2021900,KLAC
2018-05-21,110.87000274658203,111.88999938964844,109.8499984741211,111.44000244140625,104.67900848388672,1281000,KLAC
2018-05-22,112.19999694824219,114.37999725341797,112.18000030517578,113.62000274658203,106.72676086425781,1335900,KLAC
2018-05-23,112.31999969482422,113.31999969482422,111.33999633789062,113.30000305175781,106.42617797851562,1057500,KLAC
2018-05-24,113.11000061035156,113.9000015258789,111.66000366210938,113.52999877929688,106.64221954345703,1366100,KLAC
2018-05-25,113.29000091552734,114.95999908447266,113.16000366210938,114.31999969482422,107.38426971435547,825700,KLAC
2018-05-29,113.5,114.45999908447266,112.08000183105469,113.6500015258789,106.75493621826172,1241000,KLAC
2018-05-30,114.5199966430664,115.33000183105469,113.30000305175781,114.01000213623047,107.09308624267578,973200,KLAC
2018-05-31,113.91999816894531,115.0199966430664,112.86000061035156,113.2300033569336,106.36042022705078,1373200,KLAC
2018-06-01,114.51000213623047,116.41999816894531,113.8499984741211,115.83999633789062,108.81204986572266,1381700,KLAC
2018-06-04,115.27999877929688,117.12000274658203,115.16999816894531,116.23999786376953,109.18779754638672,854000,KLAC
2018-06-05,117.04000091552734,118.19000244140625,116.56999969482422,118.12999725341797,110.96312713623047,1084500,KLAC
2018-06-06,118.13999938964844,118.55999755859375,116.9000015258789,117.43000030517578,110.30559539794922,1596700,KLAC
2018-06-07,115.44999694824219,116.56999969482422,114.44999694824219,115.93000030517578,108.8966064453125,1899100,KLAC
2018-06-08,114.38999938964844,114.56999969482422,113.13999938964844,114.19999694824219,107.27156066894531,1369700,KLAC
2018-06-11,113.81999969482422,114.66000366210938,112.33000183105469,112.47000122070312,105.64653015136719,1306400,KLAC
2018-06-12,113.12000274658203,113.68000030517578,111.52999877929688,113.58999633789062,106.69855499267578,1174700,KLAC
2018-06-13,113.9000015258789,114.38999938964844,112.4800033569336,112.95999908447266,106.10679626464844,1416000,KLAC
2018-06-14,113.5,113.75,112.36000061035156,113.12999725341797,106.26647186279297,1039000,KLAC
2018-06-15,113.16000366210938,113.16000366210938,111.30999755859375,112.83999633789062,105.99406433105469,1728000,KLAC
2018-06-18,111.83000183105469,112.38999938964844,109.83000183105469,112.05000305175781,105.25199890136719,1193700,KLAC
2018-06-19,110.41999816894531,111.27999877929688,109.13999938964844,110.58000183105469,103.87117767333984,1080000,KLAC
2018-06-20,111.06999969482422,111.77999877929688,109.31999969482422,109.7699966430664,103.11031341552734,1202100,KLAC
2018-06-21,110.43000030517578,111.31999969482422,109.62000274658203,110.30999755859375,103.61756134033203,1142200,KLAC
2018-06-22,107.11000061035156,108.95999908447266,105.29000091552734,106.55999755859375,100.0950698852539,2896000,KLAC
2018-06-25,105.43000030517578,105.43000030517578,101.73999786376953,104.13999938964844,97.82188415527344,2198900,KLAC
2018-06-26,105.11000061035156,105.61000061035156,103.76000213623047,104.58999633789062,98.24459075927734,1492600,KLAC
2018-06-27,104.80999755859375,105.08999633789062,100.56999969482422,100.63999938964844,94.53425598144531,1469000,KLAC
2018-06-28,100.52999877929688,101.88999938964844,99.83999633789062,101.80999755859375,95.63324737548828,1564200,KLAC
2018-06-29,102.43000030517578,103.97000122070312,102.08000183105469,102.52999877929688,96.30956268310547,1727600,KLAC
2018-07-02,101.27999877929688,103.87000274658203,100.36000061035156,103.80000305175781,97.50252532958984,1365900,KLAC
2018-07-03,103.86000061035156,103.86000061035156,101.44999694824219,101.5999984741211,95.43600463867188,803800,KLAC
2018-07-05,102.61000061035156,103.5,101.75,103.43000030517578,97.15496063232422,1031500,KLAC
2018-07-06,103.16999816894531,105.0,102.25,104.87000274658203,98.50759887695312,676300,KLAC
2018-07-09,105.11000061035156,105.98999786376953,104.27999877929688,105.95999908447266,99.53148651123047,769800,KLAC
2018-07-10,106.61000061035156,107.0199966430664,105.58000183105469,106.05999755859375,99.62540435791016,1086500,KLAC
2018-07-11,105.4000015258789,106.43000030517578,103.02999877929688,103.26000213623047,96.99528503417969,1120100,KLAC
2018-07-12,104.05999755859375,104.81999969482422,103.48999786376953,104.55000305175781,98.20702362060547,1363400,KLAC
2018-07-13,104.58999633789062,105.06999969482422,104.13999938964844,104.86000061035156,98.49821472167969,606900,KLAC
2018-07-16,104.69999694824219,104.72000122070312,103.95999908447266,104.16000366210938,97.84069061279297,903900,KLAC
2018-07-17,103.62000274658203,106.04000091552734,103.62000274658203,105.88999938964844,99.46572875976562,2037600,KLAC
2018-07-18,107.62000274658203,110.81999969482422,107.44999694824219,110.2300033569336,103.54242706298828,1753300,KLAC
2018-07-19,109.20999908447266,109.77999877929688,107.06999969482422,108.48999786376953,101.90797424316406,1314700,KLAC
2018-07-20,108.01000213623047,108.01000213623047,106.44999694824219,106.91999816894531,100.43323516845703,1105600,KLAC
2018-07-23,106.72000122070312,107.30999755859375,104.68000030517578,106.94000244140625,100.45201873779297,852900,KLAC
2018-07-24,107.66999816894531,108.5999984741211,103.66999816894531,103.94999694824219,97.64340209960938,1688400,KLAC
2018-07-25,103.94999694824219,104.5199966430664,101.41999816894531,104.44000244140625,98.10367584228516,1563700,KLAC
2018-07-26,104.45999908447266,105.91000366210938,104.25,105.2300033569336,98.84576416015625,1548800,KLAC
2018-07-27,105.81999969482422,108.93000030517578,105.61000061035156,107.56999969482422,101.04380798339844,1419200,KLAC
2018-07-30,107.31999969482422,108.02999877929688,105.41999816894531,106.30000305175781,99.8508529663086,1863500,KLAC
2018-07-31,111.88999938964844,122.4000015258789,111.5999984741211,117.41999816894531,110.29619598388672,4867900,KLAC
2018-08-01,117.76000213623047,119.16999816894531,116.23999786376953,116.70999908447266,109.6292724609375,1839100,KLAC
2018-08-02,115.30999755859375,118.70999908447266,114.5,118.47000122070312,111.28250122070312,1623200,KLAC
2018-08-03,118.44999694824219,119.69999694824219,117.29000091552734,119.58999633789062,112.33454895019531,1247900,KLAC
2018-08-06,118.87000274658203,119.33000183105469,117.86000061035156,118.2699966430664,111.09463500976562,1151700,KLAC
2018-08-07,118.33000183105469,119.1500015258789,117.05999755859375,118.16000366210938,110.99131774902344,1414300,KLAC
2018-08-08,118.12999725341797,119.19000244140625,115.62000274658203,118.16999816894531,111.00069427490234,1241200,KLAC
2018-08-09,117.45999908447266,118.1500015258789,116.62000274658203,116.7699966430664,109.68562316894531,999100,KLAC
2018-08-10,115.30999755859375,116.26000213623047,113.20999908447266,114.2300033569336,107.29975128173828,2340600,KLAC
2018-08-13,114.75,116.19000244140625,114.26000213623047,116.1500015258789,109.1032485961914,1582200,KLAC
2018-08-14,116.77999877929688,117.37000274658203,115.18000030517578,115.31999969482422,109.02761840820312,1094400,KLAC
2018-08-15,113.87999725341797,114.13999938964844,111.73999786376953,112.75,106.59785461425781,1722500,KLAC
2018-08-16,113.41999816894531,114.0,111.80999755859375,112.23999786376953,106.11567687988281,1482000,KLAC
2018-08-17,110.93000030517578,113.05999755859375,108.36000061035156,112.4000015258789,106.26695251464844,2816400,KLAC
2018-08-20,112.81999969482422,112.87999725341797,110.62999725341797,110.93000030517578,104.87715911865234,1242800,KLAC
2018-08-21,111.05000305175781,113.83000183105469,110.93000030517578,113.29000091552734,107.10836791992188,1453600,KLAC
2018-08-22,113.0199966430664,114.70999908447266,112.20999908447266,114.01000213623047,107.78909301757812,1158300,KLAC
2018-08-23,113.73999786376953,114.73999786376953,113.38999938964844,113.93000030517578,107.71346282958984,766300,KLAC
2018-08-24,114.79000091552734,115.77999877929688,114.33000183105469,115.44000244140625,109.14107513427734,853800,KLAC
2018-08-27,116.30000305175781,118.3499984741211,115.86000061035156,117.4800033569336,111.06976318359375,1106400,KLAC
2018-08-28,117.76000213623047,118.30000305175781,115.94000244140625,117.36000061035156,110.95630645751953,824200,KLAC
2018-08-29,117.43000030517578,117.7300033569336,116.22000122070312,116.7300033569336,110.3606948852539,1037800,KLAC
2018-08-30,116.41999816894531,117.52999877929688,116.11000061035156,116.75,110.37958526611328,1100600,KLAC
2018-08-31,116.72000122070312,117.5199966430664,116.0199966430664,116.20999908447266,109.86906433105469,853400,KLAC
2018-09-04,117.30000305175781,118.55000305175781,115.44999694824219,118.19000244140625,111.74102783203125,1694800,KLAC
2018-09-05,117.45999908447266,119.30000305175781,116.87000274658203,118.83000183105469,112.3460922241211,1566600,KLAC
2018-09-06,116.75,118.43000030517578,106.12000274658203,107.27999877929688,101.42630767822266,3692600,KLAC
2018-09-07,106.63999938964844,107.77999877929688,103.88999938964844,104.18000030517578,98.49547576904297,2120100,KLAC
2018-09-10,105.11000061035156,105.97000122070312,103.5,105.69000244140625,99.92308807373047,1680100,KLAC
2018-09-11,105.08999633789062,106.30999755859375,104.6500015258789,105.62000274658203,99.85690307617188,1790600,KLAC
2018-09-12,101.87999725341797,103.27999877929688,100.30000305175781,102.9000015258789,97.28530883789062,2236900,KLAC
2018-09-13,104.5,107.5,103.69000244140625,104.16000366210938,98.47657012939453,1397200,KLAC
2018-09-14,104.5,105.6500015258789,103.8499984741211,104.47000122070312,98.7696533203125,1386400,KLAC
2018-09-17,104.55999755859375,105.23999786376953,102.91999816894531,103.2699966430664,97.6351089477539,1494000,KLAC
2018-09-18,103.69999694824219,104.63999938964844,102.97000122070312,103.58999633789062,97.9376449584961,1474200,KLAC
2018-09-19,103.80000305175781,104.0199966430664,101.93000030517578,102.44999694824219,96.85987091064453,1647500,KLAC
2018-09-20,103.33000183105469,104.62000274658203,103.05000305175781,103.91999816894531,98.24964904785156,2379100,KLAC
2018-09-21,104.72000122070312,105.44999694824219,103.54000091552734,104.5199966430664,98.81690979003906,3195300,KLAC
2018-09-24,103.44000244140625,105.12999725341797,103.16999816894531,104.37999725341797,98.68456268310547,1126600,KLAC
2018-09-25,104.22000122070312,104.4000015258789,102.06999969482422,102.36000061035156,96.7747802734375,1260800,KLAC
2018-09-26,101.4000015258789,102.95999908447266,100.47000122070312,100.58000183105469,95.0918960571289,1490600,KLAC
2018-09-27,101.30999755859375,102.0,100.7699966430664,100.91000366210938,95.40390014648438,1228900,KLAC
2018-09-28,100.76000213623047,102.43000030517578,99.58000183105469,101.70999908447266,96.16023254394531,2777800,KLAC
2018-10-01,102.45999908447266,102.66000366210938,100.5199966430664,100.76000213623047,95.2620849609375,1400600,KLAC
2018-10-02,100.69999694824219,102.83999633789062,100.62999725341797,100.97000122070312,95.46061706542969,1279100,KLAC
2018-10-03,101.5999984741211,102.97000122070312,100.12999725341797,102.80999755859375,97.20022583007812,1279500,KLAC
2018-10-04,101.87999725341797,101.98999786376953,98.88999938964844,101.3499984741211,95.81990051269531,3039700,KLAC
2018-10-05,101.44000244140625,101.7300033569336,98.54000091552734,99.33999633789062,93.9195556640625,1472300,KLAC
2018-10-08,99.0199966430664,99.63999938964844,97.33000183105469,99.22000122070312,93.80610656738281,1203100,KLAC
2018-10-09,100.18000030517578,101.20999908447266,97.75,99.1500015258789,93.73994445800781,2344700,KLAC
2018-10-10,97.62999725341797,97.8499984741211,93.73999786376953,93.8499984741211,88.72911834716797,3576500,KLAC
2018-10-11,94.12000274658203,95.9800033569336,91.29000091552734,91.7699966430664,86.76261138916016,2129800,KLAC
2018-10-12,94.08999633789062,94.91999816894531,91.6500015258789,93.19000244140625,88.1051254272461,1482000,KLAC
2018-10-15,93.06999969482422,93.5199966430664,91.05999755859375,91.08999633789062,86.11971282958984,1564500,KLAC
2018-10-16,91.6500015258789,93.13999938964844,90.9000015258789,92.95999908447266,87.88768005371094,1624400,KLAC
2018-10-17,96.9800033569336,97.0,93.20999908447266,93.81999969482422,88.70075988769531,1937800,KLAC
2018-10-18,93.29000091552734,93.55000305175781,91.08999633789062,91.33999633789062,86.35608673095703,1584400,KLAC
2018-10-19,91.61000061035156,92.81999969482422,90.12000274658203,90.80999755859375,85.85498809814453,1961500,KLAC
2018-10-22,91.11000061035156,91.56999969482422,89.08999633789062,90.27999877929688,85.35391235351562,1996100,KLAC
2018-10-23,87.86000061035156,90.81999969482422,87.0199966430664,90.48999786376953,85.55245971679688,1412100,KLAC
2018-10-24,89.20999908447266,89.55999755859375,85.88999938964844,86.0,81.30744934082031,2312600,KLAC
2018-10-25,87.54000091552734,89.56999969482422,87.0,89.02999877929688,84.172119140625,1619200,KLAC
2018-10-26,87.0,89.05999755859375,86.0,87.20999908447266,82.45142364501953,2685600,KLAC
2018-10-29,88.66999816894531,89.04000091552734,84.58999633789062,85.12999725341797,80.48490905761719,2113200,KLAC
2018-10-30,88.5,92.4800033569336,87.0199966430664,91.5999984741211,86.60189056396484,2899600,KLAC
2018-10-31,92.70999908447266,92.75,90.04000091552734,91.54000091552734,86.545166015625,1687800,KLAC
2018-11-01,91.94999694824219,95.48999786376953,91.30999755859375,94.91999816894531,89.74073028564453,2951400,KLAC
2018-11-02,95.0999984741211,95.98999786376953,92.58000183105469,93.29000091552734,88.1996841430664,1578800,KLAC
2018-11-05,93.27999877929688,94.01000213623047,91.26000213623047,92.51000213623047,87.46222686767578,2469000,KLAC
2018-11-06,92.83999633789062,95.22000122070312,92.1500015258789,95.05000305175781,89.8636474609375,1585600,KLAC
2018-11-07,96.04000091552734,97.19000244140625,93.9800033569336,96.51000213623047,91.24398040771484,2255900,KLAC
2018-11-08,95.70999908447266,97.47000122070312,95.33000183105469,97.05000305175781,91.75450134277344,1430500,KLAC
2018-11-09,96.0,96.7300033569336,94.41000366210938,95.27999877929688,90.08108520507812,1649000,KLAC
2018-11-12,93.73999786376953,95.05000305175781,91.63999938964844,92.29000091552734,87.25424194335938,1959800,KLAC
2018-11-13,92.7300033569336,95.44000244140625,92.7300033569336,93.41999816894531,88.32258605957031,2476500,KLAC
2018-11-14,94.22000122070312,95.1500015258789,92.11000061035156,92.31999969482422,87.2826156616211,2093700,KLAC
2018-11-15,91.2699966430664,95.05000305175781,90.76000213623047,94.44000244140625,90.01822662353516,2026800,KLAC
2018-11-16,92.58999633789062,97.68000030517578,91.83000183105469,96.9000015258789,92.36305236816406,3026300,KLAC
2018-11-19,96.11000061035156,96.91000366210938,92.08999633789062,92.33000183105469,88.00701904296875,2501900,KLAC
2018-11-20,90.36000061035156,95.61000061035156,90.25,94.4800033569336,90.05635833740234,1625400,KLAC
2018-11-21,95.62000274658203,96.4000015258789,93.80000305175781,94.73999786376953,90.30416870117188,1192400,KLAC
2018-11-23,94.16999816894531,95.83999633789062,93.0,94.30999755859375,89.89432525634766,693300,KLAC
2018-11-26,95.7699966430664,96.06999969482422,94.12000274658203,95.83000183105469,91.34314727783203,1311500,KLAC
2018-11-27,95.16999816894531,96.55999755859375,94.80999755859375,96.33000183105469,91.81974792480469,1160100,KLAC
2018-11-28,97.22000122070312,98.88999938964844,95.68000030517578,98.7300033569336,94.10736083984375,1358500,KLAC
2018-11-29,98.0999984741211,98.58999633789062,96.5999984741211,96.69000244140625,92.16287231445312,1041700,KLAC
2018-11-30,96.47000122070312,98.68000030517578,96.0,98.55999755859375,93.9453353881836,1499700,KLAC
2018-12-03,100.45999908447266,101.63999938964844,99.62999725341797,101.1500015258789,96.41407012939453,2311900,KLAC
2018-12-04,99.20999908447266,99.88999938964844,95.7300033569336,95.91999816894531,91.42893981933594,2642900,KLAC
2018-12-06,94.20999908447266,95.61000061035156,93.44999694824219,95.55999755859375,91.08578491210938,2194400,KLAC
2018-12-07,95.41999816894531,96.01000213623047,91.5999984741211,92.19000244140625,87.87357330322266,1191500,KLAC
2018-12-10,92.22000122070312,93.44999694824219,91.18000030517578,92.27999877929688,87.95936584472656,1156800,KLAC
2018-12-11,94.2699966430664,95.41000366210938,91.66999816894531,92.7300033569336,88.3883056640625,1682800,KLAC
2018-12-12,94.88999938964844,94.88999938964844,91.80000305175781,93.54000091552734,89.16036987304688,2107600,KLAC
2018-12-13,93.95999908447266,94.4800033569336,92.05000305175781,92.68000030517578,88.34064483642578,1105500,KLAC
2018-12-14,91.12999725341797,91.94999694824219,89.4800033569336,89.51000213623047,85.31904602050781,1900100,KLAC
2018-12-17,89.44000244140625,91.2300033569336,88.30000305175781,88.94000244140625,84.7757568359375,2065400,KLAC
2018-12-18,90.12999725341797,93.12999725341797,89.66000366210938,90.0199966430664,85.80517578125,2340200,KLAC
2018-12-19,89.63999938964844,92.01000213623047,86.33000183105469,86.94000244140625,82.869384765625,2504300,KLAC
2018-12-20,86.98999786376953,88.1500015258789,84.83000183105469,85.9000015258789,81.8780746459961,2140100,KLAC
2018-12-21,86.81999969482422,88.7300033569336,84.61000061035156,85.66999816894531,81.65884399414062,4273000,KLAC
2018-12-24,84.58000183105469,85.08999633789062,81.13999938964844,81.2300033569336,77.4267349243164,1700200,KLAC
2018-12-26,82.05000305175781,86.08999633789062,80.6500015258789,86.05000305175781,82.02105712890625,1664000,KLAC
2018-12-27,84.7300033569336,88.41000366210938,84.69000244140625,88.30000305175781,84.16571044921875,1521000,KLAC
2018-12-28,88.30000305175781,90.33999633789062,88.0,88.62999725341797,84.48025512695312,1256800,KLAC
2018-12-31,90.01000213623047,90.44999694824219,88.33000183105469,89.48999786376953,85.29999542236328,1044600,KLAC
2019-01-02,87.52999877929688,91.69000244140625,87.52999877929688,90.91000366210938,86.65351104736328,1225000,KLAC
2019-01-03,88.41000366210938,90.0,85.69000244140625,85.80999755859375,81.79228210449219,1868400,KLAC
2019-01-04,87.25,91.37999725341797,87.20999908447266,91.30000305175781,87.0252456665039,1692200,KLAC
2019-01-07,91.2699966430664,93.41999816894531,90.6500015258789,92.5999984741211,88.2643814086914,1333500,KLAC
2019-01-08,93.48999786376953,93.48999786376953,89.36000061035156,91.12999725341797,86.86318969726562,1847000,KLAC
2019-01-09,91.97000122070312,94.51000213623047,91.97000122070312,93.4800033569336,89.10317993164062,1471900,KLAC
2019-01-10,92.54000091552734,93.91000366210938,92.01000213623047,93.70999908447266,89.3224105834961,1131000,KLAC
2019-01-11,93.05000305175781,94.98999786376953,93.0,94.02999877929688,89.62742614746094,793300,KLAC
2019-01-14,92.81999969482422,93.5199966430664,91.76000213623047,92.43000030517578,88.10234832763672,899200,KLAC
2019-01-15,93.22000122070312,93.79000091552734,91.80999755859375,92.5199966430664,88.18812561035156,764400,KLAC
2019-01-16,91.91999816894531,93.0,90.80000305175781,90.95999908447266,86.70115661621094,1134500,KLAC
2019-01-17,90.47000122070312,93.01000213623047,89.93000030517578,92.91999816894531,88.56940460205078,1853200,KLAC
2019-01-18,94.05999755859375,97.11000061035156,93.62000274658203,95.7300033569336,91.2478256225586,1516400,KLAC
2019-01-22,95.18000030517578,95.18000030517578,92.58000183105469,93.20999908447266,88.84581756591797,1548500,KLAC
2019-01-23,94.0,94.51000213623047,91.05999755859375,91.8499984741211,87.54949188232422,1361700,KLAC
2019-01-24,94.72000122070312,98.5999984741211,94.0,98.29000091552734,93.6879653930664,1843700,KLAC
2019-01-25,100.12000274658203,102.33000183105469,100.08000183105469,101.38999938964844,96.64281463623047,1842000,KLAC
2019-01-28,99.11000061035156,102.77999877929688,98.6500015258789,101.68000030517578,96.91923522949219,1682900,KLAC
2019-01-29,102.4000015258789,102.43000030517578,100.3499984741211,100.98999786376953,96.26155853271484,1839700,KLAC
2019-01-30,103.9800033569336,106.37000274658203,101.87000274658203,105.9800033569336,101.0179214477539,2493900,KLAC
2019-01-31,105.41999816894531,108.6500015258789,104.66000366210938,106.56999969482422,101.58028411865234,2217100,KLAC
2019-02-01,106.94000244140625,107.68000030517578,106.1500015258789,106.95999908447266,101.9520263671875,1443000,KLAC
2019-02-04,107.0,107.30000305175781,105.76000213623047,107.02999877929688,102.01873779296875,1499300,KLAC
2019-02-05,106.9800033569336,107.45999908447266,105.9000015258789,106.77999877929688,101.78045654296875,964100,KLAC
2019-02-06,106.98999786376953,109.13999938964844,106.9800033569336,107.81999969482422,102.77177429199219,1993000,KLAC
2019-02-07,106.62000274658203,107.13999938964844,104.80000305175781,105.4800033569336,100.54133605957031,1476800,KLAC
2019-02-08,103.80000305175781,105.61000061035156,103.44999694824219,105.5999984741211,100.65570068359375,889900,KLAC
2019-02-11,106.18000030517578,106.5999984741211,105.25,105.62000274658203,100.67476654052734,1046200,KLAC
2019-02-12,106.80999755859375,107.6500015258789,106.4000015258789,107.19999694824219,102.18080139160156,757000,KLAC
2019-02-13,107.5199966430664,108.5,107.31999969482422,107.87999725341797,102.82894134521484,1075800,KLAC
2019-02-14,106.75,108.48999786376953,106.51000213623047,107.13999938964844,102.83855438232422,1013600,KLAC
2019-02-15,108.26000213623047,108.26000213623047,106.33000183105469,108.19000244140625,103.84638977050781,1401700,KLAC
2019-02-19,108.5,110.30000305175781,108.0999984741211,108.26000213623047,103.91358947753906,6295900,KLAC
2019-02-20,108.75,113.31999969482422,108.56999969482422,112.87000274658203,108.33850860595703,3022400,KLAC
2019-02-21,114.72000122070312,114.72000122070312,111.68000030517578,112.98999786376953,108.45367431640625,2604800,KLAC
2019-02-22,113.88999938964844,115.55999755859375,113.06999969482422,114.48999786376953,109.8934555053711,4037600,KLAC
2019-02-25,116.52999877929688,117.44999694824219,115.68000030517578,115.76000213623047,111.11247253417969,1611800,KLAC
2019-02-26,115.83000183105469,116.55000305175781,115.69000244140625,116.12000274658203,111.4580307006836,1447900,KLAC
2019-02-27,115.52999877929688,115.7699966430664,112.69999694824219,114.9000015258789,110.28700256347656,2096900,KLAC
2019-02-28,114.18000030517578,115.66999816894531,113.69999694824219,115.48999786376953,110.85331726074219,1604000,KLAC
2019-03-01,116.63999938964844,117.62999725341797,115.19999694824219,115.77999877929688,111.13166809082031,1273800,KLAC
2019-03-04,116.94000244140625,117.75,115.29000091552734,116.70999908447266,112.02433013916016,1366900,KLAC
2019-03-05,115.88999938964844,116.8499984741211,115.23999786376953,115.23999786376953,110.61335754394531,1445200,KLAC
2019-03-06,115.43000030517578,115.73999786376953,114.18000030517578,114.5,109.90306091308594,1715000,KLAC
2019-03-07,115.05000305175781,115.63999938964844,113.29000091552734,114.62999725341797,110.02784729003906,1716200,KLAC
2019-03-08,113.02999877929688,114.31999969482422,112.41000366210938,113.94999694824219,109.37515258789062,1404600,KLAC
2019-03-11,114.81999969482422,117.31999969482422,114.69999694824219,116.93000030517578,112.23550415039062,1446200,KLAC
2019-03-12,117.43000030517578,117.83000183105469,116.16999816894531,116.66999816894531,111.9859390258789,1407300,KLAC
2019-03-13,117.38999938964844,118.22000122070312,116.16999816894531,116.87999725341797,112.1875,1616000,KLAC
2019-03-14,116.80999755859375,118.62000274658203,116.54000091552734,117.19000244140625,112.48507690429688,1449000,KLAC
2019-03-15,118.08999633789062,120.31999969482422,117.83999633789062,119.62000274658203,114.8175048828125,2949800,KLAC
2019-03-18,119.88999938964844,121.68000030517578,119.36000061035156,119.87999725341797,115.06706237792969,1775500,KLAC
2019-03-19,119.98999786376953,120.98999786376953,119.7699966430664,120.16000366210938,115.33583068847656,1256100,KLAC
2019-03-20,120.33000183105469,120.87999725341797,119.04000091552734,119.93000030517578,115.11505126953125,1301800,KLAC
2019-03-21,120.12999725341797,124.68000030517578,119.9800033569336,123.80000305175781,118.82969665527344,1484500,KLAC
2019-03-22,122.94999694824219,123.93000030517578,120.31999969482422,120.52999877929688,115.69097900390625,1593000,KLAC
2019-03-25,120.25,121.0,118.77999877929688,119.4000015258789,114.60633850097656,872400,KLAC
2019-03-26,120.61000061035156,121.25,119.25,120.04000091552734,115.22064971923828,1079900,KLAC
2019-03-27,120.16999816894531,120.86000061035156,116.69999694824219,118.0999984741211,113.3585205078125,1474300,KLAC
2019-03-28,118.55999755859375,119.08000183105469,116.43000030517578,117.47000122070312,112.75382995605469,808500,KLAC
2019-03-29,118.75,119.5999984741211,118.12000274658203,119.41000366210938,114.61593627929688,1219600,KLAC
2019-04-01,119.87999725341797,122.26000213623047,119.41000366210938,122.16000366210938,117.25553131103516,1239900,KLAC
2019-04-02,122.72000122070312,122.88999938964844,121.2300033569336,121.94999694824219,117.05396270751953,894300,KLAC
2019-04-03,123.30000305175781,124.19999694824219,122.68000030517578,124.06999969482422,119.08883666992188,1960900,KLAC
2019-04-04,124.01000213623047,125.26000213623047,123.0999984741211,123.98999786376953,119.01205444335938,898100,KLAC
2019-04-05,124.56999969482422,125.5,123.80999755859375,124.33999633789062,119.3479995727539,1145700,KLAC
2019-04-08,124.0,124.9000015258789,123.19000244140625,124.72000122070312,119.71275329589844,926500,KLAC
2019-04-09,122.27999877929688,123.55999755859375,121.20999908447266,122.12999725341797,117.22673797607422,1553300,KLAC
2019-04-10,121.88999938964844,123.62000274658203,121.75,123.33999633789062,118.38815307617188,1060500,KLAC
2019-04-11,124.1500015258789,124.37999725341797,122.23999786376953,122.91000366210938,117.97542572021484,1037200,KLAC
2019-04-12,124.16999816894531,124.5,122.12000274658203,123.43000030517578,118.47454071044922,1299200,KLAC
2019-04-15,123.5199966430664,123.58999633789062,121.20999908447266,122.25,117.34191131591797,1322600,KLAC
2019-04-16,122.80000305175781,124.51000213623047,122.66999816894531,124.3499984741211,119.35761260986328,1942500,KLAC
2019-04-17,125.5,125.83999633789062,122.44999694824219,123.72000122070312,118.75289154052734,1503800,KLAC
2019-04-18,124.38999938964844,124.58000183105469,123.2300033569336,124.19999694824219,119.21361541748047,1080500,KLAC
2019-04-22,123.76000213623047,123.76000213623047,122.73999786376953,123.06999969482422,118.12899780273438,648800,KLAC
2019-04-23,123.27999877929688,123.83000183105469,122.58000183105469,123.16000366210938,118.21539306640625,1208900,KLAC
2019-04-24,123.5199966430664,127.41999816894531,123.0199966430664,125.63999938964844,120.59581756591797,1187400,KLAC
2019-04-25,127.12000274658203,128.2100067138672,123.94000244140625,125.41000366210938,120.37505340576172,1305700,KLAC
2019-04-26,124.29000091552734,125.87999725341797,123.27999877929688,125.79000091552734,120.73979187011719,1196800,KLAC
2019-04-29,125.61000061035156,126.44999694824219,124.73999786376953,126.05000305175781,120.98936462402344,1220700,KLAC
2019-04-30,126.05000305175781,127.62999725341797,125.70999908447266,127.4800033569336,122.36194610595703,1119900,KLAC
2019-05-01,128.42999267578125,128.89999389648438,125.94999694824219,125.95999908447266,120.90296173095703,825700,KLAC
2019-05-02,126.05999755859375,128.92999267578125,125.6500015258789,128.1699981689453,123.02423858642578,1476600,KLAC
2019-05-03,128.52000427246094,129.02999877929688,127.5999984741211,128.47000122070312,123.31218719482422,1257300,KLAC
2019-05-06,125.08999633789062,125.61000061035156,123.87000274658203,124.61000061035156,119.607177734375,1458700,KLAC
2019-05-07,119.55000305175781,119.76000213623047,114.41000366210938,116.95999908447266,112.26429748535156,4589400,KLAC
2019-05-08,116.25,117.02999877929688,114.22000122070312,114.55000305175781,109.95105743408203,2311200,KLAC
2019-05-09,113.31999969482422,114.69999694824219,111.0999984741211,114.12999725341797,109.54792022705078,2751100,KLAC
2019-05-10,114.08999633789062,116.16999816894531,111.87000274658203,114.0199966430664,109.44233703613281,2132900,KLAC
2019-05-13,110.20999908447266,111.44000244140625,108.19999694824219,108.83000183105469,104.46070861816406,1965100,KLAC
2019-05-14,109.27999877929688,110.9000015258789,108.27999877929688,109.56999969482422,105.90081024169922,1999800,KLAC
2019-05-15,108.79000091552734,111.16000366210938,108.33999633789062,110.3499984741211,106.65469360351562,2461100,KLAC
2019-05-16,109.7300033569336,110.0199966430664,108.41999816894531,108.77999877929688,105.13726043701172,1956800,KLAC
2019-05-17,107.72000122070312,110.31999969482422,107.3499984741211,108.5999984741211,104.96329498291016,1747500,KLAC
2019-05-20,105.62000274658203,107.2699966430664,105.05000305175781,105.61000061035156,102.07341766357422,2152500,KLAC
2019-05-21,107.02999877929688,108.4000015258789,106.61000061035156,106.83000183105469,103.25257110595703,1738000,KLAC
2019-05-22,105.7300033569336,106.63999938964844,105.12000274658203,105.88999938964844,102.34404754638672,1255800,KLAC
2019-05-23,104.2699966430664,104.91999816894531,102.93000030517578,104.52999877929688,101.02957916259766,1423200,KLAC
2019-05-24,105.16000366210938,105.7300033569336,103.66000366210938,103.80999755859375,100.33368682861328,1007200,KLAC
2019-05-28,105.23999786376953,105.23999786376953,102.4000015258789,102.73999786376953,99.29952239990234,2574300,KLAC
2019-05-29,101.91999816894531,103.72000122070312,101.91000366210938,103.38999938964844,99.9277572631836,1897100,KLAC
2019-05-30,103.86000061035156,105.51000213623047,103.58999633789062,104.5,101.0005874633789,1777800,KLAC
2019-05-31,102.9000015258789,105.05999755859375,102.66000366210938,103.06999969482422,99.61847686767578,1373100,KLAC
2019-06-03,103.76000213623047,104.77999877929688,101.33999633789062,101.77999877929688,98.37165832519531,1923400,KLAC
2019-06-04,103.08999633789062,105.44999694824219,101.98999786376953,105.31999969482422,101.79312133789062,2074200,KLAC
2019-06-05,106.48999786376953,107.61000061035156,104.44999694824219,106.30999755859375,102.7499771118164,1658700,KLAC
2019-06-06,106.52999877929688,108.33999633789062,105.86000061035156,107.86000061035156,104.24808502197266,1939100,KLAC
2019-06-07,108.6500015258789,109.88999938964844,107.88999938964844,109.41999816894531,105.75582885742188,1096700,KLAC
2019-06-10,110.8499984741211,114.16999816894531,109.66999816894531,113.45999908447266,109.66055297851562,1516400,KLAC
2019-06-11,115.13999938964844,116.13999938964844,113.41000366210938,114.2300033569336,110.40475463867188,1498000,KLAC
2019-06-12,112.37999725341797,113.83999633789062,109.91000366210938,110.0999984741211,106.4130630493164,1771500,KLAC
2019-06-13,110.80000305175781,111.6500015258789,109.91000366210938,110.94000244140625,107.22494506835938,1074500,KLAC
2019-06-14,108.86000061035156,110.4000015258789,107.69000244140625,109.69999694824219,106.0264663696289,1190900,KLAC
2019-06-17,109.73999786376953,109.91000366210938,107.88999938964844,107.93000030517578,104.31572723388672,1635400,KLAC
2019-06-18,109.54000091552734,112.9000015258789,108.81999969482422,111.61000061035156,107.87249755859375,1969800,KLAC
2019-06-19,111.94999694824219,113.01000213623047,111.18000030517578,112.26000213623047,108.50072479248047,1187500,KLAC
2019-06-20,114.26000213623047,114.83999633789062,112.97000122070312,113.79000091552734,109.9794921875,906400,KLAC
2019-06-21,114.18000030517578,115.0,113.01000213623047,113.93000030517578,110.11480712890625,2702200,KLAC
2019-06-24,114.33000183105469,114.56999969482422,113.18000030517578,113.22000122070312,109.42857360839844,1336700,KLAC
2019-06-25,113.7300033569336,115.26000213623047,112.95999908447266,113.06999969482422,109.28360748291016,1577800,KLAC
2019-06-26,114.97000122070312,117.0999984741211,113.8499984741211,116.8499984741211,112.93702697753906,1416600,KLAC
2019-06-27,117.31999969482422,119.2300033569336,117.19000244140625,117.73999786376953,113.79721069335938,881700,KLAC
2019-06-28,118.94000244140625,119.70999908447266,117.76000213623047,118.19999694824219,114.24180603027344,1226600,KLAC
2019-07-01,121.83999633789062,123.43000030517578,120.16999816894531,121.72000122070312,117.64392852783203,1447600,KLAC
2019-07-02,121.36000061035156,121.36000061035156,118.7699966430664,119.62999725341797,115.6239242553711,1447800,KLAC
2019-07-03,119.94000244140625,119.94000244140625,118.41999816894531,119.05999755859375,115.07300567626953,1195700,KLAC
2019-07-05,117.56999969482422,118.1500015258789,116.33000183105469,117.9000015258789,113.95186614990234,930100,KLAC
2019-07-08,116.87999725341797,117.95999908447266,116.70999908447266,117.3499984741211,113.42028045654297,1107300,KLAC
2019-07-09,116.12999725341797,117.95999908447266,115.9000015258789,117.77999877929688,113.83587646484375,864200,KLAC
2019-07-10,118.73999786376953,120.75,118.38999938964844,119.61000061035156,115.6045913696289,1071900,KLAC
2019-07-11,119.5199966430664,120.20999908447266,118.13999938964844,120.05999755859375,116.03953552246094,1559900,KLAC
2019-07-12,120.33999633789062,123.05999755859375,120.33999633789062,122.91999816894531,118.80375671386719,1412400,KLAC
2019-07-15,123.05000305175781,123.87000274658203,122.4800033569336,123.54000091552734,119.40299224853516,854600,KLAC
2019-07-16,123.11000061035156,123.37000274658203,121.5999984741211,122.5,118.3978271484375,905500,KLAC
2019-07-17,123.94000244140625,125.98999786376953,122.69000244140625,125.48999786376953,121.28768920898438,1649700,KLAC
2019-07-18,125.5,133.83999633789062,125.5,133.41000366210938,128.9424591064453,2504700,KLAC
2019-07-19,133.52999877929688,133.9499969482422,131.67999267578125,131.9600067138672,127.54103088378906,1171500,KLAC
2019-07-22,133.7100067138672,137.27000427246094,132.7899932861328,137.14999389648438,132.5572052001953,1776400,KLAC
2019-07-23,137.4600067138672,140.6999969482422,136.8699951171875,140.1699981689453,135.47610473632812,1722200,KLAC
2019-07-24,139.8800048828125,142.66000366210938,139.77000427246094,142.64999389648438,137.87303161621094,1356200,KLAC
2019-07-25,141.0500030517578,142.0800018310547,139.17999267578125,139.6999969482422,135.02183532714844,1587200,KLAC
2019-07-26,140.35000610351562,141.44000244140625,139.25999450683594,139.4499969482422,134.7801971435547,1065900,KLAC
2019-07-29,139.0399932861328,139.80999755859375,138.58999633789062,139.50999450683594,134.83819580078125,922500,KLAC
2019-07-30,138.1300048828125,140.8300018310547,138.0,140.0,135.31179809570312,614800,KLAC
2019-07-31,139.5800018310547,139.6999969482422,134.3699951171875,136.32000732421875,131.75502014160156,1331200,KLAC
2019-08-01,136.50999450683594,143.9499969482422,135.3699951171875,136.77000427246094,132.18997192382812,2808700,KLAC
2019-08-02,135.1199951171875,135.39999389648438,131.49000549316406,133.24000549316406,128.77816772460938,2269500,KLAC
2019-08-05,130.10000610351562,130.9600067138672,125.19000244140625,126.45999908447266,122.2252197265625,3480500,KLAC
2019-08-06,131.8699951171875,140.77000427246094,131.11000061035156,135.63999938964844,131.09779357910156,3343500,KLAC
2019-08-07,134.16000366210938,135.6199951171875,133.4600067138672,134.13999938964844,129.64804077148438,1428100,KLAC
2019-08-08,135.94000244140625,137.63999938964844,134.74000549316406,137.3300018310547,132.73121643066406,1554300,KLAC
2019-08-09,136.35000610351562,137.25999450683594,134.02999877929688,136.08999633789062,131.53273010253906,1025600,KLAC
2019-08-12,135.0,135.89999389648438,133.42999267578125,134.1999969482422,129.7060089111328,941900,KLAC
2019-08-13,132.5500030517578,137.1300048828125,132.27999877929688,135.22000122070312,130.6918487548828,1933500,KLAC
2019-08-14,131.89999389648438,134.02999877929688,130.42999267578125,131.11000061035156,127.42627716064453,1139000,KLAC
2019-08-15,131.32000732421875,133.08999633789062,130.92999267578125,132.0399932861328,128.3301239013672,811600,KLAC
2019-08-16,132.94000244140625,136.58999633789062,132.1300048828125,136.1199951171875,132.29550170898438,1336700,KLAC
2019-08-19,138.0,141.8000030517578,137.1999969482422,140.36000061035156,136.41636657714844,1707400,KLAC
2019-08-20,140.25999450683594,142.1300048828125,139.2100067138672,140.3699951171875,136.42608642578125,1157400,KLAC
2019-08-21,141.6199951171875,142.75,140.3800048828125,141.89999389648438,137.9130859375,836200,KLAC
2019-08-22,142.64999389648438,144.52000427246094,141.27999877929688,143.57000732421875,139.5361785888672,1333400,KLAC
2019-08-23,142.25999450683594,144.32000732421875,138.55999755859375,139.16000366210938,135.2500762939453,1888900,KLAC
2019-08-26,141.0,141.9199981689453,139.88999938964844,141.2899932861328,137.32025146484375,1020800,KLAC
2019-08-27,142.4600067138672,142.92999267578125,140.61000061035156,142.4199981689453,138.41848754882812,1230300,KLAC
2019-08-28,141.16000366210938,144.0500030517578,140.0500030517578,143.55999755859375,139.5264434814453,996600,KLAC
2019-08-29,145.66000366210938,147.47000122070312,145.10000610351562,146.3699951171875,142.25750732421875,1155600,KLAC
2019-08-30,147.97999572753906,148.77999877929688,147.08999633789062,147.89999389648438,143.7445068359375,1820600,KLAC
2019-09-03,149.4600067138672,150.38999938964844,147.41000366210938,149.92999267578125,145.7174835205078,2218900,KLAC
2019-09-04,151.5800018310547,152.0,149.97000122070312,150.64999389648438,146.41725158691406,1982500,KLAC
2019-09-05,153.67999267578125,155.3300018310547,150.9199981689453,151.0,146.75743103027344,2578200,KLAC
2019-09-06,150.85000610351562,152.52000427246094,150.58999633789062,150.97999572753906,146.73797607421875,1985400,KLAC
2019-09-09,151.99000549316406,152.75999450683594,148.52999877929688,150.50999450683594,146.2812042236328,2245800,KLAC
2019-09-10,149.77000427246094,149.77000427246094,146.05999755859375,148.75,144.5706329345703,1885800,KLAC
2019-09-11,150.0,150.77000427246094,148.6300048828125,150.64999389648438,146.41725158691406,2790200,KLAC
2019-09-12,152.42999267578125,152.77000427246094,149.38999938964844,149.61000061035156,145.40647888183594,2282100,KLAC
2019-09-13,149.5800018310547,151.64999389648438,147.8000030517578,150.32000732421875,146.0965576171875,1879800,KLAC
2019-09-16,148.75999450683594,151.9199981689453,148.05999755859375,151.19000244140625,146.94212341308594,1192200,KLAC
2019-09-17,153.2100067138672,155.77999877929688,150.16000366210938,152.60000610351562,148.31246948242188,2134400,KLAC
2019-09-18,152.58999633789062,158.08999633789062,151.6999969482422,157.97999572753906,153.54132080078125,2718300,KLAC
2019-09-19,158.61000061035156,159.3000030517578,156.4600067138672,157.22000122070312,152.80267333984375,1367000,KLAC
2019-09-20,158.00999450683594,158.5399932861328,154.3699951171875,155.5,151.13099670410156,3094300,KLAC
2019-09-23,155.1999969482422,158.6300048828125,155.1999969482422,157.5800018310547,153.1525421142578,1040100,KLAC
2019-09-24,159.30999755859375,160.5500030517578,155.52999877929688,156.5,152.10289001464844,1724700,KLAC
2019-09-25,156.35000610351562,160.92999267578125,156.1699981689453,160.58999633789062,156.07798767089844,1198900,KLAC
2019-09-26,160.8800048828125,162.67999267578125,159.94000244140625,161.9499969482422,157.39976501464844,1268400,KLAC
2019-09-27,160.16000366210938,161.32000732421875,157.47999572753906,158.47999572753906,154.0272674560547,1459100,KLAC
2019-09-30,159.4600067138672,160.3000030517578,157.64999389648438,159.4499969482422,154.9700164794922,1115100,KLAC
2019-10-01,160.7899932861328,162.41000366210938,157.72999572753906,158.2899932861328,153.8425750732422,917800,KLAC
2019-10-02,156.27999877929688,157.5,153.6300048828125,155.0500030517578,150.6936492919922,1569900,KLAC
2019-10-03,155.47000122070312,157.69000244140625,153.69000244140625,156.9600067138672,152.54998779296875,1256200,KLAC
2019-10-04,157.63999938964844,161.2899932861328,157.47000122070312,161.11000061035156,156.58335876464844,1165500,KLAC
2019-10-07,160.6999969482422,162.67999267578125,160.1999969482422,161.0500030517578,156.52505493164062,908700,KLAC
2019-10-08,158.75999450683594,159.02999877929688,154.3300018310547,154.52000427246094,150.17852783203125,1476500,KLAC
2019-10-09,157.1699981689453,158.80999755859375,156.11000061035156,157.47999572753906,153.0553741455078,1012000,KLAC
2019-10-10,158.02000427246094,159.25999450683594,156.60000610351562,157.39999389648438,152.97760009765625,873300,KLAC
2019-10-11,160.97000122070312,162.49000549316406,158.92999267578125,160.22000122070312,155.71836853027344,1174700,KLAC
2019-10-14,159.6199951171875,160.9499969482422,158.30999755859375,159.0,154.53265380859375,1124400,KLAC
2019-10-15,160.0800018310547,163.5399932861328,159.5800018310547,162.55999755859375,157.9925994873047,870900,KLAC
2019-10-16,160.8000030517578,161.97000122070312,159.0800018310547,159.63999938964844,155.1546630859375,1275000,KLAC
2019-10-17,162.7100067138672,167.9499969482422,161.0399932861328,161.50999450683594,156.97210693359375,1611700,KLAC
2019-10-18,160.6300048828125,162.02000427246094,158.32000732421875,159.69000244140625,155.20327758789062,1219600,KLAC
2019-10-21,160.30999755859375,164.2899932861328,159.8699951171875,164.0,159.3921661376953,1776400,KLAC
2019-10-22,163.8800048828125,164.85000610351562,162.33999633789062,162.82000732421875,158.24533081054688,1183900,KLAC
2019-10-23,161.13999938964844,162.22000122070312,158.27000427246094,158.72000122070312,154.26052856445312,1110100,KLAC
2019-10-24,164.0,168.9499969482422,163.4600067138672,168.74000549316406,163.99899291992188,1812400,KLAC
2019-10-25,167.69000244140625,170.2899932861328,166.8000030517578,169.94000244140625,165.165283203125,1101700,KLAC
2019-10-28,171.02000427246094,175.25,171.02000427246094,174.77999877929688,169.8693084716797,1586200,KLAC
2019-10-29,174.10000610351562,175.32000732421875,170.19000244140625,170.27999877929688,165.49571228027344,1693600,KLAC
2019-10-30,171.82000732421875,173.94000244140625,169.2100067138672,172.9600067138672,168.10043334960938,1700300,KLAC
2019-10-31,167.6699981689453,170.25,160.39999389648438,169.0399932861328,164.29055786132812,2595600,KLAC
2019-11-01,170.1300048828125,173.13999938964844,169.27000427246094,172.4199981689453,167.57557678222656,1462300,KLAC
2019-11-04,174.77999877929688,175.42999267578125,172.4600067138672,174.02000427246094,169.13063049316406,1021500,KLAC
2019-11-05,174.1699981689453,175.32000732421875,171.42999267578125,171.97999572753906,167.14796447753906,1715500,KLAC
2019-11-06,171.22000122070312,172.75999450683594,168.3300018310547,172.52000427246094,167.6728057861328,1398000,KLAC
2019-11-07,173.5800018310547,174.0,171.52000427246094,171.9499969482422,167.11878967285156,960500,KLAC
2019-11-08,170.3300018310547,174.27999877929688,170.3300018310547,174.2100067138672,169.31529235839844,648900,KLAC
2019-11-11,173.6300048828125,175.33999633789062,171.4600067138672,174.42999267578125,169.5291290283203,631000,KLAC
2019-11-12,175.1300048828125,176.22999572753906,173.64999389648438,174.4199981689453,169.51939392089844,888900,KLAC
2019-11-13,174.1999969482422,177.35000610351562,173.13999938964844,176.35000610351562,171.3951873779297,928500,KLAC
2019-11-14,175.97000122070312,176.97000122070312,174.3300018310547,176.60000610351562,171.63815307617188,824000,KLAC
2019-11-15,178.8300018310547,179.9499969482422,177.11000061035156,177.86000061035156,173.69879150390625,1570100,KLAC
2019-11-18,177.58999633789062,178.1699981689453,176.72999572753906,177.0,172.85890197753906,1064600,KLAC
2019-11-19,177.0399932861328,178.0,173.5,175.99000549316406,171.87252807617188,1284500,KLAC
2019-11-20,176.1300048828125,177.14999389648438,172.86000061035156,173.6699981689453,169.6068115234375,1126400,KLAC
2019-11-21,165.86000061035156,166.5800018310547,159.6199951171875,161.58999633789062,157.80941772460938,3498100,KLAC
2019-11-22,160.47000122070312,162.64999389648438,157.83999633789062,158.49000549316406,154.781982421875,2274700,KLAC
2019-11-25,160.33999633789062,164.22000122070312,160.3000030517578,163.35000610351562,159.52828979492188,1894000,KLAC
2019-11-26,163.85000610351562,164.22000122070312,161.11000061035156,162.1300048828125,158.3367919921875,2034900,KLAC
2019-11-27,163.3000030517578,166.25999450683594,162.13999938964844,165.64999389648438,161.77444458007812,1377800,KLAC
2019-11-29,165.08999633789062,165.57000732421875,163.69000244140625,163.86000061035156,160.0263214111328,705400,KLAC
2019-12-02,163.9499969482422,164.24000549316406,160.38999938964844,161.05999755859375,157.29185485839844,1150600,KLAC
2019-12-03,158.0,159.00999450683594,155.55999755859375,156.3800048828125,152.72134399414062,1975300,KLAC
2019-12-04,159.52000427246094,160.7899932861328,158.0,160.25999450683594,156.5105743408203,1144800,KLAC
2019-12-05,160.49000549316406,162.8300018310547,160.0800018310547,161.5,157.72154235839844,1320600,KLAC
2019-12-06,163.49000549316406,165.52000427246094,162.85000610351562,162.88999938964844,159.0790252685547,989300,KLAC
2019-12-09,163.3300018310547,163.57000732421875,160.6300048828125,160.8800048828125,157.11605834960938,766800,KLAC
2019-12-10,162.2899932861328,164.32000732421875,161.42999267578125,162.3699951171875,158.57118225097656,1189900,KLAC
2019-12-11,162.77999877929688,167.42999267578125,162.67999267578125,167.1199951171875,163.21005249023438,934100,KLAC
2019-12-12,166.97999572753906,171.9199981689453,166.6999969482422,171.4600067138672,167.4485321044922,1627000,KLAC
2019-12-13,170.9499969482422,173.08999633789062,170.1199951171875,171.24000549316406,167.2336883544922,1152800,KLAC
2019-12-16,174.74000549316406,175.0,172.02999877929688,172.05999755859375,168.03448486328125,1306000,KLAC
2019-12-17,172.07000732421875,176.1199951171875,172.07000732421875,175.9600067138672,171.84324645996094,1333400,KLAC
2019-12-18,175.89999389648438,177.47000122070312,175.25999450683594,175.25999450683594,171.15960693359375,1516300,KLAC
2019-12-19,175.6999969482422,176.22000122070312,172.86000061035156,175.4600067138672,171.35494995117188,1187800,KLAC
2019-12-20,176.82000732421875,177.83999633789062,174.97000122070312,177.47000122070312,173.3179168701172,2695100,KLAC
2019-12-23,178.86000061035156,179.24000549316406,176.89999389648438,177.11000061035156,172.96632385253906,969100,KLAC
2019-12-24,177.7899932861328,178.19000244140625,176.27999877929688,178.11000061035156,173.9429473876953,257700,KLAC
2019-12-26,178.5800018310547,178.8000030517578,177.13999938964844,178.75,174.56796264648438,527900,KLAC
2019-12-27,179.25,179.7100067138672,177.36000061035156,178.52000427246094,174.34335327148438,553900,KLAC
2019-12-30,178.02000427246094,178.9199981689453,175.22999572753906,178.3699951171875,174.1968536376953,756400,KLAC
2019-12-31,177.38999938964844,178.50999450683594,176.3000030517578,178.1699981689453,174.00152587890625,869400,KLAC
2020-01-02,180.77999877929688,182.6999969482422,180.02000427246094,182.57000732421875,178.29859924316406,1056900,KLAC
2020-01-03,179.3300018310547,181.1699981689453,177.86000061035156,179.0800018310547,174.8902587890625,833400,KLAC
2020-01-06,176.32000732421875,177.55999755859375,174.08999633789062,175.0500030517578,170.9545135498047,1266800,KLAC
2020-01-07,176.13999938964844,177.77000427246094,174.3000030517578,176.44000244140625,172.31201171875,1139300,KLAC
2020-01-08,176.5,178.66000366210938,175.52000427246094,176.6699981689453,172.53662109375,883500,KLAC
2020-01-09,178.41000366210938,179.4199981689453,174.9499969482422,175.49000549316406,171.3842315673828,916900,KLAC
2020-01-10,176.41000366210938,177.42999267578125,171.9499969482422,173.00999450683594,168.96226501464844,883800,KLAC
2020-01-13,173.97000122070312,175.11000061035156,173.36000061035156,175.10000610351562,171.0033721923828,662000,KLAC
2020-01-14,175.91000366210938,178.22000122070312,174.07000732421875,177.47999572753906,173.32766723632812,1279600,KLAC
2020-01-15,177.08999633789062,178.6999969482422,175.85000610351562,177.9199981689453,173.75738525390625,922800,KLAC
2020-01-16,179.5,181.8300018310547,179.00999450683594,180.91000366210938,176.6774444580078,1197200,KLAC
2020-01-17,180.8699951171875,180.89999389648438,177.36000061035156,178.72999572753906,174.54844665527344,1604700,KLAC
2020-01-21,177.64999389648438,180.88999938964844,177.57000732421875,178.80999755859375,174.62655639648438,1571400,KLAC
2020-01-22,180.0,182.77999877929688,179.8699951171875,180.1300048828125,175.91567993164062,1084600,KLAC
2020-01-23,179.82000732421875,182.66000366210938,179.1199951171875,182.5500030517578,178.27906799316406,1056900,KLAC
2020-01-24,183.8800048828125,184.5,178.42999267578125,179.39999389648438,175.2027587890625,961000,KLAC
2020-01-27,174.77000427246094,175.22999572753906,169.85000610351562,170.30999755859375,166.32540893554688,1581300,KLAC
2020-01-28,172.1999969482422,176.3300018310547,171.6999969482422,175.92999267578125,171.8139190673828,938100,KLAC
2020-01-29,176.35000610351562,176.94000244140625,171.66000366210938,171.72000122070312,167.70242309570312,1028900,KLAC
2020-01-30,173.5,175.3699951171875,169.57000732421875,172.9199981689453,168.87437438964844,1448000,KLAC
2020-01-31,171.3800048828125,172.75,165.25,165.74000549316406,161.86236572265625,1505700,KLAC
2020-02-03,167.27000427246094,170.64999389648438,167.00999450683594,169.92999267578125,165.95433044433594,1181500,KLAC
2020-02-04,174.3300018310547,178.8000030517578,173.83999633789062,178.8000030517578,174.61679077148438,1735900,KLAC
2020-02-05,176.05999755859375,177.7899932861328,168.8000030517578,171.27999877929688,167.27273559570312,3113100,KLAC
2020-02-06,171.42999267578125,173.38999938964844,170.14999389648438,171.74000549316406,167.72198486328125,1370300,KLAC
2020-02-07,170.7100067138672,171.27000427246094,164.75999450683594,165.10000610351562,161.2373504638672,1492800,KLAC
2020-02-10,164.10000610351562,169.00999450683594,164.0800018310547,168.9199981689453,164.9679412841797,1680300,KLAC
2020-02-11,169.2100067138672,173.52999877929688,168.3300018310547,173.0399932861328,168.9915313720703,1269000,KLAC
2020-02-12,174.0,176.4600067138672,173.85000610351562,175.97000122070312,171.85299682617188,957700,KLAC
2020-02-13,175.67999267578125,180.0800018310547,174.91000366210938,178.72000122070312,174.53866577148438,1158000,KLAC
2020-02-14,179.1199951171875,179.75999450683594,174.88999938964844,176.27999877929688,172.15574645996094,864800,KLAC
2020-02-18,167.0,172.0,166.6699981689453,169.22999572753906,165.27069091796875,1778300,KLAC
2020-02-19,172.2100067138672,174.82000732421875,171.0,172.97999572753906,168.9329376220703,1069300,KLAC
2020-02-20,171.74000549316406,172.4199981689453,165.6699981689453,167.3000030517578,164.19268798828125,1664400,KLAC
2020-02-21,165.6699981689453,166.25,160.80999755859375,161.1199951171875,158.12744140625,1909900,KLAC
2020-02-24,154.75,156.86000061035156,152.89999389648438,153.72999572753906,150.8747100830078,2649600,KLAC
2020-02-25,155.27999877929688,155.99000549316406,147.07000732421875,147.41000366210938,144.67208862304688,2046900,KLAC
2020-02-26,149.0,150.64999389648438,146.22000122070312,147.27000427246094,144.53469848632812,1879300,KLAC
2020-02-27,142.80999755859375,148.3800048828125,142.27000427246094,147.99000549316406,145.24131774902344,3589700,KLAC
2020-02-28,142.08999633789062,153.92999267578125,142.08999633789062,153.7100067138672,150.85508728027344,3695100,KLAC
2020-03-02,154.5,159.0,151.7100067138672,158.74000549316406,155.79164123535156,2706400,KLAC
2020-03-03,156.80999755859375,159.2899932861328,152.3800048828125,153.80999755859375,150.95321655273438,2397400,KLAC
2020-03-04,157.08999633789062,160.7100067138672,154.66000366210938,160.7100067138672,157.72508239746094,1493300,KLAC
2020-03-05,156.64999389648438,158.8800048828125,154.47999572753906,156.69000244140625,153.77972412109375,1697000,KLAC
2020-03-06,152.0500030517578,156.13999938964844,151.49000549316406,155.67999267578125,152.78848266601562,1858400,KLAC
2020-03-09,144.97999572753906,150.49000549316406,144.25999450683594,144.9199981689453,142.2283477783203,2815600,KLAC
2020-03-10,148.50999450683594,154.75999450683594,145.5800018310547,154.57000732421875,151.69911193847656,2438500,KLAC
2020-03-11,150.1300048828125,152.22000122070312,142.6199951171875,144.9199981689453,142.2283477783203,2730500,KLAC
2020-03-12,135.24000549316406,139.0,125.25,125.36000061035156,123.03163146972656,2672700,KLAC
2020-03-13,132.82000732421875,145.75999450683594,127.88999938964844,145.3699951171875,142.6699676513672,2804300,KLAC
2020-03-16,128.69000244140625,140.47999572753906,126.19000244140625,129.5,127.0947494506836,2752300,KLAC
2020-03-17,131.8699951171875,150.44000244140625,125.63999938964844,149.6300048828125,146.8508758544922,3213600,KLAC
2020-03-18,132.25,143.1300048828125,127.36000061035156,132.02000427246094,129.5679473876953,2664600,KLAC
2020-03-19,131.8800048828125,135.4199981689453,126.76000213623047,127.36000061035156,124.99449157714844,1954800,KLAC
2020-03-20,129.7100067138672,132.5500030517578,113.08000183105469,114.0199966430664,111.90225219726562,2632600,KLAC
2020-03-23,114.31999969482422,120.69000244140625,110.19000244140625,116.36000061035156,114.19880676269531,2124900,KLAC
2020-03-24,121.69999694824219,136.5500030517578,120.0,136.36000061035156,133.8273162841797,2776100,KLAC
2020-03-25,135.72000122070312,145.94000244140625,134.38999938964844,137.47000122070312,134.9167022705078,1703000,KLAC
2020-03-26,140.77000427246094,150.47000122070312,139.05999755859375,149.75999450683594,146.97842407226562,1870400,KLAC
2020-03-27,145.0399932861328,147.1699981689453,141.32000732421875,142.24000549316406,139.59812927246094,2240600,KLAC
2020-03-30,142.07000732421875,150.57000732421875,142.0,149.52000427246094,146.74293518066406,1623700,KLAC
2020-03-31,150.83999633789062,150.83999633789062,141.52999877929688,143.74000549316406,141.0702667236328,2907200,KLAC
2020-04-01,138.6999969482422,141.22000122070312,129.66000366210938,131.61000061035156,129.16554260253906,1660800,KLAC
2020-04-02,129.57000732421875,133.7899932861328,129.30999755859375,132.44000244140625,129.9801483154297,1346000,KLAC
2020-04-03,130.82000732421875,132.99000549316406,125.55999755859375,127.94000244140625,125.563720703125,1143700,KLAC
2020-04-06,135.2100067138672,149.2100067138672,132.92999267578125,148.5,145.7418670654297,1846000,KLAC
2020-04-07,154.10000610351562,155.0,146.52000427246094,147.27000427246094,144.53469848632812,1454100,KLAC
2020-04-08,149.58999633789062,153.14999389648438,146.91000366210938,152.3699951171875,149.5399627685547,1350000,KLAC
2020-04-09,152.14999389648438,157.8699951171875,148.49000549316406,150.1199951171875,147.33175659179688,1303800,KLAC
2020-04-13,149.5,152.4199981689453,148.17999267578125,152.08999633789062,149.2651824951172,868300,KLAC
2020-04-14,155.10000610351562,162.33999633789062,153.80999755859375,161.72999572753906,158.7261199951172,1274700,KLAC
2020-04-15,158.17999267578125,158.3000030517578,151.11000061035156,153.22000122070312,150.37417602539062,1278600,KLAC
2020-04-16,158.2100067138672,160.75,154.22999572753906,156.64999389648438,153.740478515625,1563000,KLAC
2020-04-17,160.92999267578125,162.2899932861328,157.7899932861328,161.2100067138672,158.2157745361328,998100,KLAC
2020-04-20,158.7899932861328,160.33999633789062,156.0500030517578,156.3000030517578,153.39698791503906,634800,KLAC
2020-04-21,153.44000244140625,154.17999267578125,147.4600067138672,148.58999633789062,145.83018493652344,1284700,KLAC
2020-04-22,154.30999755859375,159.36000061035156,151.2899932861328,158.67999267578125,155.73275756835938,1207500,KLAC
2020-04-23,158.44000244140625,160.83999633789062,157.00999450683594,159.4499969482422,156.4884796142578,1404500,KLAC
2020-04-24,160.97999572753906,165.57000732421875,158.02000427246094,164.9199981689453,161.8568572998047,1492500,KLAC
2020-04-27,167.0399932861328,169.24000549316406,164.63999938964844,166.05999755859375,162.97569274902344,1030500,KLAC
2020-04-28,168.38999938964844,170.77000427246094,165.9499969482422,166.27000427246094,163.1818084716797,1198900,KLAC
2020-04-29,169.92999267578125,177.1699981689453,168.2100067138672,175.88999938964844,172.62313842773438,1518900,KLAC
2020-04-30,173.9499969482422,175.30999755859375,163.97000122070312,164.08999633789062,161.0422821044922,1241400,KLAC
2020-05-01,158.3000030517578,158.88999938964844,147.7100067138672,150.27000427246094,147.47897338867188,2692500,KLAC
2020-05-04,149.67999267578125,152.8699951171875,147.5399932861328,152.0,149.17684936523438,1473200,KLAC
2020-05-05,156.4600067138672,160.69000244140625,153.9600067138672,155.6300048828125,152.73944091796875,1868900,KLAC
2020-05-06,163.41000366210938,169.1300048828125,158.4600067138672,163.80999755859375,160.76748657226562,2422700,KLAC
2020-05-07,167.3699951171875,169.69000244140625,163.57000732421875,163.83999633789062,160.79693603515625,1682200,KLAC
2020-05-08,166.8300018310547,172.38999938964844,165.67999267578125,171.5,168.3146514892578,1265400,KLAC
2020-05-11,169.19000244140625,169.9499969482422,167.27999877929688,168.77999877929688,165.6451873779297,1145800,KLAC
2020-05-12,170.22000122070312,171.19000244140625,165.41000366210938,165.57000732421875,162.4947967529297,965300,KLAC
2020-05-13,165.3699951171875,168.61000061035156,160.66000366210938,164.07000732421875,161.0226593017578,1805100,KLAC
2020-05-14,162.5500030517578,176.9600067138672,158.88999938964844,176.75,173.4671630859375,2683500,KLAC
2020-05-15,168.02999877929688,171.6199951171875,165.97999572753906,167.42999267578125,165.11428833007812,3709900,KLAC
2020-05-18,171.80999755859375,173.47000122070312,168.77999877929688,172.30999755859375,169.9268035888672,1492100,KLAC
2020-05-19,172.2100067138672,177.6300048828125,171.13999938964844,172.52000427246094,170.13389587402344,1074800,KLAC
2020-05-20,175.5,180.2100067138672,174.97000122070312,177.9199981689453,175.45921325683594,1302600,KLAC
2020-05-21,176.1300048828125,177.25,171.86000061035156,172.42999267578125,170.04515075683594,1001800,KLAC
2020-05-22,173.77000427246094,173.97000122070312,170.39999389648438,173.0,170.60726928710938,666400,KLAC
2020-05-26,176.91000366210938,180.3300018310547,174.69000244140625,176.63999938964844,174.19692993164062,1911100,KLAC
2020-05-27,178.1199951171875,178.89999389648438,168.24000549316406,176.72999572753906,174.2856903076172,1659600,KLAC
2020-05-28,177.66000366210938,180.22000122070312,173.39999389648438,174.61000061035156,172.1949920654297,1272000,KLAC
2020-05-29,176.0,177.97000122070312,173.57000732421875,175.9600067138672,173.52633666992188,1792100,KLAC
2020-06-01,175.0,178.39999389648438,173.4499969482422,175.9600067138672,173.52633666992188,1085400,KLAC
2020-06-02,175.3000030517578,177.5500030517578,172.94000244140625,177.2899932861328,174.83792114257812,892600,KLAC
2020-06-03,178.83999633789062,186.9499969482422,178.3800048828125,186.0500030517578,183.4767608642578,1659800,KLAC
2020-06-04,184.80999755859375,189.1199951171875,183.69000244140625,186.2899932861328,183.7134552001953,1068700,KLAC
2020-06-05,190.22000122070312,196.25,189.3300018310547,192.47999572753906,189.81784057617188,1500200,KLAC
2020-06-08,193.6199951171875,194.05999755859375,188.77000427246094,191.8699951171875,189.21627807617188,816400,KLAC
2020-06-09,190.5399932861328,192.5500030517578,188.64999389648438,191.02999877929688,188.3878936767578,776000,KLAC
2020-06-10,192.42999267578125,195.0,190.33999633789062,192.77000427246094,190.10382080078125,779600,KLAC
2020-06-11,191.32000732421875,191.32000732421875,179.83999633789062,180.5800018310547,178.08242797851562,1460300,KLAC
2020-06-12,186.1699981689453,188.3300018310547,180.07000732421875,184.69000244140625,182.13558959960938,1253100,KLAC
2020-06-15,178.24000549316406,188.1300048828125,176.5800018310547,187.75,185.1532745361328,1270800,KLAC
2020-06-16,193.86000061035156,196.97000122070312,188.72999572753906,192.99000549316406,190.32080078125,1482500,KLAC
2020-06-17,193.1699981689453,196.3000030517578,192.1699981689453,193.88999938964844,191.20834350585938,1246200,KLAC
2020-06-18,194.2899932861328,194.2899932861328,192.0500030517578,193.74000549316406,191.06040954589844,938000,KLAC
2020-06-19,196.42999267578125,197.5,192.0500030517578,193.10000610351562,190.4292755126953,3331000,KLAC
2020-06-22,189.35000610351562,193.77000427246094,189.35000610351562,191.86000061035156,189.2064208984375,1179200,KLAC
2020-06-23,195.16000366210938,195.16000366210938,192.2899932861328,193.2100067138672,190.53775024414062,1089200,KLAC
2020-06-24,192.2100067138672,193.0,185.69000244140625,188.6199951171875,186.01123046875,1486600,KLAC
2020-06-25,190.91000366210938,192.7100067138672,187.4199981689453,192.35000610351562,189.68966674804688,1133700,KLAC
2020-06-26,192.6300048828125,193.1999969482422,189.0399932861328,189.57000732421875,186.94810485839844,1713500,KLAC
2020-06-29,190.5399932861328,191.75,186.58999633789062,191.72999572753906,189.0782012939453,677300,KLAC
2020-06-30,191.02999877929688,195.86000061035156,191.02999877929688,194.47999572753906,191.7901611328125,1253500,KLAC
2020-07-01,194.47999572753906,195.27000427246094,191.9199981689453,193.14999389648438,190.4785614013672,1262000,KLAC
2020-07-02,194.55999755859375,198.2100067138672,194.27000427246094,196.50999450683594,193.79209899902344,1247000,KLAC
2020-07-06,199.38999938964844,206.50999450683594,198.22000122070312,203.58999633789062,200.774169921875,1367400,KLAC
2020-07-07,203.47999572753906,205.3300018310547,201.8000030517578,202.69000244140625,199.88662719726562,1311300,KLAC
2020-07-08,203.3300018310547,205.72999572753906,201.17999267578125,204.50999450683594,201.68145751953125,748700,KLAC
2020-07-09,203.0,206.49000549316406,200.63999938964844,203.58999633789062,200.774169921875,1083700,KLAC
2020-07-10,203.60000610351562,204.1999969482422,198.22999572753906,202.25999450683594,199.4625701904297,994900,KLAC
2020-07-13,204.9600067138672,207.77999877929688,199.0800018310547,199.57000732421875,196.80979919433594,1152500,KLAC
2020-07-14,197.80999755859375,201.64999389648438,194.00999450683594,200.92999267578125,198.1509552001953,1612000,KLAC
2020-07-15,201.86000061035156,204.1699981689453,194.30999755859375,196.0399932861328,193.32859802246094,1454200,KLAC
2020-07-16,193.97999572753906,197.47999572753906,193.0,196.0399932861328,193.32859802246094,989600,KLAC
2020-07-17,198.02000427246094,198.3800048828125,195.02000427246094,197.1999969482422,194.47254943847656,824200,KLAC
2020-07-20,197.32000732421875,203.97000122070312,196.57000732421875,203.00999450683594,200.2021942138672,756600,KLAC
2020-07-21,203.8699951171875,204.67999267578125,200.7899932861328,203.50999450683594,200.69529724121094,921000,KLAC
2020-07-22,204.99000549316406,206.8699951171875,203.2100067138672,205.94000244140625,203.09169006347656,947000,KLAC
2020-07-23,205.77999877929688,209.3000030517578,202.2899932861328,203.9199981689453,201.099609375,1156100,KLAC
2020-07-24,196.38999938964844,197.25999450683594,187.13999938964844,188.2100067138672,185.60691833496094,2477400,KLAC
2020-07-27,192.27000427246094,197.8800048828125,190.19000244140625,197.07000732421875,194.3443603515625,1857900,KLAC
2020-07-28,195.3000030517578,196.92999267578125,192.19000244140625,192.47000122070312,189.8079833984375,1152000,KLAC
2020-07-29,191.5,195.72000122070312,190.33999633789062,195.1300048828125,192.4311981201172,1479800,KLAC
2020-07-30,194.80999755859375,199.0,193.75,197.89999389648438,195.16287231445312,1166700,KLAC
2020-07-31,200.0,200.0,195.0399932861328,199.8300018310547,197.06617736816406,1149000,KLAC
2020-08-03,202.58999633789062,208.0399932861328,202.5,207.64999389648438,204.7780303955078,1804600,KLAC
2020-08-04,200.24000549316406,205.1699981689453,200.14999389648438,204.89999389648438,202.06605529785156,1727800,KLAC
2020-08-05,206.02000427246094,206.1999969482422,202.3699951171875,203.99000549316406,201.1686553955078,834900,KLAC
2020-08-06,203.25,204.1999969482422,200.99000549316406,203.58999633789062,200.774169921875,1036700,KLAC
2020-08-07,201.86000061035156,206.52999877929688,200.2899932861328,202.85000610351562,200.04441833496094,991000,KLAC
2020-08-10,201.39999389648438,203.36000061035156,198.25,203.08999633789062,200.28109741210938,1018900,KLAC
2020-08-11,203.55999755859375,204.82000732421875,200.0500030517578,200.5399932861328,197.766357421875,745100,KLAC
2020-08-12,201.55999755859375,208.75999450683594,201.11000061035156,208.0,205.12318420410156,823600,KLAC
2020-08-13,207.7899932861328,210.25999450683594,206.4199981689453,209.9600067138672,207.0561065673828,1152700,KLAC
2020-08-14,210.0800018310547,215.1999969482422,209.5,211.50999450683594,209.4825897216797,1209400,KLAC
2020-08-17,213.19000244140625,218.57000732421875,212.80999755859375,216.6300048828125,214.5535125732422,1320400,KLAC
2020-08-18,217.7100067138672,217.89999389648438,211.3699951171875,211.75999450683594,209.73019409179688,842700,KLAC
2020-08-19,212.7100067138672,212.72000122070312,209.49000549316406,210.5399932861328,208.52186584472656,734300,KLAC
2020-08-20,206.60000610351562,208.8300018310547,205.0800018310547,206.85000610351562,204.86727905273438,915200,KLAC
2020-08-21,206.75,206.8699951171875,202.11000061035156,203.97000122070312,202.01487731933594,1425900,KLAC
2020-08-24,207.5,208.6699981689453,205.3000030517578,208.36000061035156,206.36279296875,922200,KLAC
2020-08-25,208.02999877929688,211.17999267578125,207.19000244140625,210.27999877929688,208.26438903808594,869600,KLAC
2020-08-26,209.77000427246094,212.66000366210938,209.60000610351562,212.22999572753906,210.1956787109375,615200,KLAC
2020-08-27,213.77999877929688,214.13999938964844,203.5,204.4499969482422,202.49026489257812,1158900,KLAC
2020-08-28,204.7899932861328,208.9199981689453,203.9499969482422,208.61000061035156,206.6103973388672,828900,KLAC
2020-08-31,207.77999877929688,208.11000061035156,203.97999572753906,205.13999938964844,203.1736602783203,930100,KLAC
2020-09-01,205.88999938964844,208.49000549316406,204.50999450683594,207.9499969482422,205.9567108154297,738100,KLAC
2020-09-02,210.67999267578125,216.1699981689453,209.0,215.5399932861328,213.47396850585938,1171500,KLAC
2020-09-03,213.61000061035156,214.0399932861328,200.25,201.41000366210938,199.4794158935547,1807400,KLAC
2020-09-04,199.83999633789062,200.42999267578125,186.77999877929688,193.3699951171875,191.51646423339844,2380600,KLAC
2020-09-08,181.19000244140625,182.6699981689453,173.8300018310547,174.47000122070312,172.79762268066406,2919000,KLAC
2020-09-09,178.9199981689453,179.94000244140625,172.85000610351562,174.4600067138672,172.78773498535156,2314400,KLAC
2020-09-10,176.02999877929688,177.35000610351562,172.6199951171875,173.1300048828125,171.47048950195312,2413000,KLAC
2020-09-11,174.8699951171875,176.52000427246094,171.30999755859375,171.94000244140625,170.29188537597656,1318800,KLAC
2020-09-14,176.55999755859375,178.50999450683594,174.99000549316406,178.0800018310547,176.37303161621094,1254300,KLAC
2020-09-15,179.97999572753906,180.94000244140625,177.3300018310547,180.75999450683594,179.02734375,1441300,KLAC
2020-09-16,182.39999389648438,185.19000244140625,180.61000061035156,180.80999755859375,179.0768585205078,1624500,KLAC
2020-09-17,175.3699951171875,180.72000122070312,174.6999969482422,180.49000549316406,178.75994873046875,1090100,KLAC
2020-09-18,181.22999572753906,184.5500030517578,176.63999938964844,178.9600067138672,177.24461364746094,1792800,KLAC
2020-09-21,178.36000061035156,181.22000122070312,175.61000061035156,181.10000610351562,179.3640899658203,1099300,KLAC
2020-09-22,182.80999755859375,183.6199951171875,177.5399932861328,183.3000030517578,181.54298400878906,837400,KLAC
2020-09-23,184.3800048828125,186.3300018310547,179.9600067138672,180.7899932861328,179.05703735351562,1136500,KLAC
2020-09-24,178.0800018310547,187.55999755859375,178.0800018310547,184.5399932861328,182.77110290527344,1134100,KLAC
2020-09-25,183.7100067138672,188.6199951171875,181.5800018310547,187.91000366210938,186.1088104248047,906900,KLAC
2020-09-28,188.13999938964844,193.67999267578125,186.8000030517578,193.25,191.3976287841797,1348500,KLAC
2020-09-29,194.86000061035156,195.80999755859375,192.60000610351562,193.3300018310547,191.4768524169922,762600,KLAC
2020-09-30,192.6699981689453,196.4600067138672,191.0500030517578,193.74000549316406,191.8829345703125,1019300,KLAC
2020-10-01,197.6199951171875,200.2100067138672,195.66000366210938,198.97999572753906,197.0727081298828,915200,KLAC
2020-10-02,192.08999633789062,196.32000732421875,190.8000030517578,191.9600067138672,190.11997985839844,1092100,KLAC
2020-10-05,193.27999877929688,200.0,192.72000122070312,199.9499969482422,198.03338623046875,1242100,KLAC
2020-10-06,199.88999938964844,205.83999633789062,198.67999267578125,199.8300018310547,197.91455078125,1278700,KLAC
2020-10-07,203.0,205.69000244140625,201.11000061035156,202.89999389648438,200.95510864257812,1164800,KLAC
2020-10-08,205.49000549316406,206.9499969482422,204.47000122070312,206.69000244140625,204.70880126953125,686000,KLAC
2020-10-09,209.97999572753906,212.11000061035156,208.7899932861328,211.0399932861328,209.01708984375,1199900,KLAC
2020-10-12,213.9600067138672,215.89999389648438,212.60000610351562,214.5500030517578,212.4934539794922,1289000,KLAC
2020-10-13,215.89999389648438,221.66000366210938,214.08999633789062,219.94000244140625,217.831787109375,944300,KLAC
2020-10-14,220.08999633789062,223.5399932861328,215.11000061035156,216.0,213.92955017089844,1399000,KLAC
2020-10-15,209.38999938964844,213.86000061035156,208.11000061035156,213.08999633789062,211.04745483398438,1168500,KLAC
2020-10-16,214.42999267578125,214.83999633789062,207.60000610351562,208.39999389648438,206.40240478515625,1225900,KLAC
2020-10-19,212.33999633789062,212.33999633789062,206.0,206.80999755859375,204.82765197753906,994600,KLAC
2020-10-20,208.83999633789062,209.3000030517578,205.05999755859375,205.72000122070312,203.7480926513672,607200,KLAC
2020-10-21,205.75999450683594,208.86000061035156,205.6300048828125,206.3000030517578,204.32252502441406,607000,KLAC
2020-10-22,205.3000030517578,205.9499969482422,201.52000427246094,203.30999755859375,201.36119079589844,884900,KLAC
2020-10-23,205.14999389648438,206.49000549316406,202.1999969482422,203.1699981689453,201.22251892089844,842900,KLAC
2020-10-26,200.64999389648438,202.4199981689453,197.0399932861328,198.94000244140625,197.03309631347656,942600,KLAC
2020-10-27,200.00999450683594,200.49000549316406,197.1300048828125,198.58999633789062,196.68643188476562,739200,KLAC
2020-10-28,194.52000427246094,196.24000549316406,190.47999572753906,190.5500030517578,188.7235107421875,1554800,KLAC
2020-10-29,190.39999389648438,204.0800018310547,190.2100067138672,201.9499969482422,200.0142364501953,1351500,KLAC
2020-10-30,198.5,201.0,195.33999633789062,197.17999267578125,195.28994750976562,1047300,KLAC
2020-11-02,199.8000030517578,203.22000122070312,198.82000732421875,202.22999572753906,200.29153442382812,817900,KLAC
2020-11-03,205.05999755859375,212.39999389648438,204.50999450683594,210.8800048828125,208.858642578125,1188100,KLAC
2020-11-04,214.30999755859375,221.77999877929688,210.58999633789062,220.52999877929688,218.4161376953125,1356800,KLAC
2020-11-05,222.86000061035156,228.92999267578125,222.86000061035156,228.10000610351562,225.91357421875,1276400,KLAC
2020-11-06,228.8800048828125,233.27999877929688,225.72000122070312,231.67999267578125,229.45924377441406,696000,KLAC
2020-11-09,237.7100067138672,242.60000610351562,231.92999267578125,232.32000732421875,230.09312438964844,1135000,KLAC
2020-11-10,230.0,232.27000427246094,223.1300048828125,223.72999572753906,221.58544921875,1071600,KLAC
2020-11-11,227.2100067138672,234.1300048828125,225.6999969482422,233.50999450683594,231.27171325683594,994800,KLAC
2020-11-12,235.1300048828125,236.1300048828125,231.30999755859375,233.25999450683594,231.02410888671875,895300,KLAC
2020-11-13,237.14999389648438,240.9199981689453,235.50999450683594,236.10000610351562,234.7425994873047,892700,KLAC
2020-11-16,237.63999938964844,242.57000732421875,236.3699951171875,241.77999877929688,240.3899383544922,882800,KLAC
2020-11-17,242.4499969482422,243.82000732421875,239.6999969482422,241.83999633789062,240.44960021972656,1401200,KLAC
2020-11-18,243.61000061035156,244.74000549316406,239.9499969482422,240.33999633789062,238.95822143554688,832200,KLAC
2020-11-19,236.1199951171875,244.3699951171875,236.00999450683594,243.75,242.34861755371094,716400,KLAC
2020-11-20,244.30999755859375,247.38999938964844,242.47999572753906,242.57000732421875,241.1754150390625,583000,KLAC
2020-11-23,243.27999877929688,250.44000244140625,242.66000366210938,250.24000549316406,248.8013153076172,720400,KLAC
2020-11-24,250.75,251.6999969482422,247.8000030517578,250.1699981689453,248.73171997070312,750200,KLAC
2020-11-25,250.0,251.10000610351562,247.1199951171875,248.9499969482422,247.5187225341797,547200,KLAC
2020-11-27,251.11000061035156,256.2200012207031,251.11000061035156,254.1300048828125,252.66896057128906,335500,KLAC
2020-11-30,256.989990234375,256.989990234375,248.4199981689453,251.97000122070312,250.5213623046875,1017600,KLAC
2020-12-01,254.4600067138672,258.7200012207031,252.58999633789062,256.6600036621094,255.1844024658203,903500,KLAC
2020-12-02,254.77999877929688,258.5199890136719,254.27000427246094,256.32000732421875,254.8463592529297,849000,KLAC
2020-12-03,258.6499938964844,261.8500061035156,257.04998779296875,257.3900146484375,255.9102020263672,518600,KLAC
2020-12-04,258.1499938964844,264.1700134277344,258.0799865722656,263.70001220703125,262.1839294433594,749000,KLAC
2020-12-07,265.2300109863281,267.92999267578125,262.79998779296875,266.70001220703125,265.16668701171875,693400,KLAC
2020-12-08,267.0799865722656,268.739990234375,264.69000244140625,266.94000244140625,265.4053039550781,712700,KLAC
2020-12-09,266.6099853515625,268.8900146484375,253.83999633789062,256.489990234375,255.01536560058594,1197100,KLAC
2020-12-10,255.14999389648438,259.1199951171875,253.58999633789062,255.97999572753906,254.50830078125,1009700,KLAC
2020-12-11,253.60000610351562,257.8800048828125,252.25999450683594,257.6300048828125,256.1488342285156,1124300,KLAC
2020-12-14,257.4700012207031,263.8699951171875,257.4700012207031,260.1300048828125,258.63446044921875,1039500,KLAC
2020-12-15,263.989990234375,264.7900085449219,259.5899963378906,261.010009765625,259.5093994140625,774100,KLAC
2020-12-16,261.3699951171875,261.510009765625,257.760009765625,260.54998779296875,259.052001953125,699100,KLAC
2020-12-17,262.8800048828125,263.3500061035156,257.7099914550781,259.67999267578125,258.1870422363281,1355100,KLAC
2020-12-18,258.75,262.8800048828125,257.2799987792969,262.1499938964844,260.642822265625,2220200,KLAC
2020-12-21,258.7200012207031,262.04998779296875,258.0,260.7699890136719,259.270751953125,1023200,KLAC
2020-12-22,259.94000244140625,261.0,256.260009765625,257.5899963378906,256.1090393066406,753400,KLAC
2020-12-23,258.45001220703125,258.57000732421875,252.52000427246094,252.7899932861328,251.33663940429688,676400,KLAC
2020-12-24,254.86000061035156,259.0799865722656,253.97000122070312,259.0799865722656,257.5904541015625,367200,KLAC
2020-12-28,260.7900085449219,261.5,257.2099914550781,257.5799865722656,256.0990905761719,497400,KLAC
2020-12-29,258.0400085449219,258.760009765625,252.02000427246094,254.36000061035156,252.8976287841797,579200,KLAC
2020-12-30,256.6400146484375,262.3699951171875,255.2100067138672,260.1499938964844,258.6543273925781,641500,KLAC
2020-12-31,258.07000732421875,259.989990234375,255.55999755859375,258.9100036621094,257.42144775390625,728000,KLAC
2021-01-04,262.05999755859375,270.2799987792969,257.70001220703125,260.3299865722656,258.8332824707031,1252000,KLAC
2021-01-05,260.19000244140625,266.32000732421875,258.9599914550781,265.7900085449219,264.2619323730469,1074900,KLAC
2021-01-06,262.45001220703125,270.94000244140625,261.80999755859375,265.2099914550781,263.6852111816406,850600,KLAC
2021-01-07,268.69000244140625,279.3500061035156,268.3599853515625,278.19000244140625,276.5906066894531,1011700,KLAC
2021-01-08,282.2200012207031,287.3399963378906,279.55999755859375,283.17999267578125,281.5519104003906,1051800,KLAC
2021-01-11,281.3500061035156,290.8500061035156,278.010009765625,289.1099853515625,287.44781494140625,1203900,KLAC
2021-01-12,289.0,296.29998779296875,287.0,290.989990234375,289.3170166015625,1323500,KLAC
2021-01-13,288.75,293.5199890136719,285.1600036621094,290.1000061035156,288.4321594238281,1154500,KLAC
2021-01-14,302.82000732421875,315.8699951171875,301.9100036621094,303.8800048828125,302.1329040527344,2431200,KLAC
2021-01-15,303.489990234375,304.80999755859375,296.0,304.1300048828125,302.3814697265625,1606600,KLAC
2021-01-19,307.8399963378906,316.79998779296875,307.8399963378906,314.0799865722656,312.2742614746094,1275000,KLAC
2021-01-20,316.9200134277344,317.6000061035156,302.25,304.3299865722656,302.580322265625,1019600,KLAC
2021-01-21,307.9599914550781,308.8999938964844,300.42999267578125,305.20001220703125,303.4453430175781,1063100,KLAC
2021-01-22,305.29998779296875,309.3599853515625,304.4700012207031,305.010009765625,303.2564392089844,725000,KLAC
2021-01-25,309.3999938964844,312.3299865722656,303.29998779296875,308.8999938964844,307.1240234375,955700,KLAC
2021-01-26,310.0,310.739990234375,302.82000732421875,303.54998779296875,301.8048095703125,832100,KLAC
2021-01-27,297.29998779296875,298.80999755859375,283.04998779296875,284.44000244140625,282.8046875,1657800,KLAC
2021-01-28,290.7300109863281,296.739990234375,288.45001220703125,291.1000061035156,289.4263916015625,1021200,KLAC
2021-01-29,287.05999755859375,289.20001220703125,279.7200012207031,280.07000732421875,278.4598083496094,1163800,KLAC
2021-02-01,286.0199890136719,294.0199890136719,282.489990234375,292.6199951171875,290.9376525878906,1052500,KLAC
2021-02-02,296.0,299.6199951171875,293.6199951171875,298.7799987792969,297.0622253417969,1106900,KLAC
2021-02-03,301.6000061035156,301.6000061035156,285.5400085449219,286.29998779296875,284.6539611816406,1279900,KLAC
2021-02-04,288.44000244140625,298.17999267578125,286.32000732421875,294.2300109863281,292.53839111328125,1401800,KLAC
2021-02-05,296.0299987792969,298.1499938964844,286.5899963378906,288.0299987792969,286.3740234375,890400,KLAC
2021-02-08,289.94000244140625,302.5899963378906,288.6600036621094,302.260009765625,300.5222473144531,1018200,KLAC
2021-02-09,300.2900085449219,305.45001220703125,296.5199890136719,298.30999755859375,296.5949401855469,735500,KLAC
2021-02-10,302.1300048828125,304.1400146484375,296.0,297.6099853515625,295.89892578125,546900,KLAC
2021-02-11,299.4100036621094,326.489990234375,299.4100036621094,324.4800109863281,322.614501953125,2285700,KLAC
2021-02-12,321.5299987792969,334.7699890136719,318.9200134277344,331.80999755859375,329.90234375,1503000,KLAC
2021-02-16,332.5,342.2099914550781,332.5,337.17999267578125,335.241455078125,1395900,KLAC
2021-02-17,333.260009765625,334.70001220703125,323.3699951171875,330.29998779296875,328.4010314941406,1062800,KLAC
2021-02-18,326.1000061035156,328.0,321.1400146484375,325.1600036621094,324.17388916015625,1005500,KLAC
2021-02-19,330.6199951171875,338.0,327.989990234375,330.6700134277344,329.66717529296875,1512400,KLAC
2021-02-22,325.0,326.9800109863281,313.8500061035156,316.1600036621094,315.201171875,1123100,KLAC
2021-02-23,307.739990234375,321.4700012207031,303.6700134277344,318.7799987792969,317.813232421875,1745700,KLAC
2021-02-24,313.8399963378906,328.7300109863281,310.0799865722656,328.42999267578125,327.4339599609375,1170100,KLAC
2021-02-25,322.69000244140625,326.3500061035156,302.4800109863281,304.7900085449219,303.86566162109375,1528000,KLAC
2021-02-26,311.32000732421875,314.7300109863281,303.1700134277344,311.2300109863281,310.2861328125,1316000,KLAC
2021-03-01,316.0199890136719,326.3999938964844,315.010009765625,325.989990234375,325.0013427734375,1294000,KLAC
2021-03-02,325.8800048828125,326.67999267578125,309.6499938964844,309.82000732421875,308.8804016113281,1175900,KLAC
2021-03-03,310.489990234375,315.05999755859375,303.5299987792969,303.80999755859375,302.88861083984375,1155200,KLAC
2021-03-04,302.17999267578125,306.260009765625,282.3299865722656,287.6199951171875,286.7477111816406,1655300,KLAC
2021-03-05,292.69000244140625,297.25,278.17999267578125,295.8699951171875,294.9726867675781,1631100,KLAC
2021-03-08,291.010009765625,293.8299865722656,273.239990234375,274.0400085449219,273.20892333984375,2182500,KLAC
2021-03-09,283.6300048828125,296.2900085449219,282.2900085449219,294.1000061035156,293.20806884765625,1944100,KLAC
2021-03-10,299.760009765625,300.3800048828125,282.7300109863281,283.45001220703125,282.59039306640625,1688000,KLAC
2021-03-11,294.04998779296875,301.9700012207031,290.0,296.3599853515625,295.4612121582031,1709500,KLAC
2021-03-12,288.8699951171875,294.7799987792969,285.9700012207031,294.2699890136719,293.3775329589844,1298400,KLAC
2021-03-15,293.4700012207031,299.32000732421875,291.4200134277344,298.9599914550781,298.0533142089844,1321900,KLAC
2021-03-16,299.7200012207031,305.9599914550781,298.8800048828125,301.95001220703125,301.0342712402344,1544200,KLAC
2021-03-17,296.17999267578125,309.9100036621094,291.1199951171875,305.3900146484375,304.4638366699219,1906300,KLAC
2021-03-18,298.29998779296875,299.75,287.7799987792969,288.739990234375,287.86431884765625,2041200,KLAC
2021-03-19,287.9700012207031,297.239990234375,284.489990234375,292.8800048828125,291.99176025390625,3220700,KLAC
2021-03-22,300.0,308.1300048828125,298.30999755859375,305.3599853515625,304.43389892578125,1820000,KLAC
2021-03-23,306.510009765625,307.4800109863281,296.1099853515625,297.05999755859375,296.1590881347656,1766300,KLAC
2021-03-24,310.5,317.0,297.54998779296875,297.8900146484375,296.9866027832031,1669200,KLAC
2021-03-25,293.0299987792969,301.0,286.94000244140625,299.4100036621094,298.5019836425781,1188000,KLAC
2021-03-26,298.7099914550781,320.25,298.7099914550781,319.94000244140625,318.9696960449219,1650500,KLAC
2021-03-29,317.7300109863281,317.8500061035156,306.8800048828125,314.30999755859375,313.3567810058594,1428400,KLAC
2021-03-30,312.80999755859375,318.510009765625,311.69000244140625,317.07000732421875,316.1084289550781,924100,KLAC
2021-03-31,321.75,333.29998779296875,321.1700134277344,330.3999938964844,329.3979797363281,1811800,KLAC
2021-04-01,337.0,347.7900085449219,337.0,347.2900085449219,346.23675537109375,1885700,KLAC
2021-04-05,349.04998779296875,359.69000244140625,346.07000732421875,355.0799865722656,354.00311279296875,1496100,KLAC
2021-04-06,353.1199951171875,353.79998779296875,340.55999755859375,346.6000061035156,345.5488586425781,1690400,KLAC
2021-04-07,347.7099914550781,352.70001220703125,343.67999267578125,348.0400085449219,346.9844970703125,985500,KLAC
2021-04-08,354.0,354.2699890136719,348.4200134277344,354.0400085449219,352.96630859375,1125000,KLAC
2021-04-09,351.9200134277344,355.0799865722656,348.2300109863281,352.8500061035156,351.7799072265625,913800,KLAC
2021-04-12,349.57000732421875,350.70001220703125,343.3299865722656,345.1000061035156,344.05340576171875,1376100,KLAC
2021-04-13,349.5199890136719,349.5199890136719,339.1199951171875,344.1300048828125,343.0863342285156,1226400,KLAC
2021-04-14,340.0,346.6700134277344,335.17999267578125,336.5,335.4794921875,1186100,KLAC
2021-04-15,341.7900085449219,342.1600036621094,335.7099914550781,338.5400085449219,337.5133056640625,1198100,KLAC
2021-04-16,339.07000732421875,339.8599853515625,332.9800109863281,333.0,331.9900817871094,958100,KLAC
2021-04-19,330.9599914550781,333.6199951171875,318.2799987792969,324.3900146484375,323.4062194824219,1551700,KLAC
2021-04-20,323.1099853515625,325.8399963378906,317.7799987792969,318.9200134277344,317.95281982421875,1477200,KLAC
2021-04-21,322.45001220703125,332.2200012207031,319.57000732421875,331.7900085449219,330.7837829589844,1697700,KLAC
2021-04-22,329.45001220703125,331.8699951171875,322.760009765625,325.0799865722656,324.0941162109375,1045400,KLAC
2021-04-23,327.989990234375,334.1000061035156,326.69000244140625,332.07000732421875,331.06292724609375,1182000,KLAC
2021-04-26,334.010009765625,337.57000732421875,330.989990234375,335.80999755859375,334.79156494140625,1039400,KLAC
2021-04-27,340.0,340.0,329.260009765625,330.489990234375,329.4877014160156,939800,KLAC
2021-04-28,329.5,330.739990234375,324.2300109863281,324.8399963378906,323.8548278808594,983200,KLAC
2021-04-29,325.9200134277344,328.7300109863281,318.6600036621094,326.3599853515625,325.3702087402344,1294900,KLAC
2021-04-30,315.0299987792969,321.6499938964844,312.9200134277344,315.3500061035156,314.39361572265625,1434100,KLAC
2021-05-03,317.6199951171875,318.79998779296875,308.489990234375,311.2300109863281,310.2861328125,1412200,KLAC
2021-05-04,305.82000732421875,308.0899963378906,299.4200134277344,307.94000244140625,307.006103515625,1592200,KLAC
2021-05-05,313.1700134277344,316.739990234375,306.3999938964844,311.9200134277344,310.9740295410156,1157100,KLAC
2021-05-06,309.510009765625,316.2799987792969,307.69000244140625,315.8900146484375,314.9320068359375,935200,KLAC
2021-05-07,319.989990234375,323.0,316.6600036621094,319.70001220703125,318.7304382324219,848300,KLAC
2021-05-10,309.95001220703125,313.8800048828125,299.4599914550781,299.8999938964844,298.990478515625,1576900,KLAC
2021-05-11,291.010009765625,301.55999755859375,289.7200012207031,300.2799987792969,299.36932373046875,987700,KLAC
2021-05-12,292.5400085449219,295.760009765625,285.8900146484375,286.739990234375,285.8703918457031,1400300,KLAC
2021-05-13,294.5400085449219,300.6700134277344,293.7300109863281,296.760009765625,295.8600158691406,1533300,KLAC
2021-05-14,298.4800109863281,309.0899963378906,296.0199890136719,305.75,305.75,1508100,KLAC
2021-05-17,298.45001220703125,300.8500061035156,292.17999267578125,297.7200012207031,297.7200012207031,1352800,KLAC
2021-05-18,302.3699951171875,302.989990234375,293.4800109863281,293.9200134277344,293.9200134277344,1087600,KLAC
2021-05-19,288.04998779296875,304.239990234375,286.5799865722656,303.94000244140625,303.94000244140625,1301000,KLAC
2021-05-20,305.42999267578125,315.0,305.42999267578125,313.3599853515625,313.3599853515625,1449900,KLAC
2021-05-21,314.9700012207031,314.9700012207031,308.7099914550781,310.1400146484375,310.1400146484375,1049700,KLAC
2021-05-24,314.3399963378906,320.1199951171875,313.80999755859375,317.54998779296875,317.54998779296875,1209100,KLAC
2021-05-25,320.1300048828125,323.9100036621094,316.5400085449219,317.9200134277344,317.9200134277344,1258300,KLAC
2021-05-26,319.20001220703125,322.0,315.7099914550781,317.3900146484375,317.3900146484375,1078100,KLAC
2021-05-27,316.8500061035156,321.5799865722656,315.8999938964844,316.5400085449219,316.5400085449219,1195100,KLAC
2021-05-28,318.19000244140625,320.30999755859375,316.4599914550781,316.8900146484375,316.8900146484375,885500,KLAC
2021-06-01,319.8900146484375,324.75,314.3900146484375,315.7300109863281,315.7300109863281,1024700,KLAC
2021-06-02,316.1000061035156,318.4800109863281,312.79998779296875,315.5899963378906,315.5899963378906,881700,KLAC
2021-06-03,311.7799987792969,312.4599914550781,307.3299865722656,308.7799987792969,308.7799987792969,1243000,KLAC
2021-06-04,311.3800048828125,318.07000732421875,311.1499938964844,316.989990234375,316.989990234375,898400,KLAC
2021-06-07,315.3800048828125,319.3299865722656,312.6300048828125,318.54998779296875,318.54998779296875,1098500,KLAC
2021-06-08,322.6000061035156,323.6499938964844,311.8500061035156,313.79998779296875,313.79998779296875,615000,KLAC
2021-06-09,321.1300048828125,322.82000732421875,313.8599853515625,314.1600036621094,314.1600036621094,748000,KLAC
2021-06-10,316.1199951171875,320.6000061035156,314.5299987792969,319.30999755859375,319.30999755859375,690900,KLAC
2021-06-11,320.6499938964844,321.3500061035156,317.3999938964844,320.1099853515625,320.1099853515625,770300,KLAC
2021-06-14,320.92999267578125,325.9100036621094,318.92999267578125,325.2099914550781,325.2099914550781,634300,KLAC
2021-06-15,324.45001220703125,326.5899963378906,319.2900085449219,320.5899963378906,320.5899963378906,718400,KLAC
2021-06-16,322.8699951171875,323.2900085449219,313.2300109863281,315.8999938964844,315.8999938964844,856300,KLAC
2021-06-17,315.07000732421875,321.3299865722656,313.1400146484375,318.4200134277344,318.4200134277344,919700,KLAC
2021-06-18,313.8800048828125,314.7200012207031,303.1600036621094,304.4800109863281,304.4800109863281,1925900,KLAC
2021-06-21,306.0199890136719,309.6099853515625,302.4800109863281,308.80999755859375,308.80999755859375,882400,KLAC
2021-06-22,307.6400146484375,309.5799865722656,304.2099914550781,308.6199951171875,308.6199951171875,672300,KLAC
2021-06-23,308.8599853515625,312.95001220703125,308.6199951171875,310.8599853515625,310.8599853515625,656600,KLAC
2021-06-24,313.489990234375,316.1499938964844,312.2799987792969,315.8900146484375,315.8900146484375,730700,KLAC
2021-06-25,315.6199951171875,318.3299865722656,313.9599914550781,316.260009765625,316.260009765625,3921200,KLAC
2021-06-28,319.25,325.489990234375,318.3999938964844,322.260009765625,322.260009765625,861600,KLAC
2021-06-29,322.0,326.0299987792969,321.5400085449219,325.20001220703125,325.20001220703125,544800,KLAC
2021-06-30,325.0,325.010009765625,320.8699951171875,324.2099914550781,324.2099914550781,697600,KLAC
2021-07-01,324.1499938964844,324.29998779296875,311.5299987792969,311.739990234375,311.739990234375,1417100,KLAC
2021-07-02,313.7300109863281,314.0,308.010009765625,311.82000732421875,311.82000732421875,1053200,KLAC
2021-07-06,312.7099914550781,316.2799987792969,305.260009765625,311.25,311.25,1071400,KLAC
2021-07-07,314.1199951171875,314.94000244140625,305.8800048828125,307.05999755859375,307.05999755859375,988900,KLAC
2021-07-08,301.0299987792969,305.1300048828125,298.7300109863281,303.0899963378906,303.0899963378906,896000,KLAC
2021-07-09,303.7099914550781,309.5799865722656,301.6000061035156,308.760009765625,308.760009765625,726700,KLAC
2021-07-12,310.0199890136719,314.2900085449219,308.8999938964844,314.0199890136719,314.0199890136719,883300,KLAC
2021-07-13,312.1199951171875,315.0,310.0,311.6099853515625,311.6099853515625,568400,KLAC
2021-07-14,313.75,318.29998779296875,308.4599914550781,309.1199951171875,309.1199951171875,763100,KLAC
2021-07-15,308.2099914550781,310.0,301.7200012207031,303.75,303.75,910300,KLAC
2021-07-16,305.2799987792969,307.8900146484375,292.29998779296875,293.2200012207031,293.2200012207031,1794400,KLAC
2021-07-19,289.92999267578125,294.3599853515625,287.44000244140625,294.3299865722656,294.3299865722656,1332200,KLAC
2021-07-20,295.29998779296875,304.8299865722656,292.67999267578125,302.7699890136719,302.7699890136719,1202500,KLAC
2021-07-21,304.3399963378906,318.29998779296875,303.8599853515625,316.8800048828125,316.8800048828125,1607600,KLAC
2021-07-22,315.0,318.1400146484375,311.989990234375,314.3599853515625,314.3599853515625,790200,KLAC
2021-07-23,316.92999267578125,322.0,315.45001220703125,320.760009765625,320.760009765625,705200,KLAC
2021-07-26,320.1700134277344,322.3299865722656,315.6099853515625,318.6300048828125,318.6300048828125,655100,KLAC
2021-07-27,315.29998779296875,315.29998779296875,302.5299987792969,309.0,309.0,1081200,KLAC
2021-07-28,311.0,316.9100036621094,309.4700012207031,315.57000732421875,315.57000732421875,646800,KLAC
2021-07-29,313.45001220703125,320.1499938964844,310.3699951171875,319.42999267578125,319.42999267578125,1119100,KLAC
2021-07-30,339.489990234375,356.7099914550781,335.55999755859375,348.1600036621094,348.1600036621094,2656900,KLAC
2021-08-02,348.1600036621094,356.70001220703125,344.7900085449219,345.9100036621094,345.9100036621094,1128200,KLAC
2021-08-03,347.2300109863281,349.5199890136719,343.0,346.8900146484375,346.8900146484375,925400,KLAC
2021-08-04,346.8900146484375,356.0,346.8900146484375,353.79998779296875,353.79998779296875,1161900,KLAC
2021-08-05,355.5400085449219,356.6300048828125,349.510009765625,353.7099914550781,353.7099914550781,730400,KLAC
2021-08-06,351.5400085449219,354.79998779296875,351.1400146484375,353.3500061035156,353.3500061035156,908400,KLAC
2021-08-09,353.5199890136719,356.07000732421875,351.29998779296875,351.5199890136719,351.5199890136719,748600,KLAC
2021-08-10,351.239990234375,352.0400085449219,340.6000061035156,342.0,342.0,1476800,KLAC
2021-08-11,343.8500061035156,345.0299987792969,336.2900085449219,342.6600036621094,342.6600036621094,832300,KLAC
2021-08-12,337.5,339.8500061035156,328.17999267578125,328.510009765625,328.510009765625,1356600,KLAC
2021-08-13,327.1400146484375,329.1300048828125,325.79998779296875,327.8800048828125,327.8800048828125,596500,KLAC
2021-08-16,327.0299987792969,331.5400085449219,325.8299865722656,329.19000244140625,329.19000244140625,1073600,KLAC
2021-08-17,325.8599853515625,327.0199890136719,316.8599853515625,322.45001220703125,322.45001220703125,1255600,KLAC
2021-08-18,320.5199890136719,326.4800109863281,317.1700134277344,317.54998779296875,317.54998779296875,1117900,KLAC
2021-08-19,314.7900085449219,323.6000061035156,313.5,322.3500061035156,322.3500061035156,729900,KLAC
2021-08-20,324.7300109863281,327.44000244140625,315.4599914550781,319.9700012207031,319.9700012207031,794300,KLAC
2021-08-23,323.9599914550781,329.6099853515625,323.3800048828125,328.5400085449219,328.5400085449219,1274700,KLAC
2021-08-24,329.67999267578125,334.29998779296875,326.3699951171875,328.0,328.0,621500,KLAC
2021-08-25,325.70001220703125,335.5400085449219,325.70001220703125,334.0199890136719,334.0199890136719,839200,KLAC
2021-08-26,334.5899963378906,336.7300109863281,332.0899963378906,333.75,333.75,495500,KLAC
2021-08-27,335.6300048828125,343.5299987792969,334.8599853515625,342.92999267578125,342.92999267578125,692600,KLAC
2021-08-30,345.3399963378906,346.8999938964844,338.8299865722656,342.1099853515625,342.1099853515625,516000,KLAC
2021-08-31,343.6700134277344,343.6700134277344,333.7300109863281,339.9599914550781,339.9599914550781,1003200,KLAC
2021-09-01,340.95001220703125,341.5899963378906,335.1400146484375,335.45001220703125,335.45001220703125,668100,KLAC
2021-09-02,337.8900146484375,339.6600036621094,335.3599853515625,337.7099914550781,337.7099914550781,470600,KLAC
2021-09-03,336.1099853515625,342.510009765625,336.1099853515625,341.75,341.75,481800,KLAC
2021-09-07,342.6300048828125,343.0799865722656,337.9100036621094,341.80999755859375,341.80999755859375,570300,KLAC
2021-09-08,341.1600036621094,341.1600036621094,334.55999755859375,336.75,336.75,774800,KLAC
2021-09-09,335.9200134277344,348.8900146484375,335.57000732421875,347.8299865722656,347.8299865722656,1200100,KLAC
2021-09-10,351.0,359.1000061035156,350.30999755859375,350.57000732421875,350.57000732421875,1241300,KLAC
2021-09-13,354.6099853515625,358.32000732421875,349.29998779296875,355.6000061035156,355.6000061035156,974200,KLAC
2021-09-14,360.5199890136719,364.7900085449219,353.510009765625,356.3900146484375,356.3900146484375,1349300,KLAC
2021-09-15,357.3500061035156,367.5400085449219,354.04998779296875,367.3399963378906,367.3399963378906,1566300,KLAC
2021-09-16,365.0,373.7300109863281,363.20001220703125,372.0199890136719,372.0199890136719,1970700,KLAC
2021-09-17,374.3999938964844,374.6000061035156,366.6099853515625,369.80999755859375,369.80999755859375,2162500,KLAC
2021-09-20,360.3999938964844,361.55999755859375,349.7699890136719,355.17999267578125,355.17999267578125,1312300,KLAC
2021-09-21,358.95001220703125,359.44000244140625,349.6400146484375,356.5799865722656,356.5799865722656,1160400,KLAC
2021-09-22,359.1300048828125,366.30999755859375,356.0,365.510009765625,365.510009765625,762400,KLAC
2021-09-23,366.6600036621094,372.4100036621094,365.7699890136719,370.9800109863281,370.9800109863281,948300,KLAC
2021-09-24,367.6700134277344,370.6499938964844,366.7900085449219,369.5299987792969,369.5299987792969,433800,KLAC
2021-09-27,364.510009765625,369.4100036621094,362.79998779296875,365.7799987792969,365.7799987792969,844000,KLAC
2021-09-28,352.3399963378906,356.94000244140625,346.3299865722656,347.0299987792969,347.0299987792969,1620600,KLAC
2021-09-29,348.67999267578125,349.739990234375,334.80999755859375,335.29998779296875,335.29998779296875,1202300,KLAC
2021-09-30,338.2799987792969,342.2300109863281,333.8999938964844,334.510009765625,334.510009765625,962200,KLAC
2021-10-01,336.7200012207031,338.45001220703125,328.7799987792969,335.0199890136719,335.0199890136719,904600,KLAC
2021-10-04,332.1199951171875,332.6199951171875,325.5899963378906,329.07000732421875,329.07000732421875,1147600,KLAC
2021-10-05,332.9599914550781,334.44000244140625,328.239990234375,331.2300109863281,331.2300109863281,774300,KLAC
2021-10-06,326.7900085449219,330.2200012207031,324.3599853515625,329.1000061035156,329.1000061035156,820900,KLAC
2021-10-07,333.489990234375,336.1700134277344,329.32000732421875,330.1000061035156,330.1000061035156,811900,KLAC
2021-10-08,332.2900085449219,332.3699951171875,324.82000732421875,326.04998779296875,326.04998779296875,643100,KLAC
2021-10-11,324.57000732421875,331.2099914550781,324.5400085449219,325.20001220703125,325.20001220703125,528700,KLAC
2021-10-12,327.510009765625,328.2900085449219,317.989990234375,319.54998779296875,319.54998779296875,855500,KLAC
2021-10-13,323.8599853515625,326.0,319.0899963378906,320.4100036621094,320.4100036621094,690600,KLAC
2021-10-14,331.30999755859375,331.30999755859375,326.6099853515625,329.7799987792969,329.7799987792969,959000,KLAC
2021-10-15,330.1700134277344,332.3900146484375,327.8900146484375,329.1000061035156,329.1000061035156,772500,KLAC
2021-10-18,326.67999267578125,328.2300109863281,322.3299865722656,326.7699890136719,326.7699890136719,1377800,KLAC
2021-10-19,325.70001220703125,332.7200012207031,325.55999755859375,332.1400146484375,332.1400146484375,820600,KLAC
2021-10-20,331.7099914550781,333.95001220703125,328.2200012207031,331.0299987792969,331.0299987792969,702000,KLAC
2021-10-21,326.8800048828125,336.1300048828125,323.3900146484375,335.510009765625,335.510009765625,870600,KLAC
2021-10-22,342.1199951171875,357.9200134277344,340.5400085449219,343.0299987792969,343.0299987792969,1856200,KLAC
2021-10-25,347.7099914550781,347.7099914550781,341.67999267578125,343.2300109863281,343.2300109863281,1057500,KLAC
2021-10-26,349.1199951171875,349.1199951171875,337.4800109863281,341.9700012207031,341.9700012207031,868000,KLAC
2021-10-27,340.9599914550781,345.42999267578125,336.2799987792969,340.57000732421875,340.57000732421875,1196200,KLAC
2021-10-28,366.44000244140625,388.989990234375,352.5,355.3399963378906,355.3399963378906,2350800,KLAC
2021-10-29,352.2300109863281,374.1099853515625,351.9800109863281,372.760009765625,372.760009765625,1603300,KLAC
2021-11-01,373.0,380.489990234375,369.1600036621094,380.260009765625,380.260009765625,2049400,KLAC
2021-11-02,381.0400085449219,388.82000732421875,381.010009765625,388.75,388.75,1186300,KLAC
2021-11-03,390.0,393.8699951171875,383.05999755859375,393.6700134277344,393.6700134277344,1237300,KLAC
2021-11-04,394.0799865722656,409.6499938964844,393.6700134277344,409.0799865722656,409.0799865722656,1703800,KLAC
2021-11-05,410.32000732421875,418.3999938964844,405.6300048828125,416.7300109863281,416.7300109863281,1655500,KLAC
2021-11-08,416.75,419.3299865722656,410.5899963378906,412.8399963378906,412.8399963378906,1247800,KLAC
2021-11-09,412.92999267578125,417.6000061035156,410.4200134277344,417.1099853515625,417.1099853515625,837700,KLAC
2021-11-10,410.0400085449219,418.0,403.3399963378906,404.3500061035156,404.3500061035156,1169800,KLAC
2021-11-11,410.2099914550781,414.2200012207031,408.0,412.7900085449219,412.7900085449219,620100,KLAC
2021-11-12,412.4700012207031,417.3399963378906,409.79998779296875,413.2799987792969,413.2799987792969,627100,KLAC
2021-11-15,418.0,418.8500061035156,410.5299987792969,413.05999755859375,413.05999755859375,654200,KLAC
2021-11-16,413.010009765625,424.0199890136719,411.1700134277344,423.20001220703125,423.20001220703125,1151000,KLAC
2021-11-17,421.7699890136719,424.04998779296875,417.5899963378906,419.8399963378906,419.8399963378906,1476600,KLAC
2021-11-18,422.8299865722656,424.8399963378906,417.3599853515625,423.239990234375,423.239990234375,887700,KLAC
2021-11-19,422.0299987792969,426.8399963378906,420.8699951171875,422.3800048828125,422.3800048828125,746300,KLAC
2021-11-22,423.9100036621094,427.239990234375,407.3900146484375,407.8999938964844,407.8999938964844,1604300,KLAC
2021-11-23,407.1400146484375,412.3599853515625,400.79998779296875,411.9800109863281,411.9800109863281,1161600,KLAC
2021-11-24,410.3900146484375,413.3500061035156,401.1199951171875,413.29998779296875,413.29998779296875,730300,KLAC
2021-11-26,406.7099914550781,410.1000061035156,397.0400085449219,398.9599914550781,398.9599914550781,756300,KLAC
2021-11-29,402.80999755859375,414.6099853515625,402.80999755859375,413.8399963378906,413.8399963378906,1084500,KLAC
2021-11-30,412.6600036621094,418.42999267578125,405.82000732421875,408.1300048828125,408.1300048828125,1548600,KLAC
2021-12-01,415.25,428.2200012207031,408.17999267578125,412.17999267578125,412.17999267578125,1637100,KLAC
2021-12-02,408.7200012207031,415.8699951171875,401.2099914550781,402.5299987792969,402.5299987792969,1610000,KLAC
2021-12-03,407.6199951171875,410.9100036621094,394.6099853515625,400.67999267578125,400.67999267578125,1313000,KLAC
2021-12-06,402.9200134277344,403.4200134277344,390.1700134277344,399.5299987792969,399.5299987792969,1284300,KLAC
2021-12-07,406.55999755859375,420.4800109863281,405.7699890136719,419.1499938964844,419.1499938964844,1348100,KLAC
2021-12-08,418.5799865722656,422.30999755859375,413.29998779296875,421.2799987792969,421.2799987792969,952200,KLAC
2021-12-09,418.25,420.1199951171875,408.82000732421875,409.3699951171875,409.3699951171875,1091600,KLAC
2021-12-10,415.1700134277344,417.54998779296875,404.0899963378906,410.69000244140625,410.69000244140625,833500,KLAC
2021-12-13,410.69000244140625,410.7699890136719,396.8299865722656,399.75,399.75,1189400,KLAC
2021-12-14,395.7900085449219,402.29998779296875,394.17999267578125,399.4599914550781,399.4599914550781,993300,KLAC
2021-12-15,400.44000244140625,411.5400085449219,392.7699890136719,409.9100036621094,409.9100036621094,2186900,KLAC
2021-12-16,414.0,414.989990234375,395.0899963378906,397.30999755859375,397.30999755859375,2306600,KLAC
2021-12-17,396.3399963378906,397.4800109863281,387.0,391.54998779296875,391.54998779296875,3228000,KLAC
2021-12-20,385.8800048828125,393.1300048828125,381.6300048828125,385.5,385.5,1850200,KLAC
2021-12-21,403.1499938964844,412.20001220703125,401.05999755859375,409.3999938964844,409.3999938964844,2267000,KLAC
2021-12-22,406.2799987792969,413.3800048828125,403.54998779296875,413.2099914550781,413.2099914550781,719600,KLAC
2021-12-23,415.2300109863281,424.489990234375,415.0299987792969,420.760009765625,420.760009765625,878000,KLAC
2021-12-27,422.2300109863281,441.54998779296875,422.010009765625,440.1700134277344,440.1700134277344,1302800,KLAC
2021-12-28,441.5400085449219,442.44000244140625,430.32000732421875,432.1499938964844,432.1499938964844,751900,KLAC
2021-12-29,432.7799987792969,438.9100036621094,431.5299987792969,435.0799865722656,435.0799865722656,613900,KLAC
2021-12-30,435.45001220703125,436.0,426.2900085449219,427.0799865722656,427.0799865722656,615000,KLAC
