Date,Open,High,Low,Close,Adj Close,Volume,ticker
2007-01-03,30.165000915527344,31.21500015258789,30.139999389648438,30.844999313354492,23.514747619628906,413600,LECO
2007-01-04,30.864999771118164,31.0,30.450000762939453,30.774999618530273,23.461383819580078,282400,LECO
2007-01-05,30.625,30.639999389648438,29.8799991607666,29.985000610351562,22.85911750793457,187600,LECO
2007-01-08,30.049999237060547,30.09000015258789,29.780000686645508,29.96500015258789,22.8438777923584,214200,LECO
2007-01-09,29.90999984741211,30.225000381469727,29.7549991607666,30.110000610351562,22.954416275024414,237800,LECO
2007-01-10,29.90999984741211,30.450000762939453,29.844999313354492,30.315000534057617,23.11070442199707,258800,LECO
2007-01-11,30.3700008392334,30.850000381469727,30.3700008392334,30.7549991607666,23.44613265991211,158000,LECO
2007-01-12,30.80500030517578,30.885000228881836,30.40999984741211,30.600000381469727,23.327974319458008,125200,LECO
2007-01-16,30.635000228881836,30.815000534057617,30.5,30.639999389648438,23.35846710205078,140400,LECO
2007-01-17,30.4950008392334,30.7549991607666,30.46500015258789,30.684999465942383,23.392770767211914,186800,LECO
2007-01-18,30.7450008392334,30.7450008392334,30.375,30.489999771118164,23.24411392211914,143800,LECO
2007-01-19,30.424999237060547,30.735000610351562,30.25,30.709999084472656,23.411827087402344,129400,LECO
2007-01-22,30.80500030517578,30.809999465942383,30.15999984741211,30.30500030517578,23.103073120117188,176000,LECO
2007-01-23,30.239999771118164,30.760000228881836,30.239999771118164,30.735000610351562,23.43088722229004,188800,LECO
2007-01-24,30.719999313354492,30.815000534057617,30.46500015258789,30.739999771118164,23.4346981048584,267000,LECO
2007-01-25,30.709999084472656,30.729999542236328,30.34000015258789,30.375,23.156442642211914,301600,LECO
2007-01-26,30.354999542236328,30.385000228881836,29.885000228881836,30.125,22.96585464477539,186200,LECO
2007-01-29,29.9950008392334,30.204999923706055,29.850000381469727,29.975000381469727,22.851497650146484,193800,LECO
2007-01-30,30.19499969482422,30.19499969482422,29.809999465942383,30.145000457763672,22.981103897094727,293600,LECO
2007-01-31,30.040000915527344,30.5,29.899999618530273,30.385000228881836,23.164073944091797,199600,LECO
2007-02-01,30.40999984741211,31.635000228881836,30.360000610351562,31.600000381469727,24.0903263092041,658600,LECO
2007-02-02,31.5,31.649999618530273,31.385000228881836,31.6200008392334,24.105573654174805,193200,LECO
2007-02-05,31.53499984741211,31.549999237060547,31.325000762939453,31.450000762939453,23.975963592529297,168800,LECO
2007-02-06,31.5,32.21500015258789,31.405000686645508,32.11000061035156,24.479129791259766,321200,LECO
2007-02-07,32.21500015258789,32.314998626708984,31.96500015258789,32.20500183105469,24.551544189453125,255200,LECO
2007-02-08,32.255001068115234,32.43000030517578,31.989999771118164,32.415000915527344,24.711645126342773,158400,LECO
2007-02-09,32.415000915527344,32.415000915527344,32.0,32.07500076293945,24.452438354492188,242600,LECO
2007-02-12,32.20000076293945,32.30500030517578,31.9950008392334,32.02000045776367,24.41050910949707,112400,LECO
2007-02-13,32.13999938964844,32.5,32.084999084472656,32.38999938964844,24.692584991455078,108400,LECO
2007-02-14,32.39500045776367,32.505001068115234,32.154998779296875,32.47999954223633,24.761199951171875,155800,LECO
2007-02-15,32.42499923706055,32.744998931884766,32.42499923706055,32.65999984741211,24.898422241210938,146600,LECO
2007-02-16,32.709999084472656,32.7599983215332,32.45500183105469,32.595001220703125,24.848861694335938,153000,LECO
2007-02-20,32.529998779296875,33.540000915527344,32.4900016784668,33.529998779296875,25.561662673950195,292200,LECO
2007-02-21,33.529998779296875,33.685001373291016,33.290000915527344,33.619998931884766,25.630273818969727,178400,LECO
2007-02-22,34.5,35.095001220703125,31.8799991607666,32.58000183105469,24.837430953979492,1026800,LECO
2007-02-23,32.45000076293945,33.0,32.29499816894531,32.810001373291016,25.012765884399414,455200,LECO
2007-02-26,33.06999969482422,33.150001525878906,32.39500045776367,32.46500015258789,24.749755859375,265400,LECO
2007-02-27,32.2599983215332,32.375,30.93000030517578,31.014999389648438,23.64435577392578,318400,LECO
2007-02-28,31.014999389648438,31.485000610351562,30.799999237060547,31.200000762939453,23.78538703918457,397400,LECO
2007-03-01,30.799999237060547,31.315000534057617,30.299999237060547,31.049999237060547,23.67103385925293,349600,LECO
2007-03-02,31.049999237060547,31.135000228881836,30.469999313354492,30.545000076293945,23.28604507446289,228800,LECO
2007-03-05,30.709999084472656,30.709999084472656,30.014999389648438,30.05500030517578,22.91249656677246,219400,LECO
2007-03-06,30.354999542236328,30.354999542236328,29.975000381469727,30.040000915527344,22.90105628967285,230000,LECO
2007-03-07,29.975000381469727,30.375,29.829999923706055,30.049999237060547,22.90867042541504,257600,LECO
2007-03-08,30.329999923706055,30.440000534057617,30.049999237060547,30.2549991607666,23.064958572387695,254000,LECO
2007-03-09,30.375,30.549999237060547,30.225000381469727,30.2450008392334,23.057334899902344,325600,LECO
2007-03-12,30.209999084472656,30.53499984741211,30.15999984741211,30.415000915527344,23.186935424804688,247400,LECO
2007-03-13,30.334999084472656,30.635000228881836,30.030000686645508,30.110000610351562,22.954416275024414,301000,LECO
2007-03-14,30.100000381469727,30.3700008392334,29.725000381469727,30.0,22.87056541442871,457000,LECO
2007-03-15,29.764999389648438,30.25,29.764999389648438,30.149999618530273,22.984907150268555,1019000,LECO
2007-03-16,30.219999313354492,30.219999313354492,29.53499984741211,29.584999084472656,22.554180145263672,626200,LECO
2007-03-19,29.625,30.0,29.625,29.8700008392334,22.771459579467773,692200,LECO
2007-03-20,29.850000381469727,30.2450008392334,29.739999771118164,30.229999542236328,23.0458984375,396000,LECO
2007-03-21,30.204999923706055,30.684999465942383,30.014999389648438,30.649999618530273,23.366092681884766,193600,LECO
2007-03-22,30.65999984741211,30.854999542236328,30.450000762939453,30.770000457763672,23.45757484436035,228000,LECO
2007-03-23,30.774999618530273,30.8799991607666,30.584999084472656,30.69499969482422,23.4003963470459,200200,LECO
2007-03-26,30.81999969482422,30.90999984741211,30.344999313354492,30.610000610351562,23.335590362548828,322400,LECO
2007-03-27,30.44499969482422,30.540000915527344,30.010000228881836,30.05500030517578,22.91249656677246,233000,LECO
2007-03-28,30.94499969482422,30.94499969482422,29.4950008392334,29.780000686645508,22.786235809326172,245800,LECO
2007-03-29,29.875,30.0049991607666,29.59000015258789,29.940000534057617,22.90866470336914,160600,LECO
2007-03-30,29.8799991607666,30.125,29.635000228881836,29.780000686645508,22.786235809326172,146200,LECO
2007-04-02,29.735000610351562,29.905000686645508,29.5,29.704999923706055,22.72885513305664,191800,LECO
2007-04-03,29.56999969482422,30.06999969482422,29.56999969482422,29.799999237060547,22.801544189453125,192200,LECO
2007-04-04,29.850000381469727,29.90999984741211,29.5,29.899999618530273,22.878055572509766,228000,LECO
2007-04-05,29.829999923706055,30.010000228881836,29.739999771118164,29.875,22.858936309814453,245000,LECO
2007-04-09,29.854999542236328,30.030000686645508,29.829999923706055,29.899999618530273,22.878055572509766,131000,LECO
2007-04-10,29.950000762939453,30.295000076293945,29.84000015258789,30.1299991607666,23.05404281616211,206600,LECO
2007-04-11,30.25,30.2549991607666,29.594999313354492,29.645000457763672,22.68294334411621,157200,LECO
2007-04-12,29.635000228881836,30.03499984741211,29.440000534057617,29.93000030517578,22.901010513305664,131000,LECO
2007-04-13,29.93000030517578,30.290000915527344,29.854999542236328,30.1299991607666,23.05404281616211,198200,LECO
2007-04-16,30.110000610351562,30.549999237060547,30.075000762939453,30.46500015258789,23.31036376953125,225000,LECO
2007-04-17,30.56999969482422,30.59000015258789,29.790000915527344,29.985000610351562,22.94309425354004,479200,LECO
2007-04-18,29.864999771118164,29.969999313354492,29.59000015258789,29.8799991607666,22.86275863647461,373800,LECO
2007-04-19,29.7549991607666,29.920000076293945,29.600000381469727,29.80500030517578,22.80536651611328,253800,LECO
2007-04-20,29.979999542236328,30.200000762939453,29.899999618530273,30.0049991607666,22.958396911621094,296200,LECO
2007-04-23,30.0,30.274999618530273,30.0,30.059999465942383,23.00048065185547,266200,LECO
2007-04-24,30.219999313354492,30.219999313354492,29.75,30.024999618530273,22.973697662353516,573400,LECO
2007-04-25,30.149999618530273,30.334999084472656,29.844999313354492,30.024999618530273,22.973697662353516,654200,LECO
2007-04-26,30.25,32.75,30.059999465942383,31.764999389648438,24.305063247680664,1048800,LECO
2007-04-27,32.060001373291016,32.415000915527344,31.760000228881836,32.310001373291016,24.722078323364258,494400,LECO
2007-04-30,32.26499938964844,32.814998626708984,31.790000915527344,31.864999771118164,24.38158416748047,765000,LECO
2007-05-01,31.950000762939453,33.119998931884766,31.950000762939453,33.064998626708984,25.29977035522461,670600,LECO
2007-05-02,33.1349983215332,33.595001220703125,32.869998931884766,33.44499969482422,25.590524673461914,493000,LECO
2007-05-03,33.400001525878906,33.67499923706055,33.32500076293945,33.44499969482422,25.590524673461914,300000,LECO
2007-05-04,33.47999954223633,33.935001373291016,33.36000061035156,33.849998474121094,25.900409698486328,339000,LECO
2007-05-07,33.540000915527344,34.33000183105469,33.540000915527344,34.154998779296875,26.133779525756836,549200,LECO
2007-05-08,33.98500061035156,34.209999084472656,33.61000061035156,34.17499923706055,26.149084091186523,351000,LECO
2007-05-09,33.9900016784668,34.529998779296875,33.95500183105469,34.52000045776367,26.413055419921875,480400,LECO
2007-05-10,34.28499984741211,34.529998779296875,34.18000030517578,34.30500030517578,26.248550415039062,412600,LECO
2007-05-11,34.404998779296875,34.595001220703125,34.14500045776367,34.55500030517578,26.439844131469727,281200,LECO
2007-05-14,34.459999084472656,34.6349983215332,34.005001068115234,34.224998474121094,26.187341690063477,335000,LECO
2007-05-15,34.209999084472656,34.584999084472656,34.064998626708984,34.1150016784668,26.10317039489746,277000,LECO
2007-05-16,34.154998779296875,34.529998779296875,33.79999923706055,34.2400016784668,26.198823928833008,229400,LECO
2007-05-17,34.10499954223633,34.224998474121094,33.88999938964844,34.02000045776367,26.030488967895508,217400,LECO
2007-05-18,34.08000183105469,34.415000915527344,33.94499969482422,34.32500076293945,26.263853073120117,211200,LECO
2007-05-21,34.380001068115234,34.75,34.1349983215332,34.75,26.589046478271484,260800,LECO
2007-05-22,34.64500045776367,34.71500015258789,34.45000076293945,34.459999084472656,26.367151260375977,203400,LECO
2007-05-23,34.5,35.01499938964844,34.45500183105469,34.470001220703125,26.374814987182617,225800,LECO
2007-05-24,34.415000915527344,34.77000045776367,33.76499938964844,33.79999923706055,25.86215591430664,249400,LECO
2007-05-25,33.849998474121094,34.43000030517578,33.84000015258789,34.32500076293945,26.263853073120117,147600,LECO
2007-05-29,34.34000015258789,34.59000015258789,34.1349983215332,34.47999954223633,26.38245964050293,206000,LECO
2007-05-30,34.29999923706055,34.75,34.150001525878906,34.75,26.589046478271484,317800,LECO
2007-05-31,34.48500061035156,35.150001525878906,34.38999938964844,35.14500045776367,26.89128303527832,517400,LECO
2007-06-01,35.19499969482422,35.88999938964844,35.03499984741211,35.85499954223633,27.434539794921875,326800,LECO
2007-06-04,35.60499954223633,35.83000183105469,35.525001525878906,35.75,27.354198455810547,305400,LECO
2007-06-05,35.689998626708984,35.95000076293945,35.30500030517578,35.65999984741211,27.285337448120117,237600,LECO
2007-06-06,35.45000076293945,35.625,35.02000045776367,35.220001220703125,26.948678970336914,207600,LECO
2007-06-07,35.15999984741211,35.20500183105469,34.6150016784668,34.6150016784668,26.48575782775879,190600,LECO
2007-06-08,34.650001525878906,35.845001220703125,34.650001525878906,35.76499938964844,27.365678787231445,506800,LECO
2007-06-11,35.619998931884766,35.89500045776367,35.2400016784668,35.775001525878906,27.373332977294922,333000,LECO
2007-06-12,35.70500183105469,36.04999923706055,35.55500030517578,35.775001525878906,27.373332977294922,279000,LECO
2007-06-13,35.83000183105469,36.29499816894531,35.77000045776367,35.959999084472656,27.514892578125,284200,LECO
2007-06-14,35.970001220703125,36.80500030517578,35.970001220703125,36.76499938964844,28.130840301513672,175400,LECO
2007-06-15,36.96500015258789,37.75,36.959999084472656,37.314998626708984,28.551652908325195,408800,LECO
2007-06-18,37.470001220703125,37.529998779296875,37.029998779296875,37.474998474121094,28.67408561706543,306600,LECO
2007-06-19,37.3849983215332,37.47999954223633,36.96500015258789,37.45000076293945,28.654956817626953,415800,LECO
2007-06-20,37.474998474121094,37.5,37.11000061035156,37.16999816894531,28.440717697143555,242000,LECO
2007-06-21,37.154998779296875,37.5,36.90999984741211,37.439998626708984,28.64731216430664,275800,LECO
2007-06-22,37.29499816894531,37.875,37.209999084472656,37.439998626708984,28.64731216430664,621400,LECO
2007-06-25,37.599998474121094,37.73500061035156,36.58000183105469,36.71500015258789,28.092571258544922,355000,LECO
2007-06-26,36.849998474121094,37.029998779296875,36.439998626708984,36.810001373291016,28.165258407592773,330200,LECO
2007-06-27,36.625,36.685001373291016,36.20500183105469,36.6150016784668,28.100038528442383,414400,LECO
2007-06-28,36.654998779296875,37.540000915527344,36.6349983215332,37.20000076293945,28.548992156982422,142800,LECO
2007-06-29,37.255001068115234,37.43000030517578,36.900001525878906,37.119998931884766,28.487585067749023,380600,LECO
2007-07-02,37.27000045776367,38.23500061035156,37.26499938964844,37.75,28.97108268737793,244400,LECO
2007-07-03,37.77000045776367,37.86000061035156,37.18000030517578,37.44499969482422,28.73701286315918,186800,LECO
2007-07-05,37.5,37.7400016784668,37.15999984741211,37.404998779296875,28.7063045501709,242800,LECO
2007-07-06,37.39500045776367,37.625,37.150001525878906,37.625,28.875165939331055,217600,LECO
2007-07-09,37.755001068115234,37.994998931884766,37.625,37.90999984741211,29.093873977661133,203200,LECO
2007-07-10,37.875,37.93000030517578,37.310001373291016,37.349998474121094,28.664098739624023,368800,LECO
2007-07-11,37.404998779296875,37.505001068115234,37.19499969482422,37.43000030517578,28.725500106811523,232200,LECO
2007-07-12,37.564998626708984,37.79999923706055,37.459999084472656,37.73500061035156,28.959566116333008,294800,LECO
2007-07-13,37.709999084472656,37.974998474121094,37.560001373291016,37.904998779296875,29.09004020690918,228400,LECO
2007-07-16,37.869998931884766,38.345001220703125,37.53499984741211,37.900001525878906,29.08618927001953,146600,LECO
2007-07-17,37.900001525878906,38.07500076293945,37.35499954223633,37.38999938964844,28.69478988647461,233600,LECO
2007-07-18,37.290000915527344,37.97999954223633,37.150001525878906,37.86000061035156,29.055492401123047,270400,LECO
2007-07-19,37.95500183105469,38.8650016784668,37.95500183105469,38.599998474121094,29.623401641845703,307800,LECO
2007-07-20,38.599998474121094,38.599998474121094,38.0,38.04499816894531,29.197471618652344,357800,LECO
2007-07-23,38.20500183105469,38.31999969482422,37.625,37.7599983215332,28.978742599487305,331000,LECO
2007-07-24,37.400001525878906,37.400001525878906,36.275001525878906,36.45500183105469,27.977235794067383,393000,LECO
2007-07-25,36.400001525878906,37.064998626708984,35.279998779296875,36.20000076293945,27.781536102294922,473600,LECO
2007-07-26,36.0,36.11000061035156,34.67499923706055,35.29999923706055,27.09083366394043,388000,LECO
2007-07-27,35.165000915527344,36.584999084472656,34.77000045776367,35.720001220703125,27.413171768188477,661200,LECO
2007-07-30,35.76499938964844,36.21500015258789,35.27000045776367,35.90999984741211,27.558984756469727,270000,LECO
2007-07-31,36.06999969482422,37.41999816894531,35.8650016784668,35.994998931884766,27.624217987060547,625600,LECO
2007-08-01,35.95000076293945,36.23500061035156,35.290000915527344,35.70000076293945,27.39781951904297,519400,LECO
2007-08-02,35.79999923706055,36.38999938964844,35.79999923706055,36.20000076293945,27.781536102294922,652200,LECO
2007-08-03,36.25,36.290000915527344,35.220001220703125,35.29999923706055,27.09083366394043,532800,LECO
2007-08-06,35.57500076293945,36.220001220703125,34.685001373291016,35.220001220703125,27.029447555541992,555400,LECO
2007-08-07,34.9900016784668,35.36000061035156,34.43000030517578,35.11000061035156,26.94502067565918,581800,LECO
2007-08-08,35.36000061035156,35.36000061035156,32.31999969482422,32.57500076293945,24.999542236328125,892400,LECO
2007-08-09,32.43000030517578,34.220001220703125,32.36000061035156,32.904998779296875,25.252803802490234,1278800,LECO
2007-08-10,32.415000915527344,37.13999938964844,32.375,36.9900016784668,28.387819290161133,730400,LECO
2007-08-13,37.1150016784668,37.5,35.0,35.005001068115234,26.86444664001465,475000,LECO
2007-08-14,35.005001068115234,35.86000061035156,34.375,34.400001525878906,26.400142669677734,541400,LECO
2007-08-15,34.3849983215332,35.15999984741211,33.4900016784668,33.60499954223633,25.790014266967773,375600,LECO
2007-08-16,33.46500015258789,33.93000030517578,32.27000045776367,33.20000076293945,25.479196548461914,750000,LECO
2007-08-17,34.1349983215332,34.95000076293945,33.29999923706055,33.45000076293945,25.671064376831055,414000,LECO
2007-08-20,33.5,33.7599983215332,33.2599983215332,33.529998779296875,25.732460021972656,262800,LECO
2007-08-21,33.380001068115234,33.814998626708984,33.03499984741211,33.560001373291016,25.755481719970703,372800,LECO
2007-08-22,34.005001068115234,35.04999923706055,33.96500015258789,34.974998474121094,26.84141731262207,411400,LECO
2007-08-23,35.220001220703125,35.44499969482422,34.35499954223633,34.59000015258789,26.545961380004883,281800,LECO
2007-08-24,34.65999984741211,35.130001068115234,34.380001068115234,34.96500015258789,26.833744049072266,267800,LECO
2007-08-27,34.125,35.46500015258789,34.125,35.23500061035156,27.040952682495117,308000,LECO
2007-08-28,35.084999084472656,35.19499969482422,34.32500076293945,34.375,26.380950927734375,251400,LECO
2007-08-29,34.63999938964844,35.51499938964844,34.53499984741211,35.51499938964844,27.25583839416504,227000,LECO
2007-08-30,35.290000915527344,35.8849983215332,35.0,35.375,27.148395538330078,164400,LECO
2007-08-31,35.85499954223633,36.005001068115234,35.130001068115234,35.970001220703125,27.60503387451172,210200,LECO
2007-09-04,35.78499984741211,36.974998474121094,35.78499984741211,36.724998474121094,28.1844482421875,229200,LECO
2007-09-05,36.619998931884766,36.720001220703125,36.005001068115234,36.599998474121094,28.0885066986084,461600,LECO
2007-09-06,36.564998626708984,36.83000183105469,35.650001525878906,36.59000015258789,28.08084487915039,301400,LECO
2007-09-07,35.849998474121094,36.20000076293945,34.880001068115234,35.03499984741211,26.887460708618164,266600,LECO
2007-09-10,35.2599983215332,35.48500061035156,34.36000061035156,35.150001525878906,26.975730895996094,258800,LECO
2007-09-11,35.22999954223633,35.47999954223633,34.30500030517578,35.15999984741211,26.983400344848633,165800,LECO
2007-09-12,35.130001068115234,35.650001525878906,35.03499984741211,35.040000915527344,26.891300201416016,222800,LECO
2007-09-13,35.224998474121094,36.01499938964844,34.75,35.70000076293945,27.39781951904297,226400,LECO
2007-09-14,35.724998474121094,36.5,35.279998779296875,36.125,27.72397804260254,375600,LECO
2007-09-17,36.095001220703125,36.334999084472656,35.83000183105469,35.904998779296875,27.55514144897461,240200,LECO
2007-09-18,36.08000183105469,37.5,36.08000183105469,37.5,28.77921485900879,397400,LECO
2007-09-19,37.5,38.22999954223633,37.0099983215332,38.099998474121094,29.239683151245117,765400,LECO
2007-09-20,38.21500015258789,38.21500015258789,37.45000076293945,37.7599983215332,28.978742599487305,321800,LECO
2007-09-21,37.79999923706055,38.51499938964844,37.79999923706055,38.165000915527344,29.28956413269043,619800,LECO
2007-09-24,38.31999969482422,38.31999969482422,37.650001525878906,37.900001525878906,29.08618927001953,348800,LECO
2007-09-25,37.779998779296875,37.814998626708984,37.040000915527344,37.525001525878906,28.79841423034668,337000,LECO
2007-09-26,37.7400016784668,38.39500045776367,37.19499969482422,38.0,29.248685836791992,212000,LECO
2007-09-27,38.05500030517578,38.44499969482422,37.86000061035156,38.44499969482422,29.59119415283203,171200,LECO
2007-09-28,38.064998626708984,39.04499816894531,37.755001068115234,38.80500030517578,29.86830711364746,387800,LECO
2007-10-01,38.75,39.209999084472656,38.5,38.6150016784668,29.722047805786133,339800,LECO
2007-10-02,38.46500015258789,38.6150016784668,38.064998626708984,38.52000045776367,29.648914337158203,190000,LECO
2007-10-03,38.3849983215332,38.3849983215332,37.5,37.70000076293945,29.01776885986328,211000,LECO
2007-10-04,37.915000915527344,39.0,37.775001525878906,38.400001525878906,29.55656623840332,343600,LECO
2007-10-05,38.75,38.94499969482422,38.65999984741211,38.81999969482422,29.87983512878418,296000,LECO
2007-10-08,38.709999084472656,43.099998474121094,38.66999816894531,39.685001373291016,30.54563331604004,442000,LECO
2007-10-09,39.654998779296875,40.040000915527344,39.31999969482422,40.0099983215332,30.795772552490234,333400,LECO
2007-10-10,40.0,40.025001525878906,39.375,39.46500015258789,30.37628936767578,226200,LECO
2007-10-11,39.724998474121094,39.90999984741211,38.810001373291016,39.0,30.018375396728516,242000,LECO
2007-10-12,39.15999984741211,39.994998931884766,39.0,39.59000015258789,30.47249984741211,320600,LECO
2007-10-15,39.724998474121094,39.779998779296875,38.88999938964844,39.244998931884766,30.206958770751953,243800,LECO
2007-10-16,39.33000183105469,40.099998474121094,39.10499954223633,39.19499969482422,30.168479919433594,306200,LECO
2007-10-17,39.494998931884766,40.10499954223633,39.22999954223633,39.54999923706055,30.441696166992188,175600,LECO
2007-10-18,39.375,39.56999969482422,39.255001068115234,39.349998474121094,30.287769317626953,244400,LECO
2007-10-19,39.19499969482422,39.6150016784668,38.404998779296875,38.404998779296875,29.560413360595703,245800,LECO
2007-10-22,38.01499938964844,39.06999969482422,37.5,39.02000045776367,30.03377342224121,295800,LECO
2007-10-23,39.334999084472656,39.4900016784668,38.5,39.369998931884766,30.30317497253418,309600,LECO
2007-10-24,39.5099983215332,40.01499938964844,38.82500076293945,40.01499938964844,30.799625396728516,326800,LECO
2007-10-25,38.625,38.625,34.54999923706055,34.8849983215332,26.851062774658203,1519600,LECO
2007-10-26,36.095001220703125,37.5099983215332,35.709999084472656,36.935001373291016,28.428955078125,995600,LECO
2007-10-29,37.10499954223633,37.470001220703125,36.630001068115234,36.90999984741211,28.409706115722656,469600,LECO
2007-10-30,36.900001525878906,37.18000030517578,35.834999084472656,36.724998474121094,28.267309188842773,464200,LECO
2007-10-31,36.814998626708984,36.814998626708984,35.1349983215332,36.125,27.805482864379883,815200,LECO
2007-11-01,35.93000030517578,36.59000015258789,35.29499816894531,36.14500045776367,27.82087516784668,612400,LECO
2007-11-02,36.22999954223633,36.58000183105469,34.98500061035156,35.540000915527344,27.355215072631836,650800,LECO
2007-11-05,35.119998931884766,35.90999984741211,34.834999084472656,35.20000076293945,27.093507766723633,452200,LECO
2007-11-06,35.19499969482422,35.72999954223633,34.7599983215332,35.6150016784668,27.412946701049805,408200,LECO
2007-11-07,35.20000076293945,35.63999938964844,34.28499984741211,34.67499923706055,26.689424514770508,364000,LECO
2007-11-08,34.834999084472656,35.810001373291016,34.625,35.71500015258789,27.489912033081055,539600,LECO
2007-11-09,35.380001068115234,35.84000015258789,34.97999954223633,35.29999923706055,27.17047882080078,380000,LECO
2007-11-12,35.20500183105469,35.404998779296875,33.474998474121094,33.6150016784668,25.87354278564453,519200,LECO
2007-11-13,33.775001525878906,34.560001373291016,32.79499816894531,34.310001373291016,26.408477783203125,546400,LECO
2007-11-14,34.25,34.78499984741211,34.0099983215332,34.380001068115234,26.462364196777344,296000,LECO
2007-11-15,34.27000045776367,34.57500076293945,34.05500030517578,34.540000915527344,26.585514068603516,373400,LECO
2007-11-16,34.69499969482422,35.595001220703125,34.084999084472656,34.65999984741211,26.677873611450195,324400,LECO
2007-11-19,34.51499938964844,34.744998931884766,33.369998931884766,33.369998931884766,25.684959411621094,431000,LECO
2007-11-20,33.36000061035156,33.95000076293945,33.17499923706055,33.71500015258789,25.950504302978516,396400,LECO
2007-11-21,33.35499954223633,33.849998474121094,32.875,32.875,25.303955078125,324600,LECO
2007-11-23,33.0099983215332,33.57500076293945,32.6150016784668,33.25,25.592594146728516,246600,LECO
2007-11-26,33.30500030517578,33.79999923706055,32.755001068115234,32.755001068115234,25.21159553527832,315400,LECO
2007-11-27,32.84000015258789,33.71500015258789,32.775001525878906,33.279998779296875,25.61568832397461,193800,LECO
2007-11-28,33.46500015258789,34.380001068115234,33.0099983215332,34.255001068115234,26.36614418029785,210200,LECO
2007-11-29,34.04499816894531,34.5,33.93000030517578,34.09000015258789,26.239145278930664,209000,LECO
2007-11-30,34.505001068115234,34.98500061035156,34.375,34.8849983215332,26.851062774658203,531200,LECO
2007-12-03,34.39500045776367,34.57500076293945,33.69499969482422,33.84000015258789,26.046720504760742,373400,LECO
2007-12-04,33.599998474121094,34.44499969482422,33.29499816894531,33.709999084472656,25.94666290283203,668600,LECO
2007-12-05,34.119998931884766,35.01499938964844,34.025001525878906,34.185001373291016,26.312273025512695,547000,LECO
2007-12-06,34.1150016784668,35.915000915527344,34.0,35.790000915527344,27.547639846801758,424000,LECO
2007-12-07,35.935001373291016,36.064998626708984,35.2400016784668,35.904998779296875,27.636150360107422,373800,LECO
2007-12-10,36.04999923706055,36.744998931884766,35.810001373291016,36.654998779296875,28.21343994140625,246800,LECO
2007-12-11,36.810001373291016,36.994998931884766,35.89500045776367,35.900001525878906,27.632305145263672,396800,LECO
2007-12-12,36.63999938964844,36.64500045776367,35.54999923706055,35.79499816894531,27.551481246948242,278200,LECO
2007-12-13,35.564998626708984,36.224998474121094,35.29999923706055,36.150001525878906,27.824735641479492,302200,LECO
2007-12-14,35.26499938964844,35.95500183105469,35.09000015258789,35.10499954223633,27.020389556884766,239600,LECO
2007-12-17,35.0099983215332,35.040000915527344,33.970001220703125,33.970001220703125,26.14678382873535,450400,LECO
2007-12-18,34.310001373291016,35.505001068115234,34.27000045776367,35.28499984741211,27.15894317626953,488400,LECO
2007-12-19,35.1349983215332,35.78499984741211,34.60499954223633,35.11000061035156,27.024234771728516,194000,LECO
2007-12-20,35.42499923706055,35.720001220703125,35.08000183105469,35.720001220703125,27.493764877319336,290200,LECO
2007-12-21,36.834999084472656,37.154998779296875,35.915000915527344,36.3849983215332,28.005611419677734,499400,LECO
2007-12-24,36.55500030517578,37.06999969482422,36.209999084472656,36.88999938964844,28.394304275512695,157000,LECO
2007-12-26,36.900001525878906,36.97999954223633,36.28499984741211,36.54999923706055,28.13260841369629,182800,LECO
2007-12-27,36.48500061035156,36.744998931884766,35.78499984741211,35.814998626708984,27.661479949951172,201800,LECO
2007-12-28,35.709999084472656,36.39500045776367,35.650001525878906,36.154998779296875,27.924083709716797,214400,LECO
2007-12-31,36.18000030517578,36.18000030517578,35.5099983215332,35.59000015258789,27.487703323364258,229000,LECO
2008-01-02,35.525001525878906,35.7400016784668,34.380001068115234,34.6150016784668,26.734678268432617,422000,LECO
2008-01-03,34.61000061035156,34.959999084472656,34.25,34.27000045776367,26.46822166442871,267400,LECO
2008-01-04,33.91999816894531,34.14500045776367,32.900001525878906,33.025001525878906,25.506643295288086,312800,LECO
2008-01-07,33.11000061035156,33.71500015258789,32.46500015258789,32.70000076293945,25.255632400512695,287400,LECO
2008-01-08,32.75,32.845001220703125,31.579999923706055,31.579999923706055,24.39060401916504,514200,LECO
2008-01-09,31.30500030517578,31.920000076293945,30.670000076293945,31.6200008392334,24.421499252319336,550000,LECO
2008-01-10,31.329999923706055,32.375,31.010000228881836,32.005001068115234,24.71885871887207,418600,LECO
2008-01-11,31.774999618530273,31.889999389648438,30.795000076293945,30.8700008392334,23.842243194580078,411000,LECO
2008-01-14,31.094999313354492,31.5049991607666,30.934999465942383,31.190000534057617,24.08939552307129,456000,LECO
2008-01-15,30.915000915527344,31.530000686645508,29.934999465942383,29.9950008392334,23.166446685791016,555600,LECO
2008-01-16,29.934999465942383,30.405000686645508,29.200000762939453,29.450000762939453,22.745515823364258,475000,LECO
2008-01-17,29.510000228881836,29.75,27.43000030517578,27.459999084472656,21.20854949951172,570000,LECO
2008-01-18,27.4950008392334,28.6299991607666,27.485000610351562,27.844999313354492,21.505908966064453,596800,LECO
2008-01-22,27.084999084472656,28.15999984741211,26.65999984741211,27.799999237060547,21.47115135192871,916000,LECO
2008-01-23,27.174999237060547,29.395000457763672,27.145000457763672,29.235000610351562,22.579463958740234,938800,LECO
2008-01-24,29.364999771118164,30.1200008392334,28.975000381469727,29.954999923706055,23.135543823242188,701200,LECO
2008-01-25,30.229999542236328,31.204999923706055,29.8799991607666,30.079999923706055,23.232099533081055,456000,LECO
2008-01-28,30.020000457763672,30.545000076293945,29.84000015258789,30.40999984741211,23.48696517944336,334400,LECO
2008-01-29,31.145000457763672,31.145000457763672,30.30500030517578,30.610000610351562,23.64143180847168,255800,LECO
2008-01-30,30.549999237060547,31.5,30.385000228881836,30.600000381469727,23.633710861206055,355600,LECO
2008-01-31,30.264999389648438,31.40999984741211,30.264999389648438,30.825000762939453,23.807491302490234,668800,LECO
2008-02-01,30.815000534057617,31.655000686645508,30.579999923706055,31.614999771118164,24.417631149291992,303400,LECO
2008-02-04,31.489999771118164,31.719999313354492,31.139999389648438,31.604999542236328,24.409914016723633,249800,LECO
2008-02-05,31.014999389648438,31.290000915527344,30.295000076293945,30.40999984741211,23.48696517944336,351000,LECO
2008-02-06,30.6299991607666,30.829999923706055,30.329999923706055,30.375,23.459938049316406,406600,LECO
2008-02-07,30.375,30.829999923706055,30.135000228881836,30.600000381469727,23.633710861206055,406800,LECO
2008-02-08,30.59000015258789,31.049999237060547,30.024999618530273,30.69499969482422,23.707080841064453,246600,LECO
2008-02-11,30.65999984741211,31.260000228881836,30.469999313354492,31.065000534057617,23.99285888671875,213000,LECO
2008-02-12,31.2549991607666,31.979999542236328,30.940000534057617,31.405000686645508,24.255449295043945,241600,LECO
2008-02-13,31.729999542236328,32.0,31.56999969482422,31.889999389648438,24.630037307739258,310800,LECO
2008-02-14,32.0,32.0,31.0,31.040000915527344,23.973541259765625,268000,LECO
2008-02-15,30.854999542236328,31.30500030517578,30.735000610351562,31.239999771118164,24.128013610839844,337200,LECO
2008-02-19,31.625,32.0,30.809999465942383,31.25,24.1357364654541,331600,LECO
2008-02-20,31.165000915527344,32.040000915527344,31.0049991607666,31.959999084472656,24.684093475341797,420600,LECO
2008-02-21,32.03499984741211,32.125,30.81999969482422,30.905000686645508,23.869279861450195,510800,LECO
2008-02-22,31.94499969482422,33.744998931884766,30.989999771118164,33.57500076293945,25.931432723999023,826600,LECO
2008-02-25,33.46500015258789,33.994998931884766,32.685001373291016,33.5099983215332,25.88123321533203,817800,LECO
2008-02-26,33.32500076293945,34.724998474121094,33.2400016784668,34.60499954223633,26.72694969177246,469000,LECO
2008-02-27,34.41999816894531,35.29999923706055,33.79499816894531,34.959999084472656,27.001134872436523,405800,LECO
2008-02-28,34.709999084472656,34.79999923706055,34.025001525878906,34.18000030517578,26.398698806762695,453400,LECO
2008-02-29,33.8849983215332,34.33000183105469,33.51499938964844,33.56999969482422,25.927576065063477,411200,LECO
2008-03-03,33.505001068115234,34.29499816894531,33.404998779296875,33.80500030517578,26.10907745361328,456600,LECO
2008-03-04,33.38999938964844,33.89500045776367,32.88999938964844,33.42499923706055,25.815576553344727,663800,LECO
2008-03-05,33.595001220703125,34.10499954223633,33.334999084472656,33.65999984741211,25.997085571289062,273000,LECO
2008-03-06,33.415000915527344,33.71500015258789,32.849998474121094,32.849998474121094,25.371477127075195,444800,LECO
2008-03-07,32.619998931884766,33.17499923706055,32.224998474121094,32.60499954223633,25.1822566986084,531600,LECO
2008-03-10,32.599998474121094,33.0,32.275001525878906,32.33000183105469,24.96986198425293,698400,LECO
2008-03-11,33.02000045776367,33.42499923706055,32.810001373291016,33.26499938964844,25.692007064819336,813000,LECO
2008-03-12,33.39500045776367,33.86000061035156,32.994998931884766,33.45000076293945,25.83488655090332,417200,LECO
2008-03-13,33.095001220703125,33.57500076293945,32.52000045776367,33.279998779296875,25.703594207763672,698200,LECO
2008-03-14,33.48500061035156,33.48500061035156,31.790000915527344,32.209999084472656,24.87718963623047,654800,LECO
2008-03-17,31.780000686645508,32.375,31.59000015258789,31.959999084472656,24.684093475341797,465600,LECO
2008-03-18,32.560001373291016,33.11000061035156,32.11000061035156,33.040000915527344,25.51824188232422,380000,LECO
2008-03-19,33.13999938964844,33.2400016784668,32.564998626708984,32.625,25.197702407836914,595800,LECO
2008-03-20,32.625,33.060001373291016,32.474998474121094,32.82500076293945,25.35218048095703,504600,LECO
2008-03-24,32.845001220703125,33.970001220703125,32.564998626708984,33.42499923706055,25.815576553344727,306600,LECO
2008-03-25,33.45500183105469,34.724998474121094,33.345001220703125,34.4900016784668,26.638132095336914,492000,LECO
2008-03-26,34.40999984741211,34.5099983215332,33.875,34.130001068115234,26.36008071899414,581000,LECO
2008-03-27,34.064998626708984,34.10499954223633,32.98500061035156,33.04999923706055,25.619781494140625,477000,LECO
2008-03-28,32.96500015258789,32.96500015258789,32.27000045776367,32.34000015258789,25.069408416748047,522200,LECO
2008-03-31,32.400001525878906,32.790000915527344,31.635000228881836,32.244998931884766,24.99576187133789,689000,LECO
2008-04-01,32.80500030517578,33.435001373291016,32.03499984741211,33.38999938964844,25.88334083557129,362000,LECO
2008-04-02,33.46500015258789,34.529998779296875,32.79999923706055,33.98500061035156,26.344581604003906,521000,LECO
2008-04-03,33.70000076293945,34.154998779296875,33.275001525878906,33.525001525878906,25.98798942565918,566400,LECO
2008-04-04,33.474998474121094,34.720001220703125,33.3849983215332,34.625,26.840696334838867,507200,LECO
2008-04-07,36.8650016784668,36.96500015258789,35.13999938964844,35.290000915527344,27.356189727783203,625600,LECO
2008-04-08,35.11000061035156,35.71500015258789,34.915000915527344,35.45000076293945,27.480220794677734,414800,LECO
2008-04-09,35.42499923706055,35.66999816894531,34.834999084472656,34.994998931884766,27.127513885498047,295800,LECO
2008-04-10,34.95000076293945,35.67499923706055,34.654998779296875,35.540000915527344,27.549989700317383,339000,LECO
2008-04-11,35.224998474121094,35.4900016784668,34.5,34.834999084472656,27.00347900390625,289800,LECO
2008-04-14,34.76499938964844,35.224998474121094,34.44499969482422,34.834999084472656,27.00347900390625,186200,LECO
2008-04-15,35.10499954223633,35.279998779296875,34.59000015258789,34.939998626708984,27.08488655090332,257200,LECO
2008-04-16,35.1349983215332,36.220001220703125,35.029998779296875,36.20000076293945,28.06160545349121,465600,LECO
2008-04-17,35.9900016784668,36.15999984741211,35.68000030517578,35.96500015258789,27.87944221496582,278400,LECO
2008-04-18,36.48500061035156,36.66999816894531,36.220001220703125,36.564998626708984,28.344558715820312,295800,LECO
2008-04-21,36.209999084472656,37.26499938964844,36.0,37.20000076293945,28.836807250976562,385600,LECO
2008-04-22,37.04999923706055,37.33000183105469,36.685001373291016,37.10499954223633,28.763132095336914,511000,LECO
2008-04-23,37.5,37.5,36.76499938964844,37.0099983215332,28.689504623413086,651200,LECO
2008-04-24,36.89500045776367,37.439998626708984,36.14500045776367,37.04499816894531,28.716630935668945,391000,LECO
2008-04-25,37.21500015258789,38.0,36.95000076293945,37.974998474121094,29.43756103515625,512000,LECO
2008-04-28,37.974998474121094,38.20500183105469,37.54999923706055,38.20500183105469,29.615859985351562,483400,LECO
2008-04-29,38.224998474121094,38.38999938964844,37.95500183105469,38.06999969482422,29.511201858520508,334800,LECO
2008-04-30,38.029998779296875,38.415000915527344,37.880001068115234,38.150001525878906,29.57321548461914,312000,LECO
2008-05-01,38.165000915527344,39.04499816894531,37.90999984741211,38.91999816894531,30.17011070251465,270600,LECO
2008-05-02,39.13999938964844,39.185001373291016,38.560001373291016,38.86000061035156,30.12359619140625,342600,LECO
2008-05-05,38.974998474121094,39.45000076293945,38.52000045776367,39.2599983215332,30.43365478515625,430800,LECO
2008-05-06,39.1150016784668,39.599998474121094,38.91999816894531,39.255001068115234,30.429792404174805,347800,LECO
2008-05-07,39.27000045776367,39.630001068115234,38.73500061035156,38.80500030517578,30.080978393554688,308800,LECO
2008-05-08,38.98500061035156,38.98500061035156,38.375,38.939998626708984,30.18560791015625,341000,LECO
2008-05-09,38.564998626708984,39.505001068115234,38.4900016784668,39.224998474121094,30.40653419494629,339400,LECO
2008-05-12,39.125,39.525001525878906,38.43000030517578,38.584999084472656,29.910411834716797,658400,LECO
2008-05-13,38.66999816894531,39.04499816894531,38.20500183105469,39.03499984741211,30.25925636291504,944000,LECO
2008-05-14,39.060001373291016,39.189998626708984,37.970001220703125,38.20500183105469,29.615859985351562,582000,LECO
2008-05-15,38.30500030517578,38.56999969482422,37.80500030517578,38.3650016784668,29.73987579345703,667800,LECO
2008-05-16,38.54499816894531,38.619998931884766,38.084999084472656,38.57500076293945,29.902671813964844,892600,LECO
2008-05-19,38.66999816894531,40.05500030517578,38.584999084472656,39.54999923706055,30.65845489501953,693800,LECO
2008-05-20,39.5,39.625,39.060001373291016,39.52000045776367,30.63521957397461,483000,LECO
2008-05-21,39.6150016784668,40.029998779296875,39.040000915527344,39.154998779296875,30.352285385131836,400000,LECO
2008-05-22,39.154998779296875,40.474998474121094,39.150001525878906,40.30500030517578,31.24372673034668,716600,LECO
2008-05-23,40.084999084472656,40.375,39.255001068115234,39.314998626708984,30.476314544677734,621800,LECO
2008-05-27,39.29999923706055,40.095001220703125,39.22999954223633,40.084999084472656,31.073190689086914,387800,LECO
2008-05-28,40.165000915527344,40.89500045776367,40.0099983215332,40.88999938964844,31.697214126586914,415800,LECO
2008-05-29,40.94499969482422,41.45500183105469,40.52000045776367,40.64500045776367,31.507280349731445,737000,LECO
2008-05-30,40.38999938964844,41.275001525878906,40.095001220703125,41.2400016784668,31.968523025512695,794200,LECO
2008-06-02,41.21500015258789,41.46500015258789,40.65999984741211,41.0,31.78249740600586,470400,LECO
2008-06-03,41.165000915527344,41.43000030517578,40.19499969482422,40.70500183105469,31.553815841674805,854400,LECO
2008-06-04,40.63999938964844,41.244998931884766,40.0,40.439998626708984,31.348384857177734,432400,LECO
2008-06-05,40.53499984741211,41.70500183105469,40.18000030517578,41.70500183105469,32.3289909362793,324000,LECO
2008-06-06,41.29999923706055,41.345001220703125,40.060001373291016,40.060001373291016,31.05381202697754,294000,LECO
2008-06-09,40.474998474121094,41.22999954223633,40.2400016784668,40.505001068115234,31.398771286010742,334600,LECO
2008-06-10,40.150001525878906,40.7400016784668,40.08000183105469,40.16999816894531,31.139087677001953,329000,LECO
2008-06-11,40.224998474121094,40.470001220703125,39.7599983215332,39.77000045776367,30.82901382446289,412600,LECO
2008-06-12,39.900001525878906,41.025001525878906,39.900001525878906,40.16999816894531,31.139087677001953,381200,LECO
2008-06-13,40.540000915527344,41.2400016784668,39.994998931884766,41.2400016784668,31.968523025512695,252600,LECO
2008-06-16,40.95000076293945,41.90999984741211,40.619998931884766,41.90999984741211,32.4879150390625,521000,LECO
2008-06-17,41.95500183105469,42.14500045776367,41.54999923706055,41.70000076293945,32.32512283325195,590800,LECO
2008-06-18,41.57500076293945,42.564998626708984,41.57500076293945,42.380001068115234,32.852237701416016,588400,LECO
2008-06-19,42.255001068115234,42.869998931884766,42.03499984741211,42.720001220703125,33.11579895019531,325000,LECO
2008-06-20,42.5099983215332,42.5099983215332,41.43000030517578,41.630001068115234,32.27085494995117,691000,LECO
2008-06-23,41.90999984741211,43.48500061035156,41.90999984741211,43.14500045776367,33.44526672363281,527600,LECO
2008-06-24,43.1150016784668,43.45500183105469,42.04999923706055,42.26499938964844,32.763084411621094,506000,LECO
2008-06-25,42.4900016784668,42.564998626708984,41.72999954223633,42.1150016784668,32.64681625366211,560400,LECO
2008-06-26,41.630001068115234,42.43000030517578,40.13999938964844,40.150001525878906,31.216230392456055,616200,LECO
2008-06-27,40.880001068115234,40.880001068115234,39.709999084472656,39.91999816894531,31.037412643432617,1166200,LECO
2008-06-30,39.459999084472656,40.369998931884766,39.209999084472656,39.349998474121094,30.594240188598633,860400,LECO
2008-07-01,38.744998931884766,39.04499816894531,38.185001373291016,38.6150016784668,30.022781372070312,629000,LECO
2008-07-02,38.54999923706055,39.560001373291016,36.474998474121094,36.474998474121094,28.358951568603516,678000,LECO
2008-07-03,36.494998931884766,37.334999084472656,36.09000015258789,36.400001525878906,28.300649642944336,376200,LECO
2008-07-07,36.529998779296875,37.29499816894531,36.15999984741211,36.38999938964844,28.292869567871094,566400,LECO
2008-07-08,36.28499984741211,36.619998931884766,35.3650016784668,36.349998474121094,28.26176643371582,634000,LECO
2008-07-09,36.279998779296875,36.91999816894531,36.060001373291016,36.19499969482422,28.141252517700195,380800,LECO
2008-07-10,36.290000915527344,36.69499969482422,35.834999084472656,36.31999969482422,28.23845672607422,764400,LECO
2008-07-11,35.994998931884766,36.0,35.0099983215332,35.45500183105469,27.5659236907959,667400,LECO
2008-07-14,35.744998931884766,35.810001373291016,35.02000045776367,35.22999954223633,27.390989303588867,471200,LECO
2008-07-15,34.78499984741211,35.11000061035156,34.404998779296875,34.7400016784668,27.010007858276367,605400,LECO
2008-07-16,34.880001068115234,34.880001068115234,34.064998626708984,34.5,26.823413848876953,708000,LECO
2008-07-17,34.7400016784668,35.03499984741211,34.26499938964844,34.80500030517578,27.060544967651367,1106800,LECO
2008-07-18,34.994998931884766,35.654998779296875,34.875,35.525001525878906,27.620342254638672,485400,LECO
2008-07-21,35.709999084472656,36.584999084472656,35.3849983215332,36.51499938964844,28.390043258666992,644000,LECO
2008-07-22,36.09000015258789,37.5,36.060001373291016,37.21500015258789,28.934307098388672,879200,LECO
2008-07-23,42.599998474121094,43.23500061035156,39.70000076293945,40.849998474121094,31.76047134399414,1760000,LECO
2008-07-24,41.0,41.42499923706055,39.69499969482422,39.82500076293945,30.963552474975586,852800,LECO
2008-07-25,40.20000076293945,40.95000076293945,39.13999938964844,39.25,30.516498565673828,879400,LECO
2008-07-28,39.9900016784668,40.01499938964844,39.27000045776367,39.84000015258789,30.975208282470703,700400,LECO
2008-07-29,39.869998931884766,40.619998931884766,39.80500030517578,40.220001220703125,31.270660400390625,545800,LECO
2008-07-30,40.314998626708984,41.224998474121094,39.86000061035156,40.974998474121094,31.857646942138672,572600,LECO
2008-07-31,40.64500045776367,40.69499969482422,40.09000015258789,40.17499923706055,31.23567771911621,735800,LECO
2008-08-01,39.23500061035156,40.39500045776367,39.23500061035156,39.95000076293945,31.06072235107422,465200,LECO
2008-08-04,40.1150016784668,40.32500076293945,39.334999084472656,39.529998779296875,30.73418617248535,552200,LECO
2008-08-05,39.560001373291016,40.375,38.70000076293945,39.119998931884766,30.415414810180664,681600,LECO
2008-08-06,39.400001525878906,40.90999984741211,38.65999984741211,40.560001373291016,31.535003662109375,678000,LECO
2008-08-07,40.39500045776367,40.994998931884766,39.71500015258789,39.900001525878906,31.02185821533203,805200,LECO
2008-08-08,39.78499984741211,40.880001068115234,39.78499984741211,40.595001220703125,31.562206268310547,578600,LECO
2008-08-11,40.595001220703125,40.994998931884766,40.244998931884766,40.619998931884766,31.5816593170166,539400,LECO
2008-08-12,40.46500015258789,40.625,39.625,40.01499938964844,31.111268997192383,464000,LECO
2008-08-13,39.83000183105469,40.47999954223633,39.41999816894531,40.439998626708984,31.441701889038086,791400,LECO
2008-08-14,40.3650016784668,40.970001220703125,39.880001068115234,40.93000030517578,31.82266616821289,542600,LECO
2008-08-15,41.04999923706055,41.68000030517578,40.73500061035156,41.03499984741211,31.904315948486328,513800,LECO
2008-08-18,41.35499954223633,41.560001373291016,40.564998626708984,40.84000015258789,31.752710342407227,387200,LECO
2008-08-19,40.654998779296875,41.20000076293945,39.66999816894531,40.099998474121094,31.177352905273438,364200,LECO
2008-08-20,40.400001525878906,40.869998931884766,39.98500061035156,40.72999954223633,31.667177200317383,569800,LECO
2008-08-21,40.40999984741211,41.029998779296875,40.29999923706055,40.564998626708984,31.538883209228516,314000,LECO
2008-08-22,40.68000030517578,40.900001525878906,40.43000030517578,40.71500015258789,31.655519485473633,206200,LECO
2008-08-25,40.380001068115234,40.709999084472656,39.3849983215332,39.79499816894531,30.940229415893555,499600,LECO
2008-08-26,39.79999923706055,40.1150016784668,38.875,39.415000915527344,30.64478302001953,529400,LECO
2008-08-27,39.42499923706055,40.369998931884766,38.67499923706055,39.97999954223633,31.084068298339844,497400,LECO
2008-08-28,40.11000061035156,41.42499923706055,39.90999984741211,41.099998474121094,31.954853057861328,689400,LECO
2008-08-29,40.994998931884766,41.494998931884766,40.125,40.3849983215332,31.398944854736328,309800,LECO
2008-09-02,40.849998474121094,41.470001220703125,39.82500076293945,40.005001068115234,31.10350227355957,451400,LECO
2008-09-03,40.01499938964844,40.369998931884766,38.80500030517578,39.185001373291016,30.46595573425293,625600,LECO
2008-09-04,38.78499984741211,38.9900016784668,36.665000915527344,37.095001220703125,28.84099578857422,1095200,LECO
2008-09-05,36.755001068115234,37.525001525878906,36.05500030517578,36.875,28.669950485229492,738000,LECO
2008-09-08,38.33000183105469,38.33000183105469,36.349998474121094,36.95000076293945,28.728271484375,727800,LECO
2008-09-09,36.95500183105469,37.56999969482422,35.06999969482422,35.1349983215332,27.317108154296875,735800,LECO
2008-09-10,35.3650016784668,36.185001373291016,34.875,35.595001220703125,27.674768447875977,930800,LECO
2008-09-11,35.44499969482422,35.755001068115234,34.5,35.5,27.600908279418945,763000,LECO
2008-09-12,35.185001373291016,35.625,34.86000061035156,35.15999984741211,27.336563110351562,720600,LECO
2008-09-15,33.63999938964844,35.029998779296875,33.3849983215332,34.2599983215332,26.636817932128906,821200,LECO
2008-09-16,33.53499984741211,34.665000915527344,33.279998779296875,34.665000915527344,26.951698303222656,940800,LECO
2008-09-17,34.279998779296875,35.09000015258789,33.5099983215332,33.54499816894531,26.08091163635254,1118800,LECO
2008-09-18,33.935001373291016,35.165000915527344,32.310001373291016,34.915000915527344,27.146068572998047,959400,LECO
2008-09-19,35.67499923706055,37.33000183105469,34.68000030517578,36.56999969482422,28.432825088500977,818800,LECO
2008-09-22,36.16999816894531,37.04499816894531,35.290000915527344,35.369998931884766,27.499832153320312,726600,LECO
2008-09-23,35.29499816894531,35.29499816894531,33.64500045776367,33.88999938964844,26.34914779663086,569600,LECO
2008-09-24,34.01499938964844,34.4900016784668,33.15999984741211,33.375,25.948741912841797,555800,LECO
2008-09-25,33.25,34.314998626708984,32.75,33.5,26.045921325683594,655600,LECO
2008-09-26,33.0,33.82500076293945,32.650001525878906,33.20000076293945,25.909353256225586,503600,LECO
2008-09-29,32.68000030517578,32.68000030517578,29.889999389648438,30.360000610351562,23.693012237548828,935000,LECO
2008-09-30,30.049999237060547,32.154998779296875,30.0,32.154998779296875,25.093822479248047,915600,LECO
2008-10-01,32.025001525878906,32.55500030517578,30.475000381469727,30.834999084472656,24.063703536987305,1173800,LECO
2008-10-02,30.735000610351562,30.735000610351562,29.415000915527344,29.625,23.11941909790039,1401800,LECO
2008-10-03,30.114999771118164,30.614999771118164,28.5,28.545000076293945,22.276588439941406,1498800,LECO
2008-10-06,27.799999237060547,28.5,26.125,27.864999771118164,21.745908737182617,1298000,LECO
2008-10-07,27.7549991607666,28.649999618530273,26.5,26.69499969482422,20.832839965820312,1449600,LECO
2008-10-08,26.190000534057617,27.885000228881836,25.614999771118164,26.739999771118164,20.867956161499023,1304600,LECO
2008-10-09,27.19499969482422,27.90999984741211,25.315000534057617,25.655000686645508,20.021217346191406,1501400,LECO
2008-10-10,24.135000228881836,25.774999618530273,23.524999618530273,25.545000076293945,19.935373306274414,1980200,LECO
2008-10-13,26.229999542236328,29.079999923706055,26.0,29.05500030517578,22.674585342407227,1184000,LECO
2008-10-14,29.69499969482422,30.4950008392334,27.165000915527344,27.4950008392334,21.4571533203125,936800,LECO
2008-10-15,27.399999618530273,27.655000686645508,24.790000915527344,24.969999313354492,19.48663902282715,1088400,LECO
2008-10-16,24.934999465942383,26.0,23.684999465942383,26.0,20.290456771850586,755200,LECO
2008-10-17,25.21500015258789,26.655000686645508,24.68000030517578,25.709999084472656,20.06414031982422,535800,LECO
2008-10-20,25.329999923706055,26.329999923706055,24.979999542236328,25.959999084472656,20.259244918823242,1007400,LECO
2008-10-21,25.825000762939453,26.309999465942383,24.610000610351562,24.7549991607666,19.318859100341797,979800,LECO
2008-10-22,24.354999542236328,24.674999237060547,20.309999465942383,20.829999923706055,16.255779266357422,2467800,LECO
2008-10-23,20.635000228881836,21.440000534057617,18.8799991607666,19.21500015258789,14.995429992675781,1847800,LECO
2008-10-24,17.600000381469727,19.0,17.454999923706055,18.40999984741211,14.367203712463379,1492000,LECO
2008-10-27,18.149999618530273,18.635000228881836,17.700000762939453,17.905000686645508,13.973101615905762,874800,LECO
2008-10-28,18.295000076293945,19.649999618530273,17.344999313354492,19.565000534057617,15.268566131591797,1149800,LECO
2008-10-29,19.549999237060547,21.239999771118164,19.1299991607666,20.405000686645508,15.924104690551758,1147200,LECO
2008-10-30,21.059999465942383,21.709999084472656,20.579999923706055,21.645000457763672,16.89180564880371,1160000,LECO
2008-10-31,21.7450008392334,22.049999237060547,21.225000381469727,21.575000762939453,16.837175369262695,952400,LECO
2008-11-03,21.4950008392334,22.094999313354492,21.200000762939453,21.799999237060547,17.012767791748047,670600,LECO
2008-11-04,22.290000915527344,23.450000762939453,21.764999389648438,23.135000228881836,18.054611206054688,1121400,LECO
2008-11-05,23.110000610351562,23.375,21.725000381469727,21.760000228881836,16.98155403137207,987400,LECO
2008-11-06,21.645000457763672,22.135000228881836,20.530000686645508,20.565000534057617,16.04897117614746,626600,LECO
2008-11-07,20.809999465942383,21.7549991607666,20.53499984741211,21.190000534057617,16.536725997924805,861200,LECO
2008-11-10,21.46500015258789,22.225000381469727,20.8799991607666,21.040000915527344,16.419666290283203,977200,LECO
2008-11-11,20.815000534057617,20.815000534057617,19.530000686645508,19.844999313354492,15.487082481384277,884000,LECO
2008-11-12,19.514999389648438,19.565000534057617,18.375,18.375,14.33989429473877,991400,LECO
2008-11-13,18.479999542236328,20.875,17.719999313354492,20.8700008392334,16.2869930267334,1437800,LECO
2008-11-14,20.4950008392334,20.4950008392334,19.05500030517578,19.30500030517578,15.065664291381836,1055000,LECO
2008-11-17,19.155000686645508,19.889999389648438,18.600000381469727,19.190000534057617,14.975922584533691,858600,LECO
2008-11-18,19.21500015258789,19.559999465942383,18.415000915527344,19.260000228881836,15.030546188354492,1184000,LECO
2008-11-19,19.260000228881836,19.454999923706055,18.06999969482422,18.079999923706055,14.109672546386719,1178800,LECO
2008-11-20,17.780000686645508,18.520000457763672,17.19499969482422,17.325000762939453,13.520465850830078,1042200,LECO
2008-11-21,17.770000457763672,19.104999542236328,17.135000228881836,19.104999542236328,14.909584999084473,1188800,LECO
2008-11-24,19.0,20.520000457763672,18.815000534057617,19.969999313354492,15.584630012512207,1040800,LECO
2008-11-25,20.264999389648438,20.81999969482422,19.639999389648438,20.75,16.1933536529541,908400,LECO
2008-11-26,20.209999084472656,22.360000610351562,19.959999084472656,22.229999542236328,17.348339080810547,817600,LECO
2008-11-28,21.9950008392334,22.885000228881836,21.809999465942383,22.844999313354492,17.82828712463379,557800,LECO
2008-12-01,22.174999237060547,22.690000534057617,20.260000228881836,20.295000076293945,15.838268280029297,1047400,LECO
2008-12-02,20.78499984741211,21.979999542236328,20.389999389648438,21.795000076293945,17.00887107849121,782400,LECO
2008-12-03,21.260000228881836,22.440000534057617,20.725000381469727,21.985000610351562,17.157140731811523,880000,LECO
2008-12-04,21.635000228881836,23.145000457763672,21.530000686645508,22.295000076293945,17.399066925048828,1166400,LECO
2008-12-05,21.69499969482422,23.165000915527344,20.969999313354492,23.05500030517578,17.99217414855957,1329200,LECO
2008-12-08,21.450000762939453,24.344999313354492,21.450000762939453,23.329999923706055,18.2067813873291,2048200,LECO
2008-12-09,23.475000381469727,24.489999771118164,22.53499984741211,23.610000610351562,18.425294876098633,1485600,LECO
2008-12-10,23.75,23.915000915527344,23.020000457763672,23.68000030517578,18.479923248291016,1010200,LECO
2008-12-11,23.420000076293945,23.954999923706055,22.625,22.860000610351562,17.839990615844727,771800,LECO
2008-12-12,22.024999618530273,23.25,21.524999618530273,23.03499984741211,17.9765682220459,617200,LECO
2008-12-15,23.21500015258789,23.21500015258789,21.850000381469727,22.21500015258789,17.336637496948242,895200,LECO
2008-12-16,22.395000457763672,23.684999465942383,21.8799991607666,23.670000076293945,18.472122192382812,547400,LECO
2008-12-17,23.40999984741211,24.329999923706055,23.270000457763672,24.2450008392334,18.920854568481445,530400,LECO
2008-12-18,24.329999923706055,24.395000457763672,23.5,23.795000076293945,18.56966781616211,715600,LECO
2008-12-19,24.0,24.375,23.604999542236328,24.104999542236328,18.811595916748047,845800,LECO
2008-12-22,24.350000381469727,24.350000381469727,22.825000762939453,23.309999465942383,18.191171646118164,683000,LECO
2008-12-23,23.4950008392334,23.989999771118164,22.934999465942383,23.19499969482422,18.101430892944336,424600,LECO
2008-12-24,23.15999984741211,23.405000686645508,22.81999969482422,23.260000228881836,18.152156829833984,185400,LECO
2008-12-26,23.325000762939453,23.610000610351562,22.93000030517578,23.584999084472656,18.405784606933594,217600,LECO
2008-12-29,23.46500015258789,23.530000686645508,22.94499969482422,23.530000686645508,18.46858024597168,355400,LECO
2008-12-30,23.5,24.485000610351562,23.5,24.450000762939453,19.190677642822266,378600,LECO
2008-12-31,24.59000015258789,25.75,24.03499984741211,25.46500015258789,19.98734474182129,457800,LECO
2009-01-02,25.59000015258789,26.979999542236328,25.125,26.739999771118164,20.98809242248535,503000,LECO
2009-01-05,26.600000381469727,26.774999618530273,25.915000915527344,26.530000686645508,20.823266983032227,543000,LECO
2009-01-06,26.68000030517578,28.110000610351562,26.5049991607666,27.520000457763672,21.60030746459961,692000,LECO
2009-01-07,26.834999084472656,27.31999969482422,25.440000534057617,25.690000534057617,20.163949966430664,718800,LECO
2009-01-08,25.65999984741211,25.68000030517578,24.885000228881836,25.434999465942383,19.96380043029785,738000,LECO
2009-01-09,25.084999084472656,25.165000915527344,24.104999542236328,24.764999389648438,19.437917709350586,515800,LECO
2009-01-12,24.81999969482422,24.854999542236328,23.34000015258789,23.764999389648438,18.653030395507812,561600,LECO
2009-01-13,23.725000381469727,24.18000030517578,23.489999771118164,24.114999771118164,18.927743911743164,594400,LECO
2009-01-14,23.78499984741211,24.114999771118164,22.454999923706055,22.704999923706055,17.8210391998291,714000,LECO
2009-01-15,22.610000610351562,23.575000762939453,21.93000030517578,23.434999465942383,18.394012451171875,605200,LECO
2009-01-16,23.274999618530273,23.799999237060547,22.315000534057617,23.28499984741211,18.276273727416992,772600,LECO
2009-01-20,23.06999969482422,23.34000015258789,21.78499984741211,21.875,17.169578552246094,478800,LECO
2009-01-21,22.1299991607666,23.424999237060547,22.014999389648438,23.3700008392334,18.34299087524414,653800,LECO
2009-01-22,22.940000534057617,23.44499969482422,21.78499984741211,22.295000076293945,17.499231338500977,884400,LECO
2009-01-23,21.719999313354492,23.100000381469727,21.360000610351562,22.459999084472656,17.628738403320312,887200,LECO
2009-01-26,21.010000228881836,21.80500030517578,20.2549991607666,20.90999984741211,16.41214942932129,1340400,LECO
2009-01-27,21.09000015258789,21.809999465942383,21.09000015258789,21.709999084472656,17.040071487426758,723600,LECO
2009-01-28,22.135000228881836,22.704999923706055,21.93000030517578,22.3700008392334,17.558101654052734,611800,LECO
2009-01-29,22.25,22.25,20.520000457763672,20.684999465942383,16.235551834106445,1490000,LECO
2009-01-30,20.549999237060547,20.770000457763672,19.700000762939453,20.584999084472656,16.157062530517578,1219400,LECO
2009-02-02,20.344999313354492,20.709999084472656,19.875,20.575000762939453,16.149211883544922,790000,LECO
2009-02-03,20.5049991607666,21.0,20.354999542236328,20.864999771118164,16.376832962036133,640200,LECO
2009-02-04,20.94499969482422,21.719999313354492,20.725000381469727,21.270000457763672,16.694717407226562,597600,LECO
2009-02-05,21.125,21.850000381469727,20.924999237060547,21.450000762939453,16.835994720458984,365000,LECO
2009-02-06,21.09000015258789,22.44499969482422,21.09000015258789,22.375,17.562015533447266,415800,LECO
2009-02-09,22.440000534057617,22.530000686645508,22.110000610351562,22.170000076293945,17.401123046875,529600,LECO
2009-02-10,22.045000076293945,22.084999084472656,21.059999465942383,21.2450008392334,16.675090789794922,627400,LECO
2009-02-11,21.395000457763672,21.860000610351562,21.264999389648438,21.485000610351562,16.86347007751465,512600,LECO
2009-02-12,21.145000457763672,21.46500015258789,20.545000076293945,21.3700008392334,16.773208618164062,492400,LECO
2009-02-13,21.325000762939453,22.135000228881836,21.325000762939453,21.825000762939453,17.130325317382812,487800,LECO
2009-02-17,20.7549991607666,21.530000686645508,20.454999923706055,20.5,16.090347290039062,559800,LECO
2009-02-18,20.565000534057617,21.059999465942383,20.03499984741211,20.424999237060547,16.031475067138672,834600,LECO
2009-02-19,20.604999542236328,20.93000030517578,19.94499969482422,20.110000610351562,15.7842378616333,658000,LECO
2009-02-20,20.045000076293945,20.045000076293945,19.024999618530273,19.170000076293945,15.046433448791504,1605200,LECO
2009-02-23,19.405000686645508,19.920000076293945,16.875,16.915000915527344,13.276497840881348,2816000,LECO
2009-02-24,16.915000915527344,16.989999771118164,15.789999961853027,16.344999313354492,12.829108238220215,2313000,LECO
2009-02-25,16.280000686645508,16.3700008392334,15.364999771118164,15.529999732971191,12.189419746398926,1397400,LECO
2009-02-26,15.71500015258789,15.944999694824219,15.274999618530273,15.545000076293945,12.201192855834961,1304400,LECO
2009-02-27,15.210000038146973,15.845000267028809,15.125,15.364999771118164,12.059908866882324,1391800,LECO
2009-03-02,14.829999923706055,14.9350004196167,13.970000267028809,14.255000114440918,11.188676834106445,1931600,LECO
2009-03-03,14.460000038146973,14.460000038146973,13.774999618530273,14.045000076293945,11.02385139465332,1444400,LECO
2009-03-04,14.600000381469727,14.975000381469727,14.100000381469727,14.524999618530273,11.400598526000977,1043600,LECO
2009-03-05,14.869999885559082,14.875,14.010000228881836,14.154999732971191,11.110188484191895,1239000,LECO
2009-03-06,14.265000343322754,14.720000267028809,13.274999618530273,13.654999732971191,10.71773910522461,806800,LECO
2009-03-09,13.5,14.074999809265137,13.15999984741211,13.255000114440918,10.403780937194824,654800,LECO
2009-03-10,13.6850004196167,14.390000343322754,13.335000038146973,14.380000114440918,11.286788940429688,1386400,LECO
2009-03-11,14.449999809265137,14.795000076293945,14.239999771118164,14.5649995803833,11.43199348449707,1084600,LECO
2009-03-12,14.585000038146973,15.46500015258789,14.1899995803833,15.414999961853027,12.099154472351074,757600,LECO
2009-03-13,15.395000457763672,15.875,15.125,15.369999885559082,12.063834190368652,807400,LECO
2009-03-16,15.484999656677246,15.760000228881836,15.09000015258789,15.229999542236328,11.953948974609375,1050800,LECO
2009-03-17,15.170000076293945,15.5649995803833,14.875,15.539999961853027,12.197265625,494600,LECO
2009-03-18,15.4350004196167,16.270000457763672,15.104999542236328,16.190000534057617,12.707451820373535,637800,LECO
2009-03-19,16.274999618530273,16.489999771118164,15.824999809265137,16.40999984741211,12.880125999450684,725200,LECO
2009-03-20,16.25,16.524999618530273,15.545000076293945,15.704999923706055,12.326775550842285,691000,LECO
2009-03-23,16.06999969482422,16.825000762939453,15.979999542236328,16.790000915527344,13.178390502929688,448400,LECO
2009-03-24,16.424999237060547,16.809999465942383,16.170000076293945,16.40999984741211,12.880125999450684,743600,LECO
2009-03-25,16.485000610351562,16.885000228881836,15.949999809265137,16.530000686645508,12.974311828613281,996000,LECO
2009-03-26,16.684999465942383,17.405000686645508,16.350000381469727,17.350000381469727,13.617927551269531,1038000,LECO
2009-03-27,17.350000381469727,17.350000381469727,16.709999084472656,16.844999313354492,13.325237274169922,456200,LECO
2009-03-30,16.5,16.670000076293945,15.520000457763672,15.789999961853027,12.490681648254395,555000,LECO
2009-03-31,15.925000190734863,16.315000534057617,15.710000038146973,15.845000267028809,12.534189224243164,834600,LECO
2009-04-01,15.914999961853027,16.485000610351562,15.4399995803833,16.3700008392334,12.94948959350586,608400,LECO
2009-04-02,16.420000076293945,17.899999618530273,16.420000076293945,17.510000228881836,13.85129165649414,834600,LECO
2009-04-03,17.514999389648438,18.344999313354492,17.334999084472656,18.309999465942383,14.484127044677734,765600,LECO
2009-04-06,18.06999969482422,18.395000457763672,17.559999465942383,17.864999771118164,14.132102966308594,685800,LECO
2009-04-07,17.6200008392334,17.809999465942383,17.145000457763672,17.43000030517578,13.788000106811523,609200,LECO
2009-04-08,17.600000381469727,17.8799991607666,16.915000915527344,17.15999984741211,13.574420928955078,797400,LECO
2009-04-09,17.549999237060547,18.934999465942383,17.514999389648438,18.674999237060547,14.77286148071289,953400,LECO
2009-04-13,18.454999923706055,18.454999923706055,17.635000228881836,18.014999389648438,14.250763893127441,600400,LECO
2009-04-14,17.950000762939453,18.079999923706055,17.545000076293945,17.655000686645508,13.96599006652832,651600,LECO
2009-04-15,17.575000762939453,18.260000228881836,17.274999618530273,17.90999984741211,14.167710304260254,774200,LECO
2009-04-16,18.139999389648438,19.65999984741211,17.96500015258789,19.44499969482422,15.381973266601562,901800,LECO
2009-04-17,19.375,19.600000381469727,19.190000534057617,19.375,15.3265962600708,511600,LECO
2009-04-20,19.084999084472656,19.334999084472656,18.399999618530273,18.725000381469727,14.812409400939941,702400,LECO
2009-04-21,18.55500030517578,18.975000381469727,18.239999771118164,18.7450008392334,14.828227996826172,999400,LECO
2009-04-22,18.510000228881836,20.0,18.170000076293945,19.510000228881836,15.433384895324707,865400,LECO
2009-04-23,19.514999389648438,19.735000610351562,19.040000915527344,19.34000015258789,15.298905372619629,935000,LECO
2009-04-24,19.610000610351562,21.114999771118164,19.5049991607666,20.719999313354492,16.390562057495117,1569200,LECO
2009-04-27,20.440000534057617,21.049999237060547,20.049999237060547,20.2549991607666,16.022714614868164,1228400,LECO
2009-04-28,19.844999313354492,21.0,19.25,20.200000762939453,15.979212760925293,1197800,LECO
2009-04-29,20.3799991607666,21.979999542236328,20.225000381469727,21.579999923706055,17.070859909057617,867000,LECO
2009-04-30,21.700000762939453,22.905000686645508,21.700000762939453,22.264999389648438,17.61272621154785,1504000,LECO
2009-05-01,21.65999984741211,22.0049991607666,21.325000762939453,21.875,17.304222106933594,1014000,LECO
2009-05-04,20.975000381469727,22.350000381469727,20.549999237060547,22.174999237060547,17.541532516479492,975000,LECO
2009-05-05,22.145000457763672,22.325000762939453,21.299999237060547,21.809999465942383,17.2528018951416,1001800,LECO
2009-05-06,22.1200008392334,22.489999771118164,21.674999237060547,22.454999923706055,17.76302719116211,984800,LECO
2009-05-07,22.655000686645508,22.979999542236328,21.329999923706055,21.600000381469727,17.08668327331543,1146200,LECO
2009-05-08,22.010000228881836,22.53499984741211,21.395000457763672,22.3700008392334,17.69578742980957,812200,LECO
2009-05-11,21.985000610351562,22.295000076293945,21.625,21.899999618530273,17.32399559020996,469000,LECO
2009-05-12,22.389999389648438,22.389999389648438,20.905000686645508,21.389999389648438,16.920560836791992,723200,LECO
2009-05-13,21.079999923706055,21.079999923706055,20.25,20.350000381469727,16.097875595092773,715000,LECO
2009-05-14,20.479999542236328,20.795000076293945,20.145000457763672,20.56999969482422,16.27189826965332,726000,LECO
2009-05-15,20.354999542236328,20.795000076293945,20.03499984741211,20.184999465942383,15.967350959777832,747200,LECO
2009-05-18,20.344999313354492,20.860000610351562,20.274999618530273,20.7549991607666,16.418237686157227,685800,LECO
2009-05-19,20.844999313354492,21.184999465942383,20.700000762939453,20.959999084472656,16.580411911010742,477000,LECO
2009-05-20,21.075000762939453,21.545000076293945,20.524999618530273,20.549999237060547,16.25608253479004,455800,LECO
2009-05-21,20.90999984741211,20.90999984741211,19.59000015258789,19.905000686645508,15.74585247039795,426200,LECO
2009-05-22,20.084999084472656,20.125,19.645000457763672,19.719999313354492,15.599512100219727,288200,LECO
2009-05-26,19.584999084472656,20.975000381469727,19.3799991607666,20.834999084472656,16.481523513793945,495600,LECO
2009-05-27,20.68000030517578,21.18000030517578,20.395000457763672,20.43000030517578,16.161155700683594,409000,LECO
2009-05-28,20.3799991607666,20.795000076293945,19.864999771118164,20.274999618530273,16.03853988647461,664000,LECO
2009-05-29,20.46500015258789,20.510000228881836,20.020000457763672,20.399999618530273,16.13742446899414,535600,LECO
2009-06-01,20.795000076293945,21.3700008392334,20.280000686645508,21.354999542236328,16.89286994934082,981200,LECO
2009-06-02,21.299999237060547,21.834999084472656,21.290000915527344,21.545000076293945,17.04317283630371,491600,LECO
2009-06-03,21.280000686645508,21.565000534057617,21.079999923706055,21.21500015258789,16.782121658325195,588000,LECO
2009-06-04,21.389999389648438,21.920000076293945,21.19499969482422,21.920000076293945,17.339820861816406,766400,LECO
2009-06-05,21.969999313354492,22.434999465942383,21.75,22.209999084472656,17.569210052490234,859800,LECO
2009-06-08,22.190000534057617,22.350000381469727,21.25,21.53499984741211,17.035261154174805,758200,LECO
2009-06-09,21.649999618530273,22.145000457763672,21.614999771118164,22.024999618530273,17.422876358032227,593000,LECO
2009-06-10,22.155000686645508,22.155000686645508,21.19499969482422,21.514999389648438,17.01944351196289,713200,LECO
2009-06-11,21.485000610351562,21.639999389648438,20.915000915527344,20.94499969482422,16.568544387817383,874000,LECO
2009-06-12,20.84000015258789,20.84000015258789,19.770000457763672,20.440000534057617,16.1690616607666,1002600,LECO
2009-06-15,19.834999084472656,20.065000534057617,19.139999389648438,19.475000381469727,15.405695915222168,834000,LECO
2009-06-16,19.510000228881836,19.610000610351562,18.725000381469727,18.735000610351562,14.82032299041748,896000,LECO
2009-06-17,18.704999923706055,19.075000762939453,18.200000762939453,18.59000015258789,14.705618858337402,1208200,LECO
2009-06-18,18.704999923706055,18.704999923706055,18.190000534057617,18.540000915527344,14.666072845458984,553400,LECO
2009-06-19,18.719999313354492,19.0,18.649999618530273,18.790000915527344,14.863832473754883,662400,LECO
2009-06-22,18.75,18.875,17.920000076293945,17.920000076293945,14.175617218017578,512000,LECO
2009-06-23,18.075000762939453,18.170000076293945,17.665000915527344,18.020000457763672,14.254720687866211,688000,LECO
2009-06-24,18.520000457763672,18.69499969482422,17.81999969482422,17.940000534057617,14.191434860229492,938200,LECO
2009-06-25,17.950000762939453,18.549999237060547,17.920000076293945,18.360000610351562,14.523681640625,638600,LECO
2009-06-26,18.489999771118164,18.579999923706055,18.264999389648438,18.424999237060547,14.683061599731445,1783400,LECO
2009-06-29,18.614999771118164,18.75,18.274999618530273,18.364999771118164,14.635250091552734,653000,LECO
2009-06-30,18.540000915527344,18.6200008392334,17.934999465942383,18.020000457763672,14.360307693481445,701800,LECO
2009-07-01,18.125,18.799999237060547,18.125,18.190000534057617,14.495789527893066,634000,LECO
2009-07-02,18.0,18.059999465942383,17.625,17.739999771118164,14.137175559997559,655600,LECO
2009-07-06,17.6200008392334,17.674999237060547,17.18000030517578,17.434999465942383,13.89411735534668,769200,LECO
2009-07-07,17.459999084472656,17.459999084472656,16.649999618530273,16.684999465942383,13.29643726348877,1197200,LECO
2009-07-08,16.704999923706055,16.864999771118164,16.485000610351562,16.649999618530273,13.268548011779785,716600,LECO
2009-07-09,17.149999618530273,17.424999237060547,16.510000228881836,16.575000762939453,13.20877742767334,1263600,LECO
2009-07-10,16.514999389648438,16.795000076293945,16.5049991607666,16.690000534057617,13.300420761108398,891600,LECO
2009-07-13,16.69499969482422,17.21500015258789,16.489999771118164,17.200000762939453,13.706846237182617,946200,LECO
2009-07-14,17.235000610351562,17.420000076293945,17.09000015258789,17.3700008392334,13.842320442199707,633600,LECO
2009-07-15,17.635000228881836,18.274999618530273,17.524999618530273,18.25,14.543600082397461,631600,LECO
2009-07-16,18.010000228881836,18.829999923706055,17.899999618530273,18.75,14.942052841186523,712200,LECO
2009-07-17,18.69499969482422,18.770000457763672,18.459999084472656,18.6200008392334,14.838459968566895,570200,LECO
2009-07-20,18.770000457763672,19.229999542236328,18.770000457763672,19.170000076293945,15.276755332946777,439600,LECO
2009-07-21,19.3700008392334,19.84000015258789,19.28499984741211,19.565000534057617,15.591541290283203,897400,LECO
2009-07-22,19.415000915527344,20.0,19.415000915527344,19.905000686645508,15.8624849319458,620000,LECO
2009-07-23,19.834999084472656,20.405000686645508,19.704999923706055,20.315000534057617,16.18922233581543,673400,LECO
2009-07-24,20.100000381469727,20.704999923706055,20.100000381469727,20.65999984741211,16.464157104492188,600200,LECO
2009-07-27,20.559999465942383,21.2549991607666,20.450000762939453,21.104999542236328,16.81878089904785,1096800,LECO
2009-07-28,21.479999542236328,22.184999465942383,21.010000228881836,21.549999237060547,17.173404693603516,1786000,LECO
2009-07-29,20.375,21.520000457763672,20.375,20.94499969482422,16.6912784576416,876200,LECO
2009-07-30,21.18000030517578,21.889999389648438,20.969999313354492,21.440000534057617,17.08574676513672,916400,LECO
2009-07-31,21.440000534057617,21.674999237060547,21.174999237060547,21.190000534057617,16.88651466369629,928800,LECO
2009-08-03,21.44499969482422,21.684999465942383,21.3799991607666,21.600000381469727,17.213253021240234,1115800,LECO
2009-08-04,21.4950008392334,21.59000015258789,21.079999923706055,21.565000534057617,17.18536376953125,708000,LECO
2009-08-05,21.4950008392334,21.549999237060547,21.155000686645508,21.329999923706055,16.99808120727539,843200,LECO
2009-08-06,21.485000610351562,21.610000610351562,21.260000228881836,21.334999084472656,17.002065658569336,640400,LECO
2009-08-07,21.600000381469727,22.665000915527344,21.530000686645508,22.399999618530273,17.85077667236328,745400,LECO
2009-08-10,22.329999923706055,22.690000534057617,22.045000076293945,22.299999237060547,17.771080017089844,634400,LECO
2009-08-11,22.084999084472656,22.260000228881836,21.795000076293945,22.010000228881836,17.539979934692383,468000,LECO
2009-08-12,21.9950008392334,22.6200008392334,21.834999084472656,22.40999984741211,17.858747482299805,459600,LECO
2009-08-13,22.469999313354492,22.614999771118164,22.229999542236328,22.469999313354492,17.90656280517578,257000,LECO
2009-08-14,22.325000762939453,22.450000762939453,21.549999237060547,21.834999084472656,17.40052032470703,322200,LECO
2009-08-17,21.475000381469727,21.69499969482422,20.84000015258789,20.899999618530273,16.65540885925293,377200,LECO
2009-08-18,21.114999771118164,21.405000686645508,21.0,21.309999465942383,16.98214340209961,314600,LECO
2009-08-19,20.979999542236328,21.364999771118164,20.75,21.360000610351562,17.021995544433594,260400,LECO
2009-08-20,21.385000228881836,21.545000076293945,21.2549991607666,21.5,17.133554458618164,290200,LECO
2009-08-21,21.7549991607666,22.31999969482422,21.670000076293945,22.2549991607666,17.735227584838867,489000,LECO
2009-08-24,22.264999389648438,22.6200008392334,22.204999923706055,22.280000686645508,17.755144119262695,390200,LECO
2009-08-25,22.524999618530273,22.969999313354492,22.200000762939453,22.790000915527344,18.16157341003418,431800,LECO
2009-08-26,21.71500015258789,23.075000762939453,21.71500015258789,22.924999237060547,18.269153594970703,471000,LECO
2009-08-27,22.834999084472656,23.315000534057617,22.665000915527344,23.264999389648438,18.54010581970215,556200,LECO
2009-08-28,23.3799991607666,23.4950008392334,23.19499969482422,23.329999923706055,18.591907501220703,386000,LECO
2009-08-31,23.165000915527344,23.325000762939453,22.65999984741211,22.760000228881836,18.13766860961914,418000,LECO
2009-09-01,22.780000686645508,23.354999542236328,22.209999084472656,22.2549991607666,17.735227584838867,358000,LECO
2009-09-02,22.280000686645508,22.579999923706055,22.03499984741211,22.094999313354492,17.60771369934082,206200,LECO
2009-09-03,22.28499984741211,22.385000228881836,21.969999313354492,22.260000228881836,17.739212036132812,274200,LECO
2009-09-04,22.299999237060547,22.875,22.100000381469727,22.81999969482422,18.185476303100586,273000,LECO
2009-09-08,23.0,23.104999542236328,22.725000381469727,22.9950008392334,18.324939727783203,209200,LECO
2009-09-09,23.05500030517578,23.6200008392334,22.7549991607666,23.594999313354492,18.803089141845703,291200,LECO
2009-09-10,23.530000686645508,24.145000457763672,23.46500015258789,24.1200008392334,19.221466064453125,231400,LECO
2009-09-11,24.184999465942383,24.709999084472656,24.010000228881836,24.385000228881836,19.432645797729492,333200,LECO
2009-09-14,24.260000228881836,24.809999465942383,24.1200008392334,24.795000076293945,19.759376525878906,211800,LECO
2009-09-15,24.739999771118164,25.5,24.739999771118164,25.459999084472656,20.28931427001953,438200,LECO
2009-09-16,25.459999084472656,25.920000076293945,25.459999084472656,25.8799991607666,20.6240234375,373200,LECO
2009-09-17,25.895000457763672,26.290000915527344,25.895000457763672,26.15999984741211,20.84716796875,300400,LECO
2009-09-18,26.270000457763672,26.405000686645508,25.7549991607666,26.290000915527344,20.95075225830078,769000,LECO
2009-09-21,24.0,25.389999389648438,23.5,24.799999237060547,19.763357162475586,818200,LECO
2009-09-22,24.889999389648438,25.139999389648438,24.68000030517578,24.80500030517578,19.76734733581543,330400,LECO
2009-09-23,24.94499969482422,25.010000228881836,24.440000534057617,24.44499969482422,19.480457305908203,321400,LECO
2009-09-24,24.420000076293945,24.94499969482422,23.524999618530273,23.834999084472656,18.99434471130371,490000,LECO
2009-09-25,23.81999969482422,24.059999465942383,23.354999542236328,23.40999984741211,18.655654907226562,340600,LECO
2009-09-28,23.40999984741211,23.954999923706055,23.260000228881836,23.885000228881836,19.14458656311035,445800,LECO
2009-09-29,24.03499984741211,24.40999984741211,23.854999542236328,24.059999465942383,19.28485870361328,325800,LECO
2009-09-30,24.014999389648438,24.104999542236328,23.30500030517578,23.725000381469727,19.016347885131836,321200,LECO
2009-10-01,23.68000030517578,23.729999542236328,22.55500030517578,22.55500030517578,18.07855796813965,361400,LECO
2009-10-02,22.280000686645508,22.81999969482422,22.125,22.170000076293945,17.76996421813965,422600,LECO
2009-10-05,22.299999237060547,22.684999465942383,22.0,22.575000762939453,18.09459114074707,601600,LECO
2009-10-06,22.674999237060547,23.1299991607666,22.459999084472656,22.799999237060547,18.274925231933594,523200,LECO
2009-10-07,22.725000381469727,22.764999389648438,22.399999618530273,22.600000381469727,18.11461639404297,331000,LECO
2009-10-08,22.719999313354492,23.139999389648438,22.510000228881836,23.075000762939453,18.4953556060791,558200,LECO
2009-10-09,22.969999313354492,23.489999771118164,22.75,23.46500015258789,18.80793571472168,292400,LECO
2009-10-12,23.604999542236328,23.795000076293945,23.354999542236328,23.43000030517578,18.779891967773438,375000,LECO
2009-10-13,23.424999237060547,23.5049991607666,22.899999618530273,22.954999923706055,18.3991641998291,406800,LECO
2009-10-14,23.209999084472656,23.31999969482422,22.899999618530273,23.200000762939453,18.595531463623047,527200,LECO
2009-10-15,23.09000015258789,23.334999084472656,22.790000915527344,23.329999923706055,18.699745178222656,411400,LECO
2009-10-16,23.200000762939453,23.2450008392334,22.75,23.0049991607666,18.439239501953125,356600,LECO
2009-10-19,22.979999542236328,23.520000457763672,22.81999969482422,23.28499984741211,18.663667678833008,199600,LECO
2009-10-20,23.25,23.295000076293945,22.934999465942383,23.28499984741211,18.663667678833008,274600,LECO
2009-10-21,23.280000686645508,23.790000915527344,23.06999969482422,23.25,18.635618209838867,494200,LECO
2009-10-22,23.225000381469727,23.825000762939453,22.915000915527344,23.6200008392334,18.932180404663086,685200,LECO
2009-10-23,23.719999313354492,23.80500030517578,23.165000915527344,23.325000762939453,18.69573974609375,460400,LECO
2009-10-26,23.264999389648438,23.885000228881836,22.8799991607666,22.94499969482422,18.39114761352539,637200,LECO
2009-10-27,23.104999542236328,23.399999618530273,22.405000686645508,22.5049991607666,18.03847312927246,778800,LECO
2009-10-28,22.5049991607666,22.635000228881836,21.579999923706055,21.645000457763672,17.34915542602539,688200,LECO
2009-10-29,21.774999618530273,22.375,21.450000762939453,22.149999618530273,17.753929138183594,1142600,LECO
2009-10-30,25.524999618530273,25.69499969482422,23.5,23.719999313354492,19.01233673095703,2716600,LECO
2009-11-02,24.25,24.860000610351562,23.78499984741211,24.46500015258789,19.60947608947754,1541600,LECO
2009-11-03,24.204999923706055,24.9950008392334,24.125,24.924999237060547,19.978185653686523,1065600,LECO
2009-11-04,25.139999389648438,25.989999771118164,24.885000228881836,25.55500030517578,20.48314666748047,943800,LECO
2009-11-05,25.850000381469727,26.610000610351562,25.55500030517578,26.610000610351562,21.32876205444336,690600,LECO
2009-11-06,26.4950008392334,27.0,26.1200008392334,26.655000686645508,21.364839553833008,458200,LECO
2009-11-09,26.81999969482422,27.375,26.6299991607666,27.125,21.741554260253906,714000,LECO
2009-11-10,26.950000762939453,27.360000610351562,26.520000457763672,26.774999618530273,21.46101951599121,572200,LECO
2009-11-11,26.954999923706055,27.110000610351562,26.5049991607666,26.735000610351562,21.428956985473633,544200,LECO
2009-11-12,26.809999465942383,27.030000686645508,26.1200008392334,26.225000381469727,21.020172119140625,401400,LECO
2009-11-13,26.3799991607666,26.6200008392334,26.020000457763672,26.459999084472656,21.208534240722656,405600,LECO
2009-11-16,26.600000381469727,27.125,26.104999542236328,26.969999313354492,21.617313385009766,276400,LECO
2009-11-17,26.770000457763672,26.94499969482422,26.559999465942383,26.940000534057617,21.59327507019043,239000,LECO
2009-11-18,26.860000610351562,26.860000610351562,26.350000381469727,26.635000228881836,21.348804473876953,288400,LECO
2009-11-19,26.325000762939453,26.420000076293945,25.65999984741211,25.895000457763672,20.75566291809082,403000,LECO
2009-11-20,25.545000076293945,25.875,25.344999313354492,25.825000762939453,20.69955825805664,598200,LECO
2009-11-23,26.125,26.71500015258789,25.915000915527344,26.295000076293945,21.07628059387207,342000,LECO
2009-11-24,26.290000915527344,26.295000076293945,25.905000686645508,25.979999542236328,20.82379722595215,422200,LECO
2009-11-25,26.0,26.104999542236328,25.809999465942383,26.020000457763672,20.855857849121094,359800,LECO
2009-11-27,25.1200008392334,25.799999237060547,25.024999618530273,25.459999084472656,20.40699577331543,369000,LECO
2009-11-30,25.354999542236328,25.690000534057617,24.93000030517578,25.690000534057617,20.591350555419922,992400,LECO
2009-12-01,25.950000762939453,26.5,25.94499969482422,26.354999542236328,21.124378204345703,808800,LECO
2009-12-02,26.25,26.905000686645508,26.110000610351562,26.670000076293945,21.37685203552246,1027800,LECO
2009-12-03,26.635000228881836,27.0,25.954999923706055,25.96500015258789,20.81178092956543,377200,LECO
2009-12-04,26.280000686645508,26.875,26.25,26.540000915527344,21.272661209106445,299600,LECO
2009-12-07,26.395000457763672,26.559999465942383,26.125,26.219999313354492,21.016159057617188,895400,LECO
2009-12-08,25.979999542236328,26.170000076293945,25.725000381469727,25.96500015258789,20.81178092956543,466400,LECO
2009-12-09,25.604999542236328,26.03499984741211,25.604999542236328,25.799999237060547,20.67952537536621,480000,LECO
2009-12-10,26.045000076293945,26.235000610351562,25.684999465942383,25.920000076293945,20.775699615478516,368000,LECO
2009-12-11,25.9950008392334,26.075000762939453,25.575000762939453,25.8700008392334,20.735633850097656,369800,LECO
2009-12-14,26.139999389648438,26.209999084472656,25.905000686645508,26.209999084472656,21.00814437866211,342600,LECO
2009-12-15,26.0,26.309999465942383,25.905000686645508,26.28499984741211,21.068265914916992,384000,LECO
2009-12-16,26.4950008392334,26.809999465942383,26.239999771118164,26.344999313354492,21.116361618041992,270800,LECO
2009-12-17,26.030000686645508,26.315000534057617,25.885000228881836,26.235000610351562,21.02819061279297,368400,LECO
2009-12-18,26.280000686645508,26.559999465942383,26.165000915527344,26.299999237060547,21.080289840698242,732600,LECO
2009-12-21,26.450000762939453,26.75,26.25,26.725000381469727,21.42093849182129,194000,LECO
2009-12-22,26.719999313354492,27.190000534057617,26.684999465942383,27.135000228881836,21.749570846557617,262000,LECO
2009-12-23,27.145000457763672,27.700000762939453,27.03499984741211,27.614999771118164,22.134305953979492,287000,LECO
2009-12-24,27.739999771118164,28.225000381469727,27.6200008392334,28.06999969482422,22.49899673461914,159000,LECO
2009-12-28,28.274999618530273,28.354999542236328,27.799999237060547,27.93000030517578,22.386791229248047,304800,LECO
2009-12-29,27.844999313354492,27.96500015258789,27.565000534057617,27.6299991607666,22.25789451599121,238600,LECO
2009-12-30,27.420000076293945,27.565000534057617,27.135000228881836,27.235000610351562,21.939699172973633,214000,LECO
2009-12-31,27.280000686645508,27.375,26.729999542236328,26.729999542236328,21.532880783081055,242600,LECO
2010-01-04,26.924999237060547,27.139999389648438,26.760000228881836,26.899999618530273,21.669828414916992,482600,LECO
2010-01-05,26.774999618530273,26.915000915527344,26.40999984741211,26.674999237060547,21.488576889038086,266200,LECO
2010-01-06,27.174999237060547,27.700000762939453,26.760000228881836,27.6299991607666,22.25789451599121,475400,LECO
2010-01-07,27.65999984741211,28.200000762939453,27.540000915527344,28.149999618530273,22.676794052124023,324800,LECO
2010-01-08,28.020000457763672,28.309999465942383,27.940000534057617,28.290000915527344,22.78957176208496,169400,LECO
2010-01-11,28.46500015258789,29.204999923706055,28.30500030517578,29.03499984741211,23.389719009399414,368800,LECO
2010-01-12,28.760000228881836,28.9950008392334,28.21500015258789,28.44499969482422,22.914430618286133,281400,LECO
2010-01-13,28.59000015258789,28.915000915527344,28.235000610351562,28.350000381469727,22.837900161743164,432800,LECO
2010-01-14,28.260000228881836,28.290000915527344,27.520000457763672,27.8799991607666,22.459287643432617,550200,LECO
2010-01-15,27.844999313354492,27.905000686645508,27.454999923706055,27.75,22.35455894470215,214000,LECO
2010-01-19,27.8700008392334,28.3700008392334,27.655000686645508,28.204999923706055,22.721088409423828,342800,LECO
2010-01-20,28.06999969482422,28.06999969482422,27.475000381469727,27.735000610351562,22.342479705810547,346400,LECO
2010-01-21,27.825000762939453,27.940000534057617,27.2549991607666,27.469999313354492,22.12900161743164,500600,LECO
2010-01-22,27.530000686645508,27.625,26.104999542236328,26.174999237060547,21.08578872680664,393200,LECO
2010-01-25,26.174999237060547,26.219999313354492,25.479999542236328,25.969999313354492,20.9206485748291,612800,LECO
2010-01-26,25.875,26.110000610351562,25.46500015258789,25.780000686645508,20.76759147644043,718000,LECO
2010-01-27,25.584999084472656,25.739999771118164,24.915000915527344,25.209999084472656,20.30841636657715,757000,LECO
2010-01-28,25.239999771118164,25.280000686645508,23.959999084472656,24.950000762939453,20.098970413208008,949200,LECO
2010-01-29,25.065000534057617,25.364999771118164,24.325000762939453,24.415000915527344,19.667985916137695,780000,LECO
2010-02-01,24.485000610351562,24.75,24.270000457763672,24.575000762939453,19.7968807220459,340000,LECO
2010-02-02,24.5049991607666,25.079999923706055,24.5,24.969999313354492,20.11507797241211,284800,LECO
2010-02-03,24.899999618530273,25.030000686645508,24.584999084472656,25.014999389648438,20.151330947875977,287800,LECO
2010-02-04,24.854999542236328,24.854999542236328,23.7450008392334,23.80500030517578,19.176586151123047,404000,LECO
2010-02-05,23.80500030517578,23.875,23.049999237060547,23.594999313354492,19.007415771484375,752400,LECO
2010-02-08,23.969999313354492,24.100000381469727,23.565000534057617,23.799999237060547,19.172561645507812,805600,LECO
2010-02-09,24.024999618530273,24.299999237060547,23.81999969482422,24.209999084472656,19.502845764160156,824000,LECO
2010-02-10,23.774999618530273,24.229999542236328,23.774999618530273,24.084999084472656,19.402143478393555,829000,LECO
2010-02-11,23.969999313354492,24.459999084472656,23.875,24.344999313354492,19.611597061157227,779400,LECO
2010-02-12,24.100000381469727,24.55500030517578,23.905000686645508,24.549999237060547,19.77674102783203,529000,LECO
2010-02-16,24.700000762939453,24.93000030517578,24.540000915527344,24.899999618530273,20.058692932128906,318400,LECO
2010-02-17,24.899999618530273,25.200000762939453,24.829999923706055,25.184999465942383,20.288284301757812,430000,LECO
2010-02-18,25.2450008392334,25.575000762939453,25.059999465942383,25.520000457763672,20.558141708374023,479000,LECO
2010-02-19,25.489999771118164,25.854999542236328,25.25,25.825000762939453,20.803836822509766,744400,LECO
2010-02-22,25.655000686645508,25.78499984741211,24.264999389648438,24.270000457763672,19.55118179321289,1421600,LECO
2010-02-23,24.100000381469727,24.174999237060547,23.635000228881836,23.674999237060547,19.07186508178711,958400,LECO
2010-02-24,23.729999542236328,24.209999084472656,23.729999542236328,24.104999542236328,19.418262481689453,691000,LECO
2010-02-25,23.729999542236328,24.059999465942383,23.575000762939453,23.959999084472656,19.301450729370117,458200,LECO
2010-02-26,24.03499984741211,24.03499984741211,23.665000915527344,23.850000381469727,19.212839126586914,533400,LECO
2010-03-01,23.954999923706055,24.440000534057617,23.924999237060547,24.415000915527344,19.667985916137695,411400,LECO
2010-03-02,24.434999465942383,24.915000915527344,24.434999465942383,24.90999984741211,20.066749572753906,816800,LECO
2010-03-03,25.684999465942383,26.094999313354492,25.575000762939453,25.635000228881836,20.65078353881836,630600,LECO
2010-03-04,25.645000457763672,25.985000610351562,25.575000762939453,25.704999923706055,20.707168579101562,365800,LECO
2010-03-05,25.80500030517578,25.889999389648438,25.594999313354492,25.780000686645508,20.76759147644043,490800,LECO
2010-03-08,25.774999618530273,26.0,25.719999313354492,25.8799991607666,20.848142623901367,415600,LECO
2010-03-09,25.725000381469727,26.0049991607666,25.725000381469727,25.934999465942383,20.892446517944336,393000,LECO
2010-03-10,25.895000457763672,26.125,25.864999771118164,26.100000381469727,21.02537727355957,492400,LECO
2010-03-11,25.875,26.219999313354492,25.829999923706055,26.19499969482422,21.10190773010254,424400,LECO
2010-03-12,26.225000381469727,27.0,26.190000534057617,27.0,21.750385284423828,830000,LECO
2010-03-15,27.020000457763672,27.094999313354492,26.709999084472656,27.05500030517578,21.79469108581543,405400,LECO
2010-03-16,27.190000534057617,27.264999389648438,26.954999923706055,27.084999084472656,21.818864822387695,457000,LECO
2010-03-17,27.110000610351562,27.4950008392334,27.110000610351562,27.399999618530273,22.072616577148438,422400,LECO
2010-03-18,27.2549991607666,27.68000030517578,27.084999084472656,27.4950008392334,22.14914321899414,227800,LECO
2010-03-19,27.56999969482422,27.68000030517578,26.875,26.889999389648438,21.661773681640625,523400,LECO
2010-03-22,26.649999618530273,27.260000228881836,26.584999084472656,27.2450008392334,21.94775390625,220600,LECO
2010-03-23,27.31999969482422,27.780000686645508,27.145000457763672,27.700000762939453,22.31428337097168,366200,LECO
2010-03-24,27.510000228881836,27.579999923706055,26.850000381469727,26.899999618530273,21.669828414916992,584400,LECO
2010-03-25,27.18000030517578,27.290000915527344,26.690000534057617,26.69499969482422,21.504690170288086,292400,LECO
2010-03-26,26.790000915527344,27.18000030517578,26.65999984741211,26.8700008392334,21.64566421508789,225200,LECO
2010-03-29,26.850000381469727,27.454999923706055,26.815000534057617,27.299999237060547,22.10723876953125,251600,LECO
2010-03-30,27.25,27.5,27.075000762939453,27.165000915527344,21.997915267944336,250400,LECO
2010-03-31,27.1299991607666,27.28499984741211,26.94499969482422,27.165000915527344,21.997915267944336,403000,LECO
2010-04-01,27.3700008392334,27.610000610351562,26.985000610351562,27.565000534057617,22.321836471557617,310600,LECO
2010-04-05,27.655000686645508,28.075000762939453,27.655000686645508,28.06999969482422,22.730775833129883,494000,LECO
2010-04-06,27.834999084472656,28.25,27.700000762939453,28.100000381469727,22.755077362060547,170200,LECO
2010-04-07,28.049999237060547,28.389999389648438,28.030000686645508,28.290000915527344,22.908933639526367,287800,LECO
2010-04-08,28.395000457763672,28.5,28.100000381469727,28.454999923706055,23.04254722595215,255800,LECO
2010-04-09,28.5,29.03499984741211,28.415000915527344,29.03499984741211,23.512224197387695,323800,LECO
2010-04-12,29.045000076293945,30.049999237060547,29.020000457763672,29.709999084472656,24.0588321685791,908600,LECO
2010-04-13,29.520000457763672,29.864999771118164,29.325000762939453,29.68000030517578,24.0345458984375,692800,LECO
2010-04-14,29.854999542236328,30.079999923706055,29.690000534057617,30.0,24.293670654296875,516600,LECO
2010-04-15,29.8700008392334,30.325000762939453,29.834999084472656,30.18000030517578,24.43943214416504,337400,LECO
2010-04-16,29.915000915527344,29.940000534057617,29.170000076293945,29.299999237060547,23.726821899414062,629000,LECO
2010-04-19,29.979999542236328,30.454999923706055,29.299999237060547,29.610000610351562,23.97785758972168,713200,LECO
2010-04-20,29.864999771118164,30.309999465942383,29.55500030517578,29.6200008392334,23.985950469970703,716600,LECO
2010-04-21,29.704999923706055,30.075000762939453,29.55500030517578,29.735000610351562,24.079084396362305,569600,LECO
2010-04-22,29.389999389648438,30.270000457763672,29.100000381469727,30.165000915527344,24.427282333374023,388400,LECO
2010-04-23,30.280000686645508,30.594999313354492,30.2450008392334,30.520000457763672,24.714765548706055,386800,LECO
2010-04-26,30.440000534057617,31.43000030517578,30.010000228881836,30.55500030517578,24.74310874938965,513200,LECO
2010-04-27,30.239999771118164,30.530000686645508,29.614999771118164,30.18000030517578,24.43943214416504,681200,LECO
2010-04-28,30.440000534057617,30.684999465942383,29.905000686645508,30.184999465942383,24.4434814453125,493600,LECO
2010-04-29,30.329999923706055,30.90999984741211,30.264999389648438,30.770000457763672,24.917205810546875,337600,LECO
2010-04-30,30.735000610351562,31.149999618530273,29.969999313354492,29.9950008392334,24.28962516784668,425600,LECO
2010-05-03,30.204999923706055,31.084999084472656,29.9950008392334,30.895000457763672,25.018436431884766,328400,LECO
2010-05-04,30.2450008392334,30.315000534057617,29.614999771118164,29.69499969482422,24.046688079833984,631600,LECO
2010-05-05,29.5,29.520000457763672,28.854999542236328,28.899999618530273,23.402904510498047,328800,LECO
2010-05-06,28.725000381469727,29.315000534057617,26.6299991607666,27.7549991607666,22.475698471069336,601200,LECO
2010-05-07,27.729999542236328,28.014999389648438,26.899999618530273,27.344999313354492,22.143686294555664,751400,LECO
2010-05-10,28.670000076293945,28.924999237060547,27.719999313354492,28.770000457763672,23.29762840270996,545800,LECO
2010-05-11,28.405000686645508,29.389999389648438,28.079999923706055,29.030000686645508,23.5081729888916,295200,LECO
2010-05-12,29.15999984741211,30.0,28.9950008392334,29.795000076293945,24.127666473388672,242400,LECO
2010-05-13,29.7450008392334,30.5049991607666,29.674999237060547,30.125,24.394901275634766,381000,LECO
2010-05-14,29.885000228881836,29.885000228881836,28.6200008392334,28.885000228881836,23.390756607055664,280000,LECO
2010-05-17,29.1200008392334,29.520000457763672,27.69499969482422,28.139999389648438,22.78746795654297,546600,LECO
2010-05-18,28.165000915527344,28.614999771118164,27.899999618530273,28.06999969482422,22.730775833129883,802600,LECO
2010-05-19,27.815000534057617,27.889999389648438,26.65999984741211,27.020000457763672,21.880504608154297,662800,LECO
2010-05-20,26.5049991607666,26.510000228881836,25.829999923706055,26.06999969482422,21.111194610595703,784000,LECO
2010-05-21,25.7549991607666,26.69499969482422,25.540000915527344,26.649999618530273,21.580875396728516,505400,LECO
2010-05-24,26.479999542236328,27.135000228881836,25.950000762939453,26.735000610351562,21.64971351623535,573000,LECO
2010-05-25,26.084999084472656,26.829999923706055,25.55500030517578,26.729999542236328,21.645660400390625,703200,LECO
2010-05-26,26.795000076293945,27.625,26.5049991607666,27.075000762939453,21.92503547668457,654000,LECO
2010-05-27,27.674999237060547,28.0049991607666,27.389999389648438,27.979999542236328,22.657901763916016,363800,LECO
2010-05-28,27.84000015258789,28.209999084472656,27.75,27.899999618530273,22.593122482299805,424800,LECO
2010-06-01,27.6299991607666,27.9950008392334,27.045000076293945,27.045000076293945,21.90074920654297,306000,LECO
2010-06-02,27.139999389648438,27.739999771118164,26.524999618530273,27.739999771118164,22.463550567626953,300200,LECO
2010-06-03,27.635000228881836,28.19499969482422,27.264999389648438,27.815000534057617,22.52428436279297,188200,LECO
2010-06-04,27.260000228881836,27.704999923706055,26.059999465942383,26.145000457763672,21.17194175720215,365600,LECO
2010-06-07,26.295000076293945,26.479999542236328,25.684999465942383,25.719999313354492,20.827777862548828,378800,LECO
2010-06-08,25.735000610351562,25.829999923706055,25.010000228881836,25.540000915527344,20.6820068359375,303800,LECO
2010-06-09,25.80500030517578,26.104999542236328,25.489999771118164,25.579999923706055,20.714399337768555,315800,LECO
2010-06-10,26.145000457763672,26.625,26.0,26.5,21.45941162109375,212000,LECO
2010-06-11,26.145000457763672,26.56999969482422,26.145000457763672,26.540000915527344,21.491806030273438,218000,LECO
2010-06-14,26.684999465942383,27.395000457763672,26.684999465942383,27.010000228881836,21.87240219116211,354800,LECO
2010-06-15,27.145000457763672,28.09000015258789,27.075000762939453,28.014999389648438,22.686237335205078,236200,LECO
2010-06-16,27.735000610351562,28.0049991607666,27.735000610351562,27.90999984741211,22.601215362548828,203000,LECO
2010-06-17,27.915000915527344,28.024999618530273,27.354999542236328,27.639999389648438,22.382564544677734,156400,LECO
2010-06-18,27.674999237060547,28.125,27.575000762939453,28.030000686645508,22.698383331298828,304600,LECO
2010-06-21,28.209999084472656,28.610000610351562,27.81999969482422,27.915000915527344,22.605268478393555,413400,LECO
2010-06-22,27.950000762939453,28.280000686645508,27.43000030517578,27.44499969482422,22.224653244018555,502400,LECO
2010-06-23,27.375,27.375,26.739999771118164,27.0,21.86430549621582,409800,LECO
2010-06-24,26.78499984741211,26.989999771118164,26.264999389648438,26.315000534057617,21.309598922729492,345400,LECO
2010-06-25,26.34000015258789,26.71500015258789,26.010000228881836,26.700000762939453,21.621370315551758,2871200,LECO
2010-06-28,26.46500015258789,27.049999237060547,26.239999771118164,26.584999084472656,21.6417179107666,495600,LECO
2010-06-29,26.219999313354492,26.280000686645508,25.475000381469727,25.690000534057617,20.913135528564453,416600,LECO
2010-06-30,25.559999465942383,26.1200008392334,25.3799991607666,25.4950008392334,20.7544002532959,546000,LECO
2010-07-01,25.475000381469727,25.475000381469727,24.375,25.114999771118164,20.445053100585938,318800,LECO
2010-07-02,25.225000381469727,25.295000076293945,24.655000686645508,24.739999771118164,20.139785766601562,214400,LECO
2010-07-06,25.225000381469727,25.420000076293945,24.21500015258789,24.545000076293945,19.981037139892578,448000,LECO
2010-07-07,24.520000457763672,25.05500030517578,24.135000228881836,25.024999618530273,20.371793746948242,533800,LECO
2010-07-08,25.28499984741211,25.68000030517578,25.125,25.375,20.65671157836914,316600,LECO
2010-07-09,25.31999969482422,25.829999923706055,25.225000381469727,25.815000534057617,21.014896392822266,237200,LECO
2010-07-12,25.739999771118164,25.979999542236328,25.424999237060547,25.709999084472656,20.929418563842773,392800,LECO
2010-07-13,26.0,26.405000686645508,25.844999313354492,26.350000381469727,21.450416564941406,265200,LECO
2010-07-14,26.225000381469727,26.420000076293945,25.959999084472656,26.290000915527344,21.401567459106445,262400,LECO
2010-07-15,26.375,26.375,25.655000686645508,26.15999984741211,21.295747756958008,146400,LECO
2010-07-16,25.850000381469727,26.014999389648438,25.024999618530273,25.079999923706055,20.416568756103516,175800,LECO
2010-07-19,25.1299991607666,25.520000457763672,24.825000762939453,25.290000915527344,20.5875186920166,181000,LECO
2010-07-20,25.014999389648438,25.78499984741211,24.959999084472656,25.729999542236328,20.945697784423828,208200,LECO
2010-07-21,25.93000030517578,26.270000457763672,25.6200008392334,25.704999923706055,20.925350189208984,165400,LECO
2010-07-22,26.075000762939453,26.825000762939453,26.075000762939453,26.764999389648438,21.788249969482422,229000,LECO
2010-07-23,26.635000228881836,27.375,26.325000762939453,27.375,22.284822463989258,230200,LECO
2010-07-26,27.44499969482422,27.954999923706055,27.010000228881836,27.954999923706055,22.756977081298828,456400,LECO
2010-07-27,28.229999542236328,28.424999237060547,27.875,28.100000381469727,22.875019073486328,423400,LECO
2010-07-28,28.1200008392334,28.290000915527344,27.274999618530273,27.389999389648438,22.29703712463379,319200,LECO
2010-07-29,27.549999237060547,27.8799991607666,27.25,27.5,22.386581420898438,261400,LECO
2010-07-30,27.145000457763672,27.719999313354492,27.145000457763672,27.610000610351562,22.476133346557617,256400,LECO
2010-08-02,28.0049991607666,28.1299991607666,27.625,27.954999923706055,22.756977081298828,321000,LECO
2010-08-03,27.889999389648438,28.139999389648438,27.625,27.725000381469727,22.569747924804688,202200,LECO
2010-08-04,27.770000457763672,28.135000228881836,27.729999542236328,27.9950008392334,22.7895450592041,137600,LECO
2010-08-05,27.729999542236328,28.05500030517578,27.729999542236328,27.934999465942383,22.740692138671875,84000,LECO
2010-08-06,27.579999923706055,27.899999618530273,27.309999465942383,27.690000534057617,22.541255950927734,165400,LECO
2010-08-09,27.81999969482422,28.020000457763672,27.65999984741211,27.875,22.691848754882812,154200,LECO
2010-08-10,27.684999465942383,28.014999389648438,27.399999618530273,27.69499969482422,22.545320510864258,130600,LECO
2010-08-11,27.219999313354492,27.295000076293945,26.354999542236328,26.475000381469727,21.55217170715332,201800,LECO
2010-08-12,26.155000686645508,26.530000686645508,25.934999465942383,26.31999969482422,21.425992965698242,251200,LECO
2010-08-13,26.25,26.3799991607666,26.075000762939453,26.135000228881836,21.275392532348633,152200,LECO
2010-08-16,25.920000076293945,26.264999389648438,25.875,26.155000686645508,21.291675567626953,168800,LECO
2010-08-17,26.469999313354492,26.9950008392334,26.469999313354492,26.790000915527344,21.8085994720459,134000,LECO
2010-08-18,26.80500030517578,27.084999084472656,26.514999389648438,26.975000381469727,21.95920181274414,155400,LECO
2010-08-19,26.829999923706055,26.829999923706055,26.079999923706055,26.295000076293945,21.405641555786133,150200,LECO
2010-08-20,26.125,26.125,25.760000228881836,26.100000381469727,21.246904373168945,99400,LECO
2010-08-23,26.229999542236328,26.3700008392334,25.729999542236328,25.729999542236328,20.945697784423828,104400,LECO
2010-08-24,25.5049991607666,25.71500015258789,25.0,25.309999465942383,20.603788375854492,176600,LECO
2010-08-25,25.09000015258789,25.334999084472656,24.770000457763672,25.25,20.554950714111328,140400,LECO
2010-08-26,25.299999237060547,25.479999542236328,24.895000457763672,24.915000915527344,20.28225326538086,202400,LECO
2010-08-27,25.174999237060547,25.80500030517578,24.875,25.65999984741211,20.888713836669922,163600,LECO
2010-08-30,25.610000610351562,25.915000915527344,25.030000686645508,25.049999237060547,20.392139434814453,149200,LECO
2010-08-31,24.975000381469727,25.155000686645508,24.524999618530273,24.780000686645508,20.172346115112305,395000,LECO
2010-09-01,25.219999313354492,26.389999389648438,25.045000076293945,26.350000381469727,21.450416564941406,339600,LECO
2010-09-02,26.260000228881836,26.78499984741211,26.0049991607666,26.774999618530273,21.796390533447266,214200,LECO
2010-09-03,27.15999984741211,27.43000030517578,27.045000076293945,27.204999923706055,22.146432876586914,128000,LECO
2010-09-07,27.170000076293945,27.3700008392334,26.915000915527344,27.149999618530273,22.101655960083008,175800,LECO
2010-09-08,27.15999984741211,27.469999313354492,27.1200008392334,27.325000762939453,22.244121551513672,113800,LECO
2010-09-09,27.5,27.69499969482422,27.190000534057617,27.315000534057617,22.235980987548828,75000,LECO
2010-09-10,27.43000030517578,27.559999465942383,27.334999084472656,27.510000228881836,22.39472007751465,99800,LECO
2010-09-13,27.735000610351562,28.1200008392334,27.735000610351562,27.989999771118164,22.785476684570312,177000,LECO
2010-09-14,27.950000762939453,28.329999923706055,27.71500015258789,28.15999984741211,22.923858642578125,188800,LECO
2010-09-15,28.014999389648438,28.334999084472656,27.96500015258789,28.219999313354492,22.972702026367188,164000,LECO
2010-09-16,28.09000015258789,28.309999465942383,27.905000686645508,28.225000381469727,22.976770401000977,140600,LECO
2010-09-17,28.354999542236328,28.5,27.860000610351562,28.434999465942383,23.147722244262695,300400,LECO
2010-09-20,28.575000762939453,28.9950008392334,28.46500015258789,28.96500015258789,23.57917594909668,165400,LECO
2010-09-21,28.905000686645508,28.905000686645508,28.479999542236328,28.579999923706055,23.265769958496094,186800,LECO
2010-09-22,28.524999618530273,28.725000381469727,28.0049991607666,28.135000228881836,22.90350914001465,142000,LECO
2010-09-23,28.05500030517578,28.30500030517578,27.709999084472656,27.725000381469727,22.569747924804688,183800,LECO
2010-09-24,28.174999237060547,28.885000228881836,27.84000015258789,28.825000762939453,23.465206146240234,205000,LECO
2010-09-27,28.739999771118164,28.854999542236328,28.3799991607666,28.575000762939453,23.26169204711914,141400,LECO
2010-09-28,28.584999084472656,28.78499984741211,28.049999237060547,28.704999923706055,23.482572555541992,124600,LECO
2010-09-29,28.600000381469727,28.895000457763672,28.290000915527344,28.7450008392334,23.51529312133789,189000,LECO
2010-09-30,28.8700008392334,29.315000534057617,28.780000686645508,28.90999984741211,23.650278091430664,340200,LECO
2010-10-01,29.19499969482422,29.19499969482422,28.670000076293945,29.010000228881836,23.732080459594727,215400,LECO
2010-10-04,28.975000381469727,29.075000762939453,28.045000076293945,28.31999969482422,23.16761589050293,141400,LECO
2010-10-05,28.704999923706055,29.334999084472656,28.604999542236328,29.225000381469727,23.9079647064209,157200,LECO
2010-10-06,29.235000610351562,29.2549991607666,28.84000015258789,29.030000686645508,23.748441696166992,157400,LECO
2010-10-07,29.225000381469727,29.360000610351562,28.920000076293945,29.09000015258789,23.79752540588379,89200,LECO
2010-10-08,29.15999984741211,29.434999465942383,28.950000762939453,29.344999313354492,24.006128311157227,121600,LECO
2010-10-11,29.25,29.309999465942383,29.05500030517578,29.225000381469727,23.9079647064209,152400,LECO
2010-10-12,29.075000762939453,29.18000030517578,28.69499969482422,29.094999313354492,23.801618576049805,128800,LECO
2010-10-13,29.204999923706055,29.6200008392334,29.104999542236328,29.434999465942383,24.07975959777832,177800,LECO
2010-10-14,29.450000762939453,29.540000915527344,29.094999313354492,29.1200008392334,23.822067260742188,205000,LECO
2010-10-15,29.469999313354492,29.684999465942383,28.7549991607666,28.90999984741211,23.650278091430664,239000,LECO
2010-10-18,28.94499969482422,29.145000457763672,28.90999984741211,29.045000076293945,23.760709762573242,157400,LECO
2010-10-19,28.6299991607666,29.1200008392334,28.6299991607666,29.06999969482422,23.78116226196289,349400,LECO
2010-10-20,29.2450008392334,30.094999313354492,29.204999923706055,30.03499984741211,24.570606231689453,485400,LECO
2010-10-21,30.03499984741211,30.559999465942383,29.760000228881836,30.364999771118164,24.840560913085938,404200,LECO
2010-10-22,30.395000457763672,30.479999542236328,30.200000762939453,30.399999618530273,24.869192123413086,126800,LECO
2010-10-25,30.674999237060547,30.729999542236328,30.360000610351562,30.40999984741211,24.87737464904785,153200,LECO
2010-10-26,30.209999084472656,30.334999084472656,29.979999542236328,30.010000228881836,24.55014991760254,177200,LECO
2010-10-27,29.84000015258789,29.850000381469727,29.1299991607666,29.75,24.337453842163086,234600,LECO
2010-10-28,29.9950008392334,30.184999465942383,29.719999313354492,29.96500015258789,24.513341903686523,247800,LECO
2010-10-29,29.825000762939453,30.05500030517578,29.770000457763672,29.8799991607666,24.44379997253418,423600,LECO
2010-11-01,30.059999465942383,30.30500030517578,29.53499984741211,29.885000228881836,24.44788360595703,201000,LECO
2010-11-02,30.219999313354492,30.44499969482422,30.079999923706055,30.334999084472656,24.81601905822754,188800,LECO
2010-11-03,30.28499984741211,30.540000915527344,30.104999542236328,30.459999084472656,24.918272018432617,189800,LECO
2010-11-04,30.645000457763672,30.940000534057617,30.645000457763672,30.93000030517578,25.302772521972656,336800,LECO
2010-11-05,30.885000228881836,31.084999084472656,30.790000915527344,30.9950008392334,25.35594940185547,251200,LECO
2010-11-08,30.795000076293945,31.040000915527344,30.704999923706055,31.030000686645508,25.38457679748535,138400,LECO
2010-11-09,31.110000610351562,31.1200008392334,30.684999465942383,30.829999923706055,25.22096061706543,219000,LECO
2010-11-10,30.80500030517578,31.145000457763672,30.540000915527344,31.104999542236328,25.445926666259766,246400,LECO
2010-11-11,30.75,31.170000076293945,30.639999389648438,31.014999389648438,25.37230682373047,164800,LECO
2010-11-12,30.729999542236328,31.05500030517578,30.34000015258789,30.44499969482422,24.906007766723633,342200,LECO
2010-11-15,30.649999618530273,31.020000457763672,30.3700008392334,30.704999923706055,25.118703842163086,192000,LECO
2010-11-16,30.5,30.549999237060547,30.104999542236328,30.399999618530273,24.869192123413086,372400,LECO
2010-11-17,30.405000686645508,30.424999237060547,30.0049991607666,30.110000610351562,24.631956100463867,282600,LECO
2010-11-18,30.5,30.790000915527344,30.459999084472656,30.530000686645508,24.97553825378418,253600,LECO
2010-11-19,30.514999389648438,30.530000686645508,30.2450008392334,30.43000030517578,24.893733978271484,285000,LECO
2010-11-22,30.139999389648438,30.844999313354492,30.139999389648438,30.7549991607666,25.15960121154785,257800,LECO
2010-11-23,30.34000015258789,30.475000381469727,30.03499984741211,30.389999389648438,24.861013412475586,179000,LECO
2010-11-24,30.610000610351562,31.145000457763672,30.610000610351562,31.1200008392334,25.458202362060547,208400,LECO
2010-11-26,30.809999465942383,31.18000030517578,30.809999465942383,31.020000457763672,25.376392364501953,79200,LECO
2010-11-29,30.790000915527344,30.90999984741211,30.424999237060547,30.850000381469727,25.23731803894043,218800,LECO
2010-11-30,30.610000610351562,30.899999618530273,30.479999542236328,30.829999923706055,25.22096061706543,416000,LECO
2010-12-01,31.1200008392334,31.43000030517578,30.979999542236328,31.315000534057617,25.61772346496582,401600,LECO
2010-12-02,31.290000915527344,31.665000915527344,31.2450008392334,31.649999618530273,25.891775131225586,420400,LECO
2010-12-03,31.459999084472656,31.80500030517578,31.389999389648438,31.729999542236328,25.957216262817383,162600,LECO
2010-12-06,31.704999923706055,31.815000534057617,31.520000457763672,31.75,25.97357940673828,187800,LECO
2010-12-07,31.94499969482422,31.979999542236328,31.59000015258789,31.700000762939453,25.932676315307617,243800,LECO
2010-12-08,31.774999618530273,31.829999923706055,31.510000228881836,31.649999618530273,25.891775131225586,192000,LECO
2010-12-09,31.825000762939453,31.90999984741211,31.645000457763672,31.780000686645508,25.998125076293945,403000,LECO
2010-12-10,31.850000381469727,32.439998626708984,31.799999237060547,32.40999984741211,26.51350975036621,311800,LECO
2010-12-13,32.5,32.81999969482422,32.35499954223633,32.625,26.689388275146484,257800,LECO
2010-12-14,32.54499816894531,33.1150016784668,32.54499816894531,33.0,26.996158599853516,317600,LECO
2010-12-15,32.904998779296875,33.150001525878906,32.68000030517578,32.91999816894531,26.930721282958984,528800,LECO
2010-12-16,32.92499923706055,33.064998626708984,32.80500030517578,33.04499816894531,27.032970428466797,257800,LECO
2010-12-17,33.099998474121094,33.16999816894531,32.880001068115234,32.970001220703125,26.971616744995117,543400,LECO
2010-12-20,33.17499923706055,33.17499923706055,32.8650016784668,32.8849983215332,26.90208625793457,230400,LECO
2010-12-21,32.97999954223633,33.26499938964844,32.939998626708984,33.13999938964844,27.110689163208008,244200,LECO
2010-12-22,33.2400016784668,33.59000015258789,33.2400016784668,33.44499969482422,27.360206604003906,191200,LECO
2010-12-23,33.45500183105469,33.56999969482422,33.30500030517578,33.32500076293945,27.262033462524414,158400,LECO
2010-12-27,33.19499969482422,33.474998474121094,33.005001068115234,33.31999969482422,27.257951736450195,79000,LECO
2010-12-28,33.35499954223633,33.46500015258789,32.92499923706055,33.2599983215332,27.208866119384766,148200,LECO
2010-12-29,33.21500015258789,33.44499969482422,33.095001220703125,33.119998931884766,27.221189498901367,125200,LECO
2010-12-30,33.05500030517578,33.23500061035156,32.82500076293945,32.83000183105469,26.982837677001953,179000,LECO
2010-12-31,32.779998779296875,33.10499954223633,32.619998931884766,32.6349983215332,26.82257080078125,184200,LECO
2011-01-03,32.90999984741211,33.525001525878906,32.685001373291016,33.3650016784668,27.42255210876465,252400,LECO
2011-01-04,33.400001525878906,33.439998626708984,32.70500183105469,33.095001220703125,27.200645446777344,282000,LECO
2011-01-05,32.97999954223633,33.525001525878906,32.7599983215332,33.310001373291016,27.37735366821289,134200,LECO
2011-01-06,33.28499984741211,33.45500183105469,32.92499923706055,33.064998626708984,27.175983428955078,280200,LECO
2011-01-07,33.16999816894531,33.34000015258789,32.915000915527344,33.07500076293945,27.1842041015625,259200,LECO
2011-01-10,32.959999084472656,33.595001220703125,32.810001373291016,33.439998626708984,27.484189987182617,276800,LECO
2011-01-11,33.619998931884766,34.525001525878906,33.51499938964844,34.26499938964844,28.162254333496094,415000,LECO
2011-01-12,34.6349983215332,34.6349983215332,34.029998779296875,34.334999084472656,28.219791412353516,327600,LECO
2011-01-13,34.290000915527344,34.505001068115234,34.084999084472656,34.345001220703125,28.228012084960938,225200,LECO
2011-01-14,34.334999084472656,34.46500015258789,34.21500015258789,34.40999984741211,28.281435012817383,171800,LECO
2011-01-18,34.43000030517578,35.07500076293945,34.28499984741211,35.005001068115234,28.770456314086914,562400,LECO
2011-01-19,35.05500030517578,35.05500030517578,33.90999984741211,34.08000183105469,28.010211944580078,352600,LECO
2011-01-20,33.880001068115234,34.29999923706055,33.595001220703125,33.73500061035156,27.726659774780273,226200,LECO
2011-01-21,33.94499969482422,33.994998931884766,33.380001068115234,33.46500015258789,27.504749298095703,153800,LECO
2011-01-24,33.41999816894531,33.875,33.130001068115234,33.7599983215332,27.7471981048584,270800,LECO
2011-01-25,33.6349983215332,33.6349983215332,32.755001068115234,33.51499938964844,27.54582977294922,231600,LECO
2011-01-26,33.665000915527344,34.375,33.665000915527344,34.130001068115234,28.051313400268555,300200,LECO
2011-01-27,34.125,34.150001525878906,33.72999954223633,34.040000915527344,27.97733497619629,187400,LECO
2011-01-28,34.11000061035156,34.11000061035156,33.06999969482422,33.13999938964844,27.237621307373047,198000,LECO
2011-01-31,33.244998931884766,34.07500076293945,33.150001525878906,33.86000061035156,27.829391479492188,324400,LECO
2011-02-01,33.9900016784668,34.494998931884766,33.755001068115234,34.45500183105469,28.31842041015625,189000,LECO
2011-02-02,34.38999938964844,34.935001373291016,34.29999923706055,34.54499816894531,28.39238739013672,336600,LECO
2011-02-03,34.435001373291016,34.619998931884766,34.07500076293945,34.54999923706055,28.39651107788086,230400,LECO
2011-02-04,34.494998931884766,34.75,34.3849983215332,34.70000076293945,28.519784927368164,116200,LECO
2011-02-07,34.70000076293945,34.95000076293945,34.665000915527344,34.92499923706055,28.70470428466797,306800,LECO
2011-02-08,34.845001220703125,35.220001220703125,34.79999923706055,35.17499923706055,28.91018295288086,172200,LECO
2011-02-09,34.93000030517578,35.19499969482422,34.63999938964844,35.11000061035156,28.856765747070312,362000,LECO
2011-02-10,35.0,35.2400016784668,34.79499816894531,35.130001068115234,28.87320327758789,207600,LECO
2011-02-11,35.0,35.599998474121094,34.96500015258789,35.51499938964844,29.189626693725586,172800,LECO
2011-02-14,35.625,35.775001525878906,35.474998474121094,35.564998626708984,29.2307186126709,115000,LECO
2011-02-15,35.52000045776367,35.70500183105469,35.279998779296875,35.31999969482422,29.029361724853516,135400,LECO
2011-02-16,35.470001220703125,35.93000030517578,35.46500015258789,35.8650016784668,29.477293014526367,329800,LECO
2011-02-17,35.875,36.375,35.875,36.20000076293945,29.752626419067383,240000,LECO
2011-02-18,37.45000076293945,38.5,36.28499984741211,36.7400016784668,30.196462631225586,498000,LECO
2011-02-22,36.5,37.0,35.845001220703125,36.0,29.588253021240234,364600,LECO
2011-02-23,36.125,36.125,34.15999984741211,34.630001068115234,28.462257385253906,754600,LECO
2011-02-24,34.65999984741211,35.209999084472656,34.375,34.834999084472656,28.63074493408203,450000,LECO
2011-02-25,34.939998626708984,35.400001525878906,34.80500030517578,35.2400016784668,28.96361541748047,238000,LECO
2011-02-28,35.474998474121094,35.8849983215332,35.28499984741211,35.689998626708984,29.333457946777344,260600,LECO
2011-03-01,35.869998931884766,35.869998931884766,34.79999923706055,35.11000061035156,28.856765747070312,327400,LECO
2011-03-02,35.14500045776367,35.64500045776367,34.91999816894531,35.380001068115234,29.078670501708984,231200,LECO
2011-03-03,35.67499923706055,37.19499969482422,35.625,37.084999084472656,30.479995727539062,304400,LECO
2011-03-04,37.04999923706055,37.18000030517578,36.060001373291016,36.39500045776367,29.912893295288086,199200,LECO
2011-03-07,36.63999938964844,36.63999938964844,35.775001525878906,36.17499923706055,29.73208236694336,254400,LECO
2011-03-08,35.970001220703125,37.03499984741211,35.93000030517578,36.72999954223633,30.188236236572266,275600,LECO
2011-03-09,36.724998474121094,36.98500061035156,36.46500015258789,36.8849983215332,30.31562042236328,206600,LECO
2011-03-10,36.380001068115234,36.47999954223633,35.724998474121094,35.84000015258789,29.456748962402344,308600,LECO
2011-03-11,35.595001220703125,35.939998626708984,35.400001525878906,35.86000061035156,29.473182678222656,377400,LECO
2011-03-14,35.61000061035156,36.02000045776367,35.244998931884766,35.68000030517578,29.32524299621582,334800,LECO
2011-03-15,34.880001068115234,35.415000915527344,34.0,35.220001220703125,28.947168350219727,400400,LECO
2011-03-16,35.224998474121094,35.540000915527344,34.77000045776367,35.14500045776367,28.885530471801758,383200,LECO
2011-03-17,35.625,35.98500061035156,35.2599983215332,35.45000076293945,29.136213302612305,340200,LECO
2011-03-18,35.70000076293945,35.970001220703125,35.650001525878906,35.834999084472656,29.452640533447266,415800,LECO
2011-03-21,36.244998931884766,37.0,35.70500183105469,36.724998474121094,30.18412208557129,298200,LECO
2011-03-22,36.810001373291016,37.0,36.33000183105469,36.54499816894531,30.03617286682129,248800,LECO
2011-03-23,36.44499969482422,36.70500183105469,35.939998626708984,36.38999938964844,29.908784866333008,154200,LECO
2011-03-24,36.70000076293945,36.85499954223633,36.19499969482422,36.654998779296875,30.126590728759766,246000,LECO
2011-03-25,36.810001373291016,37.43000030517578,36.189998626708984,37.130001068115234,30.516984939575195,424400,LECO
2011-03-28,37.05500030517578,37.275001525878906,36.630001068115234,36.69499969482422,30.159469604492188,293000,LECO
2011-03-29,36.54999923706055,37.165000915527344,36.314998626708984,37.1349983215332,30.650569915771484,270200,LECO
2011-03-30,37.25,37.814998626708984,37.25,37.40999984741211,30.877552032470703,265200,LECO
2011-03-31,37.3650016784668,38.025001525878906,36.92499923706055,37.959999084472656,31.331512451171875,420800,LECO
2011-04-01,38.0,38.35499954223633,37.80500030517578,38.34000015258789,31.645156860351562,251400,LECO
2011-04-04,38.2599983215332,38.755001068115234,38.185001373291016,38.279998779296875,31.595632553100586,305000,LECO
2011-04-05,38.27000045776367,38.83000183105469,38.04999923706055,38.5099983215332,31.785465240478516,257200,LECO
2011-04-06,38.7599983215332,38.959999084472656,38.130001068115234,38.56999969482422,31.834985733032227,146200,LECO
2011-04-07,38.5099983215332,38.66999816894531,38.04999923706055,38.224998474121094,31.550241470336914,180800,LECO
2011-04-08,38.41999816894531,38.41999816894531,37.599998474121094,37.880001068115234,31.265478134155273,351000,LECO
2011-04-11,38.05500030517578,38.09000015258789,37.54499816894531,37.7599983215332,31.166431427001953,153000,LECO
2011-04-12,37.5099983215332,37.5099983215332,36.810001373291016,37.095001220703125,30.6175537109375,239000,LECO
2011-04-13,37.41999816894531,37.435001373291016,36.88999938964844,37.30500030517578,30.790895462036133,232400,LECO
2011-04-14,37.119998931884766,37.31999969482422,36.75,37.26499938964844,30.75787353515625,98200,LECO
2011-04-15,37.40999984741211,37.75,37.17499923706055,37.6349983215332,31.06325912475586,182600,LECO
2011-04-18,37.040000915527344,37.07500076293945,35.6349983215332,36.23500061035156,29.90772247314453,528400,LECO
2011-04-19,36.314998626708984,36.8650016784668,36.209999084472656,36.790000915527344,30.36581039428711,240200,LECO
2011-04-20,37.43000030517578,37.82500076293945,37.2599983215332,37.70000076293945,31.11690902709961,224800,LECO
2011-04-21,37.92499923706055,38.13999938964844,37.6150016784668,38.04999923706055,31.405792236328125,142400,LECO
2011-04-25,37.92499923706055,38.04499816894531,37.43000030517578,37.97999954223633,31.3480224609375,152600,LECO
2011-04-26,38.130001068115234,39.44499969482422,38.084999084472656,38.939998626708984,32.14038848876953,440000,LECO
2011-04-27,38.97999954223633,39.11000061035156,37.814998626708984,39.07500076293945,32.25181198120117,276000,LECO
2011-04-28,38.97999954223633,39.540000915527344,38.560001373291016,39.119998931884766,32.288944244384766,182000,LECO
2011-04-29,39.11000061035156,39.44499969482422,38.84000015258789,39.290000915527344,32.42926788330078,308000,LECO
2011-05-02,39.470001220703125,39.6150016784668,38.974998474121094,38.97999954223633,32.17340087890625,244000,LECO
2011-05-03,38.959999084472656,39.23500061035156,38.224998474121094,38.46500015258789,31.748334884643555,238000,LECO
2011-05-04,38.474998474121094,38.560001373291016,37.494998931884766,37.59000015258789,31.026105880737305,207000,LECO
2011-05-05,37.42499923706055,37.77000045776367,37.185001373291016,37.375,30.848665237426758,260800,LECO
2011-05-06,37.974998474121094,38.66999816894531,37.36000061035156,37.599998474121094,31.034374237060547,436000,LECO
2011-05-09,37.67499923706055,38.3849983215332,37.5,38.275001525878906,31.59149742126465,358000,LECO
2011-05-10,38.540000915527344,38.57500076293945,38.165000915527344,38.3650016784668,31.665790557861328,200400,LECO
2011-05-11,38.30500030517578,38.470001220703125,37.59000015258789,37.724998474121094,31.137537002563477,226800,LECO
2011-05-12,37.60499954223633,38.095001220703125,37.279998779296875,38.0,31.364521026611328,199600,LECO
2011-05-13,38.07500076293945,38.07500076293945,37.33000183105469,37.459999084472656,30.918804168701172,140000,LECO
2011-05-16,37.34000015258789,37.779998779296875,37.04499816894531,37.1349983215332,30.650569915771484,320400,LECO
2011-05-17,36.974998474121094,37.08000183105469,36.244998931884766,36.380001068115234,30.027402877807617,339400,LECO
2011-05-18,36.48500061035156,37.25,36.18000030517578,37.05500030517578,30.58453941345215,347000,LECO
2011-05-19,37.224998474121094,37.72999954223633,37.220001220703125,37.41999816894531,30.88578987121582,282800,LECO
2011-05-20,38.29499816894531,38.36000061035156,37.26499938964844,37.36000061035156,30.83628273010254,421200,LECO
2011-05-23,36.84000015258789,37.275001525878906,36.29499816894531,36.380001068115234,30.027402877807617,330200,LECO
2011-05-24,36.400001525878906,36.66999816894531,35.79499816894531,36.14500045776367,29.83344268798828,295000,LECO
2011-05-25,35.935001373291016,36.36000061035156,35.630001068115234,36.26499938964844,29.932477951049805,425400,LECO
2011-05-26,36.18000030517578,36.57500076293945,35.97999954223633,36.48500061035156,30.114070892333984,336000,LECO
2011-05-27,36.63999938964844,36.994998931884766,36.584999084472656,36.88999938964844,30.448347091674805,170400,LECO
2011-05-31,37.244998931884766,37.375,36.744998931884766,37.32500076293945,30.807390213012695,1214200,LECO
2011-06-01,36.959999084472656,38.459999084472656,36.22999954223633,36.27000045776367,29.936614990234375,679400,LECO
2011-06-02,36.400001525878906,37.459999084472656,36.29999923706055,37.11000061035156,30.629928588867188,563400,LECO
2011-06-03,36.599998474121094,37.04999923706055,36.0,36.400001525878906,30.043907165527344,386200,LECO
2011-06-06,36.43000030517578,36.70000076293945,35.86000061035156,35.970001220703125,29.689001083374023,255600,LECO
2011-06-07,36.43000030517578,36.43000030517578,35.90999984741211,35.97999954223633,29.697254180908203,353600,LECO
2011-06-08,35.81999969482422,35.900001525878906,35.560001373291016,35.66999816894531,29.441377639770508,465300,LECO
2011-06-09,35.810001373291016,35.97999954223633,35.43000030517578,35.77000045776367,29.52392578125,283400,LECO
2011-06-10,35.439998626708984,35.619998931884766,34.880001068115234,34.970001220703125,28.863616943359375,451200,LECO
2011-06-13,35.209999084472656,35.619998931884766,34.93000030517578,35.060001373291016,28.937898635864258,264100,LECO
2011-06-14,35.56999969482422,36.06999969482422,35.119998931884766,35.849998474121094,29.589956283569336,191800,LECO
2011-06-15,35.470001220703125,35.709999084472656,35.130001068115234,35.189998626708984,29.045190811157227,453900,LECO
2011-06-16,35.220001220703125,35.369998931884766,34.61000061035156,35.029998779296875,28.913135528564453,306600,LECO
2011-06-17,35.38999938964844,35.54999923706055,34.83000183105469,34.959999084472656,28.85536003112793,456800,LECO
2011-06-20,34.47999954223633,34.65999984741211,32.29999923706055,33.4900016784668,27.642053604125977,1330800,LECO
2011-06-21,33.7400016784668,34.54999923706055,33.459999084472656,34.459999084472656,28.442659378051758,785700,LECO
2011-06-22,34.22999954223633,34.59000015258789,33.90999984741211,33.95000076293945,28.021724700927734,550300,LECO
2011-06-23,33.4900016784668,34.34000015258789,32.849998474121094,34.189998626708984,28.219816207885742,814200,LECO
2011-06-24,34.18000030517578,34.380001068115234,33.22999954223633,33.27000045776367,27.460466384887695,938000,LECO
2011-06-27,33.22999954223633,33.9900016784668,33.02000045776367,33.7599983215332,27.864904403686523,461100,LECO
2011-06-28,33.650001525878906,34.310001373291016,33.650001525878906,34.27000045776367,28.416318893432617,266200,LECO
2011-06-29,34.40999984741211,35.34000015258789,34.189998626708984,35.310001373291016,29.278675079345703,660600,LECO
2011-06-30,35.40999984741211,35.939998626708984,35.16999816894531,35.849998474121094,29.7264404296875,505100,LECO
2011-07-01,35.93000030517578,36.75,35.65999984741211,36.66999816894531,30.4063720703125,341200,LECO
2011-07-05,36.61000061035156,36.93000030517578,36.04999923706055,36.43000030517578,30.207355499267578,267600,LECO
2011-07-06,36.349998474121094,37.36000061035156,36.25,37.310001373291016,30.937063217163086,462900,LECO
2011-07-07,37.63999938964844,37.79999923706055,37.4900016784668,37.7599983215332,31.310184478759766,295900,LECO
2011-07-08,37.189998626708984,37.63999938964844,36.86000061035156,37.439998626708984,31.044851303100586,341300,LECO
2011-07-11,36.91999816894531,37.150001525878906,36.52000045776367,36.709999084472656,30.43953514099121,321900,LECO
2011-07-12,36.4900016784668,36.7400016784668,36.16999816894531,36.290000915527344,30.091276168823242,219000,LECO
2011-07-13,36.459999084472656,36.79999923706055,36.08000183105469,36.130001068115234,29.958602905273438,256100,LECO
2011-07-14,36.31999969482422,36.349998474121094,34.97999954223633,35.08000183105469,29.087961196899414,335400,LECO
2011-07-15,35.279998779296875,35.619998931884766,34.880001068115234,35.54999923706055,29.47768211364746,316700,LECO
2011-07-18,35.369998931884766,35.619998931884766,34.54999923706055,34.90999984741211,28.946998596191406,212200,LECO
2011-07-19,35.31999969482422,35.97999954223633,35.209999084472656,35.88999938964844,29.759599685668945,310400,LECO
2011-07-20,36.060001373291016,36.08000183105469,35.16999816894531,35.75,29.643510818481445,334300,LECO
2011-07-21,36.75,39.18000030517578,36.75,38.439998626708984,31.8740291595459,1031700,LECO
2011-07-22,38.38999938964844,38.79999923706055,37.810001373291016,37.91999816894531,31.442869186401367,539200,LECO
2011-07-25,37.560001373291016,38.54999923706055,37.52000045776367,38.150001525878906,31.633573532104492,412600,LECO
2011-07-26,38.29999923706055,38.29999923706055,36.56999969482422,36.650001525878906,30.389780044555664,251200,LECO
2011-07-27,36.5,36.66999816894531,35.119998931884766,35.52000045776367,29.45280647277832,384600,LECO
2011-07-28,35.5099983215332,35.630001068115234,34.540000915527344,34.58000183105469,28.67336654663086,317000,LECO
2011-07-29,33.9900016784668,34.56999969482422,33.720001220703125,34.220001220703125,28.374853134155273,286800,LECO
2011-08-01,34.77000045776367,35.20000076293945,33.560001373291016,34.09000015258789,28.267059326171875,387300,LECO
2011-08-02,33.91999816894531,34.22999954223633,32.939998626708984,32.970001220703125,27.33836555480957,370900,LECO
2011-08-03,33.0099983215332,33.689998626708984,32.189998626708984,33.470001220703125,27.75296401977539,435200,LECO
2011-08-04,33.0,33.0099983215332,31.56999969482422,31.59000015258789,26.194089889526367,603300,LECO
2011-08-05,32.06999969482422,32.52000045776367,30.600000381469727,31.280000686645508,25.937036514282227,615600,LECO
2011-08-08,30.0,30.75,27.93000030517578,27.989999771118164,23.209001541137695,658000,LECO
2011-08-09,28.709999084472656,30.110000610351562,27.469999313354492,30.09000015258789,24.950305938720703,709200,LECO
2011-08-10,29.299999237060547,30.329999923706055,28.889999389648438,29.010000228881836,24.054780960083008,516900,LECO
2011-08-11,29.229999542236328,32.560001373291016,29.010000228881836,32.040000915527344,26.567216873168945,694200,LECO
2011-08-12,32.47999954223633,33.0099983215332,31.739999771118164,32.08000183105469,26.600387573242188,495900,LECO
2011-08-15,32.36000061035156,32.880001068115234,32.0099983215332,32.7599983215332,27.164236068725586,321300,LECO
2011-08-16,32.310001373291016,32.810001373291016,32.02000045776367,32.5099983215332,26.95693588256836,332100,LECO
2011-08-17,32.81999969482422,32.880001068115234,32.06999969482422,32.47999954223633,26.932064056396484,246500,LECO
2011-08-18,31.34000015258789,31.34000015258789,30.1299991607666,30.40999984741211,25.21564483642578,348800,LECO
2011-08-19,29.959999084472656,31.139999389648438,29.579999923706055,29.6299991607666,24.56887435913086,449900,LECO
2011-08-22,30.43000030517578,30.90999984741211,29.510000228881836,29.690000534057617,24.618629455566406,505100,LECO
2011-08-23,29.770000457763672,31.329999923706055,29.5,31.329999923706055,25.978504180908203,260500,LECO
2011-08-24,31.31999969482422,32.16999816894531,30.81999969482422,32.06999969482422,26.592098236083984,197200,LECO
2011-08-25,32.400001525878906,32.5,31.170000076293945,31.440000534057617,26.06970977783203,293400,LECO
2011-08-26,31.110000610351562,32.720001220703125,30.540000915527344,32.619998931884766,27.04815101623535,205000,LECO
2011-08-29,33.189998626708984,33.630001068115234,32.709999084472656,33.52000045776367,27.794418334960938,320600,LECO
2011-08-30,33.310001373291016,33.81999969482422,33.0099983215332,33.61000061035156,27.86905288696289,476700,LECO
2011-08-31,33.939998626708984,34.66999816894531,33.599998474121094,34.029998779296875,28.217313766479492,285800,LECO
2011-09-01,34.099998474121094,34.38999938964844,32.83000183105469,33.060001373291016,27.412992477416992,286400,LECO
2011-09-02,32.2400016784668,32.66999816894531,31.260000228881836,31.559999465942383,26.169208526611328,256900,LECO
2011-09-06,30.290000915527344,31.270000457763672,30.139999389648438,31.1299991607666,25.812664031982422,439200,LECO
2011-09-07,31.760000228881836,32.349998474121094,31.520000457763672,32.279998779296875,26.766225814819336,450000,LECO
2011-09-08,32.0,32.470001220703125,31.479999542236328,31.65999984741211,26.252134323120117,351000,LECO
2011-09-09,31.280000686645508,31.790000915527344,30.510000228881836,30.739999771118164,25.489280700683594,335200,LECO
2011-09-12,30.06999969482422,30.790000915527344,29.969999313354492,30.780000686645508,25.52244758605957,287100,LECO
2011-09-13,30.920000076293945,31.600000381469727,30.649999618530273,31.420000076293945,26.053123474121094,258000,LECO
2011-09-14,31.690000534057617,32.779998779296875,30.979999542236328,32.18000030517578,26.683303833007812,277500,LECO
2011-09-15,32.560001373291016,33.13999938964844,32.20000076293945,32.970001220703125,27.33836555480957,259100,LECO
2011-09-16,32.97999954223633,33.279998779296875,32.529998779296875,32.81999969482422,27.213991165161133,632700,LECO
2011-09-19,32.150001525878906,34.130001068115234,31.940000534057617,33.65999984741211,27.910505294799805,773700,LECO
2011-09-20,33.849998474121094,34.470001220703125,33.13999938964844,33.15999984741211,27.495912551879883,562200,LECO
2011-09-21,32.9900016784668,33.099998474121094,30.520000457763672,30.639999389648438,25.406354904174805,828200,LECO
2011-09-22,29.6200008392334,30.3799991607666,29.0,29.520000457763672,24.4776668548584,648900,LECO
2011-09-23,29.389999389648438,30.020000457763672,29.110000610351562,29.530000686645508,24.48595428466797,391700,LECO
2011-09-26,29.739999771118164,30.540000915527344,28.90999984741211,30.469999313354492,25.265390396118164,390300,LECO
2011-09-27,31.270000457763672,32.40999984741211,30.889999389648438,31.420000076293945,26.053123474121094,256400,LECO
2011-09-28,31.440000534057617,31.809999465942383,29.639999389648438,29.739999771118164,24.78234100341797,350600,LECO
2011-09-29,30.34000015258789,30.829999923706055,29.5,30.5,25.415645599365234,254700,LECO
2011-09-30,29.809999465942383,30.059999465942383,28.989999771118164,29.010000228881836,24.17403221130371,475400,LECO
2011-10-03,28.860000610351562,29.510000228881836,27.170000076293945,27.299999237060547,22.749094009399414,398200,LECO
2011-10-04,26.84000015258789,29.290000915527344,26.84000015258789,29.209999084472656,24.3406925201416,547200,LECO
2011-10-05,29.389999389648438,30.100000381469727,28.93000030517578,29.940000534057617,24.94900131225586,236100,LECO
2011-10-06,29.90999984741211,31.0,29.739999771118164,30.950000762939453,25.790637969970703,372900,LECO
2011-10-07,31.139999389648438,31.15999984741211,30.010000228881836,30.700000762939453,25.58230972290039,367700,LECO
2011-10-10,31.389999389648438,32.11000061035156,31.290000915527344,32.09000015258789,26.74058723449707,202900,LECO
2011-10-11,31.780000686645508,32.720001220703125,31.690000534057617,32.619998931884766,27.1822452545166,217900,LECO
2011-10-12,32.90999984741211,33.5,32.79999923706055,33.04999923706055,27.540555953979492,222000,LECO
2011-10-13,32.75,33.40999984741211,32.27000045776367,33.34000015258789,27.7822208404541,297200,LECO
2011-10-14,33.91999816894531,33.91999816894531,32.97999954223633,33.720001220703125,28.098878860473633,193900,LECO
2011-10-17,33.5,33.91999816894531,32.310001373291016,32.43000030517578,27.023916244506836,243000,LECO
2011-10-18,32.54999923706055,33.9900016784668,32.11000061035156,33.5099983215332,27.92388343811035,204800,LECO
2011-10-19,33.380001068115234,33.54999923706055,32.380001068115234,32.59000015258789,27.15724754333496,177700,LECO
2011-10-20,32.61000061035156,33.20000076293945,31.889999389648438,32.720001220703125,27.265575408935547,220600,LECO
2011-10-21,33.279998779296875,34.0099983215332,32.83000183105469,33.91999816894531,28.265525817871094,365000,LECO
2011-10-24,34.11000061035156,36.130001068115234,34.06999969482422,36.060001373291016,30.048797607421875,376000,LECO
2011-10-25,35.630001068115234,36.060001373291016,35.0099983215332,35.099998474121094,29.248823165893555,487800,LECO
2011-10-26,35.5,36.189998626708984,34.65999984741211,36.16999816894531,30.140464782714844,316200,LECO
2011-10-27,36.4900016784668,38.2400016784668,36.2400016784668,37.65999984741211,31.38206672668457,550200,LECO
2011-10-28,37.59000015258789,37.7400016784668,37.209999084472656,37.459999084472656,31.215404510498047,257300,LECO
2011-10-31,36.95000076293945,37.529998779296875,36.400001525878906,36.400001525878906,30.33211898803711,329400,LECO
2011-11-01,35.16999816894531,35.9900016784668,34.2400016784668,34.66999816894531,28.8905086517334,458200,LECO
2011-11-02,35.310001373291016,35.959999084472656,34.869998931884766,35.54999923706055,29.623815536499023,249100,LECO
2011-11-03,36.150001525878906,38.0,36.0099983215332,37.56999969482422,31.30707359313965,383300,LECO
2011-11-04,37.130001068115234,37.5,36.65999984741211,37.369998931884766,31.140424728393555,232600,LECO
2011-11-07,37.41999816894531,37.650001525878906,36.36000061035156,37.400001525878906,31.165422439575195,178500,LECO
2011-11-08,37.7400016784668,38.029998779296875,36.97999954223633,37.93000030517578,31.607059478759766,224900,LECO
2011-11-09,36.900001525878906,37.34000015258789,35.939998626708984,36.33000183105469,30.273786544799805,265500,LECO
2011-11-10,36.970001220703125,37.27000045776367,36.290000915527344,37.0,30.83210563659668,442200,LECO
2011-11-11,37.4900016784668,38.40999984741211,37.09000015258789,37.9900016784668,31.657066345214844,305900,LECO
2011-11-14,37.86000061035156,37.86000061035156,36.90999984741211,37.459999084472656,31.215404510498047,342600,LECO
2011-11-15,37.220001220703125,38.779998779296875,37.220001220703125,38.54999923706055,32.12370681762695,489100,LECO
2011-11-16,38.15999984741211,39.02000045776367,37.59000015258789,38.209999084472656,31.840391159057617,341500,LECO
2011-11-17,38.220001220703125,38.29999923706055,37.04999923706055,37.290000915527344,31.07375717163086,356700,LECO
2011-11-18,37.58000183105469,38.08000183105469,37.08000183105469,37.81999969482422,31.51541519165039,357900,LECO
2011-11-21,37.08000183105469,37.54999923706055,36.369998931884766,36.720001220703125,30.598772048950195,320100,LECO
2011-11-22,36.689998626708984,36.90999984741211,36.06999969482422,36.529998779296875,30.440446853637695,414600,LECO
2011-11-23,36.15999984741211,36.40999984741211,35.349998474121094,35.43000030517578,29.52382469177246,217000,LECO
2011-11-25,35.2599983215332,36.060001373291016,35.2599983215332,35.36000061035156,29.465486526489258,104700,LECO
2011-11-28,36.58000183105469,37.400001525878906,36.529998779296875,37.08000183105469,30.898773193359375,276800,LECO
2011-11-29,37.2599983215332,37.650001525878906,36.83000183105469,36.959999084472656,30.79876708984375,374800,LECO
2011-11-30,38.36000061035156,39.599998474121094,38.36000061035156,39.47999954223633,32.898685455322266,1137900,LECO
2011-12-01,39.369998931884766,39.86000061035156,38.9900016784668,39.0,32.49870681762695,275400,LECO
2011-12-02,39.58000183105469,39.58000183105469,38.900001525878906,39.06999969482422,32.55702590942383,225900,LECO
2011-12-05,39.70000076293945,40.099998474121094,39.349998474121094,39.54999923706055,32.957008361816406,280200,LECO
2011-12-06,39.70000076293945,39.97999954223633,39.02000045776367,39.7599983215332,33.13201904296875,246900,LECO
2011-12-07,39.459999084472656,39.650001525878906,38.369998931884766,38.95000076293945,32.45703125,312600,LECO
2011-12-08,38.779998779296875,39.310001373291016,37.68000030517578,37.91999816894531,31.598745346069336,257000,LECO
2011-12-09,38.150001525878906,38.93000030517578,37.75,38.83000183105469,32.35702896118164,204600,LECO
2011-12-12,38.220001220703125,38.34000015258789,37.20000076293945,37.900001525878906,31.582073211669922,274000,LECO
2011-12-13,38.36000061035156,38.7599983215332,37.04999923706055,37.27000045776367,31.057085037231445,221900,LECO
2011-12-14,36.95000076293945,37.150001525878906,36.20000076293945,36.68000030517578,30.56545066833496,286600,LECO
2011-12-15,37.34000015258789,37.52000045776367,36.95000076293945,37.400001525878906,31.165422439575195,303100,LECO
2011-12-16,37.689998626708984,38.540000915527344,37.459999084472656,38.119998931884766,31.765396118164062,738800,LECO
2011-12-19,38.40999984741211,38.599998474121094,37.189998626708984,37.310001373291016,31.09043312072754,184500,LECO
2011-12-20,38.060001373291016,39.2599983215332,37.849998474121094,38.86000061035156,32.382041931152344,218600,LECO
2011-12-21,38.849998474121094,39.189998626708984,38.0,39.13999938964844,32.6153678894043,255700,LECO
2011-12-22,39.25,39.45000076293945,38.90999984741211,39.06999969482422,32.55702590942383,214700,LECO
2011-12-23,39.150001525878906,39.540000915527344,38.93000030517578,39.40999984741211,32.84035873413086,162000,LECO
2011-12-27,39.09000015258789,39.72999954223633,38.849998474121094,39.540000915527344,32.94868850708008,192000,LECO
2011-12-28,39.41999816894531,39.58000183105469,38.439998626708984,38.599998474121094,32.304264068603516,202600,LECO
2011-12-29,38.869998931884766,39.650001525878906,38.79999923706055,39.349998474121094,32.93194580078125,153500,LECO
2011-12-30,39.220001220703125,39.43000030517578,38.939998626708984,39.119998931884766,32.73945236206055,273700,LECO
2012-01-03,39.93000030517578,40.43000030517578,39.33000183105469,39.47999954223633,33.04073715209961,264800,LECO
2012-01-04,39.279998779296875,39.95000076293945,39.2599983215332,39.779998779296875,33.291812896728516,217300,LECO
2012-01-05,39.43000030517578,40.04999923706055,38.959999084472656,39.97999954223633,33.459190368652344,225700,LECO
2012-01-06,40.0099983215332,40.04999923706055,39.5,39.83000183105469,33.33366012573242,142000,LECO
2012-01-09,40.150001525878906,40.650001525878906,39.88999938964844,40.4900016784668,33.88600158691406,132800,LECO
2012-01-10,41.0,41.04999923706055,40.540000915527344,40.61000061035156,33.98644256591797,251600,LECO
2012-01-11,40.52000045776367,41.2400016784668,40.0099983215332,40.9900016784668,34.304447174072266,228900,LECO
2012-01-12,41.08000183105469,41.61000061035156,40.61000061035156,41.470001220703125,34.70616912841797,153400,LECO
2012-01-13,41.15999984741211,41.470001220703125,40.68000030517578,41.349998474121094,34.60573959350586,141200,LECO
2012-01-17,41.880001068115234,42.369998931884766,41.2599983215332,41.439998626708984,34.68105697631836,216000,LECO
2012-01-18,41.5099983215332,42.04999923706055,41.16999816894531,41.9900016784668,35.141353607177734,251000,LECO
2012-01-19,42.060001373291016,42.5,41.97999954223633,42.18000030517578,35.30036926269531,173700,LECO
2012-01-20,42.209999084472656,42.68000030517578,41.95000076293945,42.2400016784668,35.350582122802734,254600,LECO
2012-01-23,42.380001068115234,42.7400016784668,42.0,42.099998474121094,35.23341751098633,179300,LECO
2012-01-24,41.77000045776367,42.31999969482422,41.560001373291016,41.9900016784668,35.141353607177734,385900,LECO
2012-01-25,42.02000045776367,42.540000915527344,41.33000183105469,42.4900016784668,35.55980682373047,342600,LECO
2012-01-26,42.7400016784668,42.83000183105469,42.38999938964844,42.63999938964844,35.68534469604492,263100,LECO
2012-01-27,42.47999954223633,43.0099983215332,42.47999954223633,42.95000076293945,35.94477462768555,243800,LECO
2012-01-30,42.650001525878906,43.290000915527344,42.2599983215332,43.130001068115234,36.095428466796875,310600,LECO
2012-01-31,43.369998931884766,43.5,42.58000183105469,42.95000076293945,35.94477462768555,358600,LECO
2012-02-01,43.11000061035156,44.38999938964844,43.11000061035156,44.2400016784668,37.024383544921875,412500,LECO
2012-02-02,44.439998626708984,44.459999084472656,43.83000183105469,43.88999938964844,36.73146438598633,280100,LECO
2012-02-03,44.400001525878906,45.59000015258789,44.0,45.400001525878906,37.99518585205078,351900,LECO
2012-02-06,45.220001220703125,45.599998474121094,45.0099983215332,45.349998474121094,37.953330993652344,239200,LECO
2012-02-07,45.08000183105469,45.7400016784668,44.93000030517578,45.27000045776367,37.88637924194336,316400,LECO
2012-02-08,45.33000183105469,45.779998779296875,45.0099983215332,45.2400016784668,37.86127853393555,229600,LECO
2012-02-09,45.36000061035156,45.56999969482422,44.720001220703125,45.0,37.660423278808594,300400,LECO
2012-02-10,44.61000061035156,44.900001525878906,44.20000076293945,44.63999938964844,37.3591423034668,251700,LECO
2012-02-13,45.220001220703125,45.81999969482422,44.63999938964844,45.79999923706055,38.32993698120117,198700,LECO
2012-02-14,45.66999816894531,45.86000061035156,45.279998779296875,45.66999816894531,38.22114181518555,254900,LECO
2012-02-15,45.93000030517578,45.93000030517578,44.709999084472656,44.849998474121094,37.53488540649414,395200,LECO
2012-02-16,44.869998931884766,45.59000015258789,44.7400016784668,45.470001220703125,38.053768157958984,416800,LECO
2012-02-17,46.849998474121094,47.75,45.619998931884766,45.79999923706055,38.32993698120117,370400,LECO
2012-02-21,46.04999923706055,46.88999938964844,46.029998779296875,46.63999938964844,39.03293228149414,298200,LECO
2012-02-22,46.689998626708984,47.119998931884766,46.150001525878906,46.45000076293945,38.87392807006836,269900,LECO
2012-02-23,46.5,46.90999984741211,45.75,46.380001068115234,38.815338134765625,296100,LECO
2012-02-24,46.470001220703125,46.959999084472656,46.02000045776367,46.709999084472656,39.091522216796875,290700,LECO
2012-02-27,46.22999954223633,46.7599983215332,45.52000045776367,46.43000030517578,38.85719299316406,295900,LECO
2012-02-28,46.459999084472656,46.75,45.939998626708984,46.310001373291016,38.75675582885742,234200,LECO
2012-02-29,46.41999816894531,46.90999984741211,46.08000183105469,46.189998626708984,38.65632629394531,307700,LECO
2012-03-01,46.54999923706055,46.880001068115234,46.2599983215332,46.63999938964844,39.03293228149414,264800,LECO
2012-03-02,46.70000076293945,46.83000183105469,45.84000015258789,46.04999923706055,38.539161682128906,346500,LECO
2012-03-05,46.0099983215332,46.27000045776367,45.7400016784668,45.939998626708984,38.44709396362305,232600,LECO
2012-03-06,45.630001068115234,45.72999954223633,44.88999938964844,45.0099983215332,37.66877746582031,417200,LECO
2012-03-07,45.400001525878906,45.75,45.0099983215332,45.58000183105469,38.145816802978516,234500,LECO
2012-03-08,45.9900016784668,46.720001220703125,45.81999969482422,46.470001220703125,38.89065933227539,427000,LECO
2012-03-09,46.5099983215332,47.40999984741211,46.400001525878906,46.88999938964844,39.24215316772461,226600,LECO
2012-03-12,46.9900016784668,47.130001068115234,46.47999954223633,46.58000183105469,38.98271560668945,224300,LECO
2012-03-13,46.810001373291016,47.5,46.7599983215332,47.4900016784668,39.744293212890625,384400,LECO
2012-03-14,47.34000015258789,47.709999084472656,47.22999954223633,47.290000915527344,39.5769157409668,225400,LECO
2012-03-15,47.529998779296875,47.869998931884766,47.2599983215332,47.31999969482422,39.60201644897461,327600,LECO
2012-03-16,47.2599983215332,47.470001220703125,46.93000030517578,47.0,39.33422088623047,431900,LECO
2012-03-19,46.810001373291016,47.349998474121094,46.72999954223633,46.83000183105469,39.19194412231445,385700,LECO
2012-03-20,46.52000045776367,46.7400016784668,45.68000030517578,46.029998779296875,38.52241134643555,308500,LECO
2012-03-21,46.09000015258789,46.310001373291016,45.790000915527344,46.08000183105469,38.56427001953125,544500,LECO
2012-03-22,45.720001220703125,46.38999938964844,44.439998626708984,44.77000045776367,37.46794509887695,352200,LECO
2012-03-23,44.709999084472656,45.220001220703125,44.41999816894531,45.04999923706055,37.70226287841797,288800,LECO
2012-03-26,45.61000061035156,45.83000183105469,44.95000076293945,45.650001525878906,38.20441436767578,273500,LECO
2012-03-27,45.869998931884766,45.88999938964844,45.52000045776367,45.56999969482422,38.1374626159668,213200,LECO
2012-03-28,45.72999954223633,45.77000045776367,44.400001525878906,45.18000030517578,37.95265197753906,292800,LECO
2012-03-29,44.709999084472656,45.130001068115234,44.20000076293945,44.95000076293945,37.75944137573242,209600,LECO
2012-03-30,45.060001373291016,45.52000045776367,44.90999984741211,45.349998474121094,38.095455169677734,375400,LECO
2012-04-02,45.279998779296875,46.08000183105469,44.849998474121094,45.63999938964844,38.339054107666016,412400,LECO
2012-04-03,45.630001068115234,45.900001525878906,45.150001525878906,45.65999984741211,38.35586166381836,283600,LECO
2012-04-04,45.16999816894531,45.380001068115234,44.560001373291016,45.220001220703125,37.986263275146484,296000,LECO
2012-04-05,44.959999084472656,45.439998626708984,44.959999084472656,45.119998931884766,37.90224075317383,238200,LECO
2012-04-09,44.43000030517578,44.43000030517578,43.90999984741211,44.369998931884766,37.272220611572266,211800,LECO
2012-04-10,44.290000915527344,45.0,43.2599983215332,43.38999938964844,36.4489860534668,306700,LECO
2012-04-11,43.689998626708984,44.2400016784668,43.619998931884766,44.189998626708984,37.12100601196289,204900,LECO
2012-04-12,44.220001220703125,45.36000061035156,44.099998474121094,45.20000076293945,37.96944046020508,192800,LECO
2012-04-13,45.06999969482422,45.09000015258789,44.349998474121094,44.40999984741211,37.30582046508789,156200,LECO
2012-04-16,44.689998626708984,45.31999969482422,44.349998474121094,44.880001068115234,37.70063781738281,186700,LECO
2012-04-17,45.31999969482422,46.40999984741211,45.279998779296875,46.25,38.85147476196289,313700,LECO
2012-04-18,45.970001220703125,46.58000183105469,45.7599983215332,46.220001220703125,38.82628631591797,281800,LECO
2012-04-19,46.150001525878906,46.81999969482422,45.650001525878906,45.9900016784668,38.63307189941406,272800,LECO
2012-04-20,46.20000076293945,46.939998626708984,45.9900016784668,46.31999969482422,38.9102897644043,178100,LECO
2012-04-23,45.81999969482422,45.81999969482422,44.84000015258789,45.65999984741211,38.35586166381836,217800,LECO
2012-04-24,46.79999923706055,47.45000076293945,46.16999816894531,47.22999954223633,39.674713134765625,506300,LECO
2012-04-25,47.939998626708984,48.95000076293945,47.790000915527344,48.5,40.741546630859375,625900,LECO
2012-04-26,48.5,49.099998474121094,48.029998779296875,48.970001220703125,41.136375427246094,408900,LECO
2012-04-27,49.34000015258789,49.4900016784668,48.79999923706055,49.349998474121094,41.455562591552734,345800,LECO
2012-04-30,49.43000030517578,49.43000030517578,48.45000076293945,49.0099983215332,41.16997146606445,267000,LECO
2012-05-01,48.869998931884766,49.849998474121094,48.599998474121094,49.27000045776367,41.388370513916016,283000,LECO
2012-05-02,49.0,50.18000030517578,48.63999938964844,49.9900016784668,41.99319839477539,373100,LECO
2012-05-03,50.099998474121094,50.33000183105469,49.40999984741211,49.81999969482422,41.85038757324219,449800,LECO
2012-05-04,49.45000076293945,49.66999816894531,48.5,48.7400016784668,40.94314956665039,333100,LECO
2012-05-07,48.45000076293945,49.34000015258789,48.290000915527344,49.16999816894531,41.30437088012695,282000,LECO
2012-05-08,48.65999984741211,48.91999816894531,47.619998931884766,48.68000030517578,40.89276885986328,669300,LECO
2012-05-09,48.150001525878906,49.310001373291016,47.93000030517578,48.9900016784668,41.153160095214844,375200,LECO
2012-05-10,49.36000061035156,49.4900016784668,48.7400016784668,48.91999816894531,41.09436798095703,327000,LECO
2012-05-11,48.52000045776367,49.4900016784668,48.220001220703125,49.130001068115234,41.27077102661133,247700,LECO
2012-05-14,48.47999954223633,49.08000183105469,47.88999938964844,48.560001373291016,40.79195785522461,169200,LECO
2012-05-15,48.599998474121094,49.09000015258789,48.310001373291016,48.47999954223633,40.724754333496094,214000,LECO
2012-05-16,48.7400016784668,49.150001525878906,48.09000015258789,48.20000076293945,40.489540100097656,211400,LECO
2012-05-17,48.20000076293945,48.619998931884766,46.15999984741211,46.27000045776367,38.86827850341797,427100,LECO
2012-05-18,46.61000061035156,46.7400016784668,45.720001220703125,45.95000076293945,38.59947204589844,458600,LECO
2012-05-21,45.88999938964844,47.2599983215332,45.75,47.2400016784668,39.68312072753906,320200,LECO
2012-05-22,47.220001220703125,48.09000015258789,47.220001220703125,47.970001220703125,40.29633712768555,285000,LECO
2012-05-23,47.33000183105469,48.88999938964844,47.279998779296875,48.88999938964844,41.06917190551758,244000,LECO
2012-05-24,49.45000076293945,49.52000045776367,48.47999954223633,49.52000045776367,41.5983772277832,308600,LECO
2012-05-25,49.470001220703125,49.689998626708984,48.36000061035156,48.540000915527344,40.775146484375,195200,LECO
2012-05-29,49.22999954223633,50.36000061035156,49.099998474121094,49.4900016784668,41.57318878173828,263100,LECO
2012-05-30,48.81999969482422,49.33000183105469,48.52000045776367,48.66999816894531,40.88434600830078,227300,LECO
2012-05-31,48.66999816894531,48.66999816894531,47.22999954223633,47.58000183105469,39.968719482421875,728900,LECO
2012-06-01,46.5099983215332,46.630001068115234,44.900001525878906,45.150001525878906,37.92743682861328,573100,LECO
2012-06-04,45.15999984741211,45.5099983215332,43.619998931884766,44.540000915527344,37.4150276184082,668600,LECO
2012-06-05,44.290000915527344,44.52000045776367,43.689998626708984,44.40999984741211,37.30582046508789,505700,LECO
2012-06-06,44.72999954223633,45.90999984741211,44.72999954223633,45.90999984741211,38.56586837768555,241900,LECO
2012-06-07,46.380001068115234,47.09000015258789,45.720001220703125,45.79999923706055,38.47346496582031,280700,LECO
2012-06-08,45.65999984741211,46.18000030517578,45.29999923706055,45.720001220703125,38.40625762939453,402800,LECO
2012-06-11,46.25,46.31999969482422,44.540000915527344,44.61000061035156,37.47382736206055,389800,LECO
2012-06-12,44.849998474121094,45.150001525878906,44.45000076293945,45.09000015258789,37.87704849243164,391700,LECO
2012-06-13,44.97999954223633,45.369998931884766,44.2400016784668,44.38999938964844,37.28901290893555,432600,LECO
2012-06-14,44.380001068115234,44.709999084472656,43.54999923706055,43.79999923706055,36.793399810791016,450500,LECO
2012-06-15,43.970001220703125,44.209999084472656,43.209999084472656,43.369998931884766,36.43218231201172,874200,LECO
2012-06-18,43.0099983215332,43.79999923706055,42.38999938964844,43.68000030517578,36.69260787963867,748900,LECO
2012-06-19,44.04999923706055,45.790000915527344,43.959999084472656,45.09000015258789,37.87704849243164,621400,LECO
2012-06-20,44.959999084472656,45.08000183105469,43.849998474121094,44.13999938964844,37.079010009765625,524700,LECO
2012-06-21,44.06999969482422,44.310001373291016,41.810001373291016,42.09000015258789,35.35694885253906,786600,LECO
2012-06-22,42.400001525878906,42.900001525878906,42.130001068115234,42.77000045776367,35.92816925048828,1384600,LECO
2012-06-25,42.220001220703125,42.29999923706055,41.41999816894531,41.59000015258789,34.93692398071289,498800,LECO
2012-06-26,41.81999969482422,42.470001220703125,41.5,42.34000015258789,35.566959381103516,434000,LECO
2012-06-27,42.380001068115234,42.66999816894531,42.099998474121094,42.279998779296875,35.65973663330078,343800,LECO
2012-06-28,41.7599983215332,42.380001068115234,41.650001525878906,42.25,35.634429931640625,916400,LECO
2012-06-29,43.369998931884766,43.84000015258789,43.13999938964844,43.790000915527344,36.93329620361328,343100,LECO
2012-07-02,43.79999923706055,43.97999954223633,42.84000015258789,43.310001373291016,36.5284538269043,429300,LECO
2012-07-03,43.2400016784668,43.880001068115234,43.20000076293945,43.779998779296875,36.924861907958984,219800,LECO
2012-07-05,43.540000915527344,44.47999954223633,43.52000045776367,44.40999984741211,37.456207275390625,358600,LECO
2012-07-06,43.869998931884766,44.25,42.90999984741211,43.459999084472656,36.65496063232422,174000,LECO
2012-07-09,43.34000015258789,43.52000045776367,42.91999816894531,43.459999084472656,36.65496063232422,264500,LECO
2012-07-10,43.70000076293945,44.04999923706055,42.33000183105469,42.459999084472656,35.81153869628906,410200,LECO
2012-07-11,42.43000030517578,42.619998931884766,42.060001373291016,42.2599983215332,35.64285659790039,599100,LECO
2012-07-12,41.81999969482422,42.66999816894531,41.63999938964844,42.45000076293945,35.80311584472656,351400,LECO
2012-07-13,42.650001525878906,43.75,42.5,43.68000030517578,36.840518951416016,402900,LECO
2012-07-16,43.599998474121094,43.970001220703125,42.81999969482422,42.9900016784668,36.258548736572266,254300,LECO
2012-07-17,43.209999084472656,43.47999954223633,42.349998474121094,43.040000915527344,36.30073928833008,220500,LECO
2012-07-18,42.93000030517578,44.16999816894531,42.619998931884766,44.150001525878906,37.2369270324707,353200,LECO
2012-07-19,44.459999084472656,45.04999923706055,44.08000183105469,44.619998931884766,37.63332748413086,224900,LECO
2012-07-20,44.209999084472656,44.70000076293945,43.88999938964844,44.599998474121094,37.6164436340332,322700,LECO
2012-07-23,43.689998626708984,44.56999969482422,42.900001525878906,44.36000061035156,37.41404342651367,213900,LECO
2012-07-24,44.400001525878906,44.599998474121094,42.97999954223633,43.470001220703125,36.66339874267578,252000,LECO
2012-07-25,43.47999954223633,43.61000061035156,42.060001373291016,42.220001220703125,35.6091194152832,463300,LECO
2012-07-26,43.11000061035156,43.59000015258789,42.34000015258789,42.900001525878906,36.18265151977539,386200,LECO
2012-07-27,43.400001525878906,44.790000915527344,43.150001525878906,44.439998626708984,37.48150634765625,355000,LECO
2012-07-30,40.79999923706055,41.220001220703125,38.83000183105469,40.45000076293945,34.11627960205078,1196900,LECO
2012-07-31,39.59000015258789,40.779998779296875,39.59000015258789,39.880001068115234,33.635528564453125,446900,LECO
2012-08-01,40.0099983215332,40.4900016784668,39.95000076293945,40.119998931884766,33.83794021606445,563700,LECO
2012-08-02,39.91999816894531,40.369998931884766,39.40999984741211,39.810001373291016,33.576480865478516,473300,LECO
2012-08-03,40.470001220703125,41.2599983215332,40.04999923706055,41.0099983215332,34.588584899902344,373700,LECO
2012-08-06,41.099998474121094,41.310001373291016,40.68000030517578,40.720001220703125,34.343990325927734,257200,LECO
2012-08-07,40.880001068115234,42.06999969482422,40.880001068115234,41.81999969482422,35.27175521850586,476000,LECO
2012-08-08,41.38999938964844,41.38999938964844,40.40999984741211,40.66999816894531,34.30183029174805,811100,LECO
2012-08-09,40.72999954223633,41.65999984741211,40.650001525878906,40.97999954223633,34.563289642333984,609400,LECO
2012-08-10,40.72999954223633,41.58000183105469,40.709999084472656,41.529998779296875,35.02717590332031,356700,LECO
2012-08-13,41.380001068115234,41.5,40.540000915527344,41.04999923706055,34.622318267822266,346200,LECO
2012-08-14,41.380001068115234,41.65999984741211,40.790000915527344,41.0099983215332,34.588584899902344,351600,LECO
2012-08-15,40.97999954223633,41.68000030517578,40.97999954223633,41.470001220703125,34.9765739440918,246500,LECO
2012-08-16,41.380001068115234,42.209999084472656,41.099998474121094,42.09000015258789,35.499481201171875,392900,LECO
2012-08-17,42.06999969482422,43.02000045776367,42.06999969482422,42.790000915527344,36.089881896972656,337300,LECO
2012-08-20,42.709999084472656,42.93000030517578,42.27000045776367,42.58000183105469,35.912750244140625,303000,LECO
2012-08-21,42.810001373291016,43.38999938964844,42.63999938964844,43.04999923706055,36.30915451049805,297400,LECO
2012-08-22,42.959999084472656,43.290000915527344,42.630001068115234,43.09000015258789,36.3428955078125,208800,LECO
2012-08-23,43.0,43.34000015258789,42.72999954223633,42.959999084472656,36.23324966430664,307600,LECO
2012-08-24,42.66999816894531,43.290000915527344,42.630001068115234,42.93000030517578,36.20795440673828,193800,LECO
2012-08-27,43.09000015258789,43.34000015258789,42.34000015258789,42.90999984741211,36.19108963012695,250000,LECO
2012-08-28,42.849998474121094,43.130001068115234,42.43000030517578,42.72999954223633,36.03926467895508,209000,LECO
2012-08-29,42.86000061035156,43.16999816894531,41.880001068115234,41.959999084472656,35.38983154296875,429700,LECO
2012-08-30,41.630001068115234,41.81999969482422,40.88999938964844,41.25,34.791011810302734,328500,LECO
2012-08-31,41.560001373291016,41.939998626708984,40.90999984741211,41.25,34.791011810302734,415600,LECO
2012-09-04,41.349998474121094,41.5,40.25,41.29999923706055,34.833187103271484,438900,LECO
2012-09-05,41.220001220703125,41.47999954223633,40.54999923706055,40.63999938964844,34.276519775390625,375300,LECO
2012-09-06,40.900001525878906,42.369998931884766,40.20000076293945,41.79999923706055,35.2548942565918,383400,LECO
2012-09-07,42.0099983215332,42.95000076293945,42.0099983215332,42.58000183105469,35.912750244140625,227900,LECO
2012-09-10,42.4900016784668,42.70000076293945,41.84000015258789,41.959999084472656,35.38983154296875,252300,LECO
2012-09-11,42.02000045776367,42.41999816894531,41.84000015258789,42.0099983215332,35.4319953918457,314400,LECO
2012-09-12,42.06999969482422,42.290000915527344,41.65999984741211,42.08000183105469,35.49105453491211,177400,LECO
2012-09-13,42.09000015258789,42.31999969482422,41.290000915527344,41.83000183105469,35.28019332885742,393200,LECO
2012-09-14,41.91999816894531,42.7400016784668,41.90999984741211,42.310001373291016,35.685035705566406,331900,LECO
2012-09-17,42.06999969482422,46.11000061035156,41.310001373291016,41.36000061035156,34.8837890625,288200,LECO
2012-09-18,41.279998779296875,41.56999969482422,40.400001525878906,40.75,34.369293212890625,689700,LECO
2012-09-19,41.040000915527344,41.5,40.47999954223633,40.58000183105469,34.225921630859375,279700,LECO
2012-09-20,40.369998931884766,40.86000061035156,39.70000076293945,40.81999969482422,34.42832946777344,354700,LECO
2012-09-21,41.08000183105469,41.15999984741211,40.400001525878906,40.810001373291016,34.419918060302734,695900,LECO
2012-09-24,40.66999816894531,40.9900016784668,40.130001068115234,40.18000030517578,33.88855743408203,312900,LECO
2012-09-25,40.310001373291016,40.310001373291016,38.97999954223633,38.9900016784668,32.884883880615234,517500,LECO
2012-09-26,38.7599983215332,38.97999954223633,37.83000183105469,38.459999084472656,32.579917907714844,466500,LECO
2012-09-27,38.810001373291016,38.86000061035156,38.31999969482422,38.790000915527344,32.859466552734375,369300,LECO
2012-09-28,38.599998474121094,39.25,38.560001373291016,39.04999923706055,33.07971954345703,313900,LECO
2012-10-01,39.060001373291016,39.16999816894531,38.060001373291016,38.310001373291016,32.45286560058594,1113300,LECO
2012-10-02,38.369998931884766,38.43000030517578,37.869998931884766,38.099998474121094,32.27496337890625,444700,LECO
2012-10-03,38.70000076293945,38.70000076293945,37.90999984741211,38.400001525878906,32.52909851074219,306400,LECO
2012-10-04,38.540000915527344,38.869998931884766,38.20000076293945,38.7599983215332,32.83405685424805,260800,LECO
2012-10-05,38.959999084472656,39.59000015258789,38.720001220703125,38.95000076293945,32.99501037597656,284800,LECO
2012-10-08,38.88999938964844,38.88999938964844,38.33000183105469,38.45000076293945,32.57146072387695,243100,LECO
2012-10-09,38.380001068115234,38.630001068115234,37.630001068115234,38.2599983215332,32.41048812866211,575500,LECO
2012-10-10,38.11000061035156,38.650001525878906,38.0,38.2400016784668,32.393558502197266,499900,LECO
2012-10-11,38.630001068115234,38.9900016784668,38.45000076293945,38.66999816894531,32.7578125,557100,LECO
2012-10-12,38.630001068115234,39.060001373291016,38.599998474121094,38.86000061035156,32.91876983642578,391800,LECO
2012-10-15,39.0,39.380001068115234,38.63999938964844,39.310001373291016,33.29998016357422,290900,LECO
2012-10-16,39.4900016784668,40.4900016784668,39.349998474121094,40.41999816894531,34.24024963378906,382300,LECO
2012-10-17,40.4900016784668,41.029998779296875,40.04999923706055,40.68000030517578,34.46051025390625,571500,LECO
2012-10-18,40.630001068115234,41.75,40.619998931884766,41.040000915527344,34.76547622680664,488800,LECO
2012-10-19,40.790000915527344,40.880001068115234,39.650001525878906,39.79999923706055,33.71506118774414,537600,LECO
2012-10-22,39.65999984741211,40.060001373291016,39.45000076293945,39.779998779296875,33.6981201171875,320900,LECO
2012-10-23,39.29999923706055,39.810001373291016,38.81999969482422,39.7599983215332,33.6811637878418,286600,LECO
2012-10-24,39.86000061035156,40.130001068115234,39.119998931884766,39.189998626708984,33.19831085205078,325800,LECO
2012-10-25,39.54999923706055,39.54999923706055,39.0,39.20000076293945,33.206787109375,442900,LECO
2012-10-26,39.2400016784668,39.310001373291016,38.90999984741211,39.0,33.037353515625,303900,LECO
2012-10-31,40.5,46.16999816894531,40.439998626708984,43.369998931884766,36.739234924316406,1715500,LECO
2012-11-01,43.93000030517578,44.459999084472656,41.970001220703125,43.880001068115234,37.171268463134766,861200,LECO
2012-11-02,44.06999969482422,44.47999954223633,43.08000183105469,43.15999984741211,36.561344146728516,490900,LECO
2012-11-05,42.9900016784668,44.75,42.9900016784668,44.54999923706055,37.738834381103516,472900,LECO
2012-11-06,44.84000015258789,45.970001220703125,44.77000045776367,45.599998474121094,38.6282958984375,753100,LECO
2012-11-07,44.95000076293945,45.2400016784668,43.65999984741211,43.91999816894531,37.205142974853516,568800,LECO
2012-11-08,44.02000045776367,44.43000030517578,43.060001373291016,43.060001373291016,36.476646423339844,606500,LECO
2012-11-09,42.81999969482422,44.130001068115234,42.81999969482422,43.650001525878906,36.97643280029297,599400,LECO
2012-11-12,43.869998931884766,43.90999984741211,43.5,43.869998931884766,37.16279602050781,272400,LECO
2012-11-13,43.5,44.439998626708984,43.5,43.95000076293945,37.23057174682617,263600,LECO
2012-11-14,44.130001068115234,44.220001220703125,43.40999984741211,43.47999954223633,36.83242416381836,419900,LECO
2012-11-15,43.29999923706055,43.79999923706055,43.22999954223633,43.5,36.849369049072266,443200,LECO
2012-11-16,43.68000030517578,43.86000061035156,43.22999954223633,43.709999084472656,37.02725601196289,385600,LECO
2012-11-19,44.310001373291016,44.81999969482422,44.08000183105469,44.72999954223633,37.89131546020508,319200,LECO
2012-11-20,44.68000030517578,45.41999816894531,44.439998626708984,45.38999938964844,38.45041275024414,280300,LECO
2012-11-21,45.38999938964844,45.470001220703125,45.02000045776367,45.43000030517578,38.48428726196289,184300,LECO
2012-11-23,45.5,46.16999816894531,45.0099983215332,46.150001525878906,39.09421920776367,101800,LECO
2012-11-26,45.93000030517578,46.439998626708984,45.599998474121094,46.06999969482422,39.02644348144531,249500,LECO
2012-11-27,46.150001525878906,46.650001525878906,45.95000076293945,46.189998626708984,39.12809371948242,269900,LECO
2012-11-28,45.959999084472656,46.529998779296875,45.31999969482422,46.41999816894531,39.322933197021484,232700,LECO
2012-11-29,46.849998474121094,47.13999938964844,46.400001525878906,47.06999969482422,39.87355422973633,247400,LECO
2012-11-30,47.209999084472656,47.52000045776367,46.779998779296875,47.5099983215332,40.24628448486328,512100,LECO
2012-12-03,47.65999984741211,47.959999084472656,46.2400016784668,47.029998779296875,39.83967590332031,497000,LECO
2012-12-04,46.970001220703125,47.29999923706055,46.5,47.119998931884766,39.91591262817383,489100,LECO
2012-12-05,47.150001525878906,47.70000076293945,46.900001525878906,47.380001068115234,40.13616180419922,416300,LECO
2012-12-06,47.38999938964844,47.72999954223633,47.189998626708984,47.380001068115234,40.13616180419922,265100,LECO
2012-12-07,47.59000015258789,47.90999984741211,47.040000915527344,47.52000045776367,40.254756927490234,300300,LECO
2012-12-10,47.439998626708984,47.9900016784668,47.189998626708984,47.81999969482422,40.508888244628906,273100,LECO
2012-12-11,48.0,48.15999984741211,47.45000076293945,47.95000076293945,40.619014739990234,365600,LECO
2012-12-12,48.130001068115234,48.599998474121094,47.869998931884766,48.16999816894531,40.80537033081055,474600,LECO
2012-12-13,47.959999084472656,48.25,47.58000183105469,47.90999984741211,40.75434112548828,346200,LECO
2012-12-14,47.68000030517578,47.970001220703125,47.33000183105469,47.869998931884766,40.720314025878906,358800,LECO
2012-12-17,48.150001525878906,48.220001220703125,47.56999969482422,48.18000030517578,40.98401641845703,270400,LECO
2012-12-18,48.099998474121094,48.79999923706055,48.099998474121094,48.630001068115234,41.36680221557617,332000,LECO
2012-12-19,48.83000183105469,48.939998626708984,48.11000061035156,48.369998931884766,41.145633697509766,308200,LECO
2012-12-20,48.310001373291016,48.95000076293945,47.97999954223633,48.880001068115234,41.5794677734375,253700,LECO
2012-12-21,47.70000076293945,48.779998779296875,47.099998474121094,48.779998779296875,41.49440002441406,1243000,LECO
2012-12-24,48.86000061035156,49.0,48.18000030517578,48.54999923706055,41.29875564575195,104100,LECO
2012-12-26,48.560001373291016,48.66999816894531,47.970001220703125,48.189998626708984,40.992515563964844,445700,LECO
2012-12-27,48.36000061035156,48.45000076293945,47.43000030517578,48.060001373291016,40.88193130493164,231100,LECO
2012-12-28,47.599998474121094,48.29999923706055,47.599998474121094,47.93000030517578,40.77134704589844,219600,LECO
2012-12-31,48.09000015258789,48.790000915527344,47.79999923706055,48.68000030517578,41.409332275390625,278600,LECO
2013-01-02,49.939998626708984,50.220001220703125,49.060001373291016,49.90999984741211,42.455623626708984,483500,LECO
2013-01-03,49.849998474121094,50.88999938964844,49.849998474121094,50.540000915527344,42.99153137207031,348200,LECO
2013-01-04,50.650001525878906,51.31999969482422,50.540000915527344,51.099998474121094,43.4678955078125,306800,LECO
2013-01-07,51.029998779296875,51.18000030517578,50.689998626708984,50.9900016784668,43.37431716918945,233800,LECO
2013-01-08,51.15999984741211,51.290000915527344,50.290000915527344,50.65999984741211,43.09360885620117,186000,LECO
2013-01-09,50.75,51.369998931884766,50.529998779296875,51.33000183105469,43.663543701171875,306700,LECO
2013-01-10,51.4900016784668,51.63999938964844,50.43000030517578,50.869998931884766,43.272247314453125,253700,LECO
2013-01-11,50.77000045776367,51.43000030517578,50.650001525878906,51.25,43.595497131347656,236800,LECO
2013-01-14,51.18000030517578,51.25,50.75,51.02000045776367,43.399845123291016,116700,LECO
2013-01-15,50.66999816894531,51.189998626708984,50.66999816894531,51.09000015258789,43.459381103515625,253000,LECO
2013-01-16,50.880001068115234,51.29999923706055,50.63999938964844,51.209999084472656,43.561466217041016,185100,LECO
2013-01-17,51.5099983215332,52.16999816894531,51.369998931884766,52.0099983215332,44.241973876953125,157600,LECO
2013-01-18,52.220001220703125,52.4900016784668,51.5099983215332,51.689998626708984,43.96977615356445,219100,LECO
2013-01-22,51.689998626708984,52.09000015258789,51.2400016784668,52.09000015258789,44.31002426147461,196900,LECO
2013-01-23,52.119998931884766,52.470001220703125,51.97999954223633,52.290000915527344,44.480159759521484,188800,LECO
2013-01-24,52.09000015258789,52.880001068115234,52.09000015258789,52.83000183105469,44.93950271606445,338600,LECO
2013-01-25,52.869998931884766,53.68000030517578,52.849998474121094,53.529998779296875,45.53494644165039,536300,LECO
2013-01-28,53.41999816894531,53.70000076293945,52.27000045776367,53.2400016784668,45.288265228271484,361200,LECO
2013-01-29,53.220001220703125,54.22999954223633,52.79999923706055,54.16999816894531,46.07937240600586,348700,LECO
2013-01-30,54.06999969482422,54.130001068115234,53.5099983215332,53.72999954223633,45.7050895690918,327000,LECO
2013-01-31,53.790000915527344,54.630001068115234,53.54999923706055,53.93000030517578,45.875221252441406,849400,LECO
2013-02-01,54.13999938964844,54.20000076293945,53.7400016784668,54.04999923706055,45.977294921875,496400,LECO
2013-02-04,53.93000030517578,54.0099983215332,53.5099983215332,53.61000061035156,45.6030158996582,291700,LECO
2013-02-05,53.91999816894531,54.2400016784668,53.709999084472656,54.02000045776367,45.951786041259766,262500,LECO
2013-02-06,53.900001525878906,54.209999084472656,53.70000076293945,54.130001068115234,46.04534912109375,370000,LECO
2013-02-07,54.15999984741211,54.31999969482422,53.66999816894531,54.150001525878906,46.062355041503906,235100,LECO
2013-02-08,54.29999923706055,55.029998779296875,54.29999923706055,54.880001068115234,46.683319091796875,219600,LECO
2013-02-11,54.959999084472656,55.36000061035156,54.7599983215332,54.9900016784668,46.776893615722656,162000,LECO
2013-02-12,54.90999984741211,55.25,54.849998474121094,54.97999954223633,46.76838684082031,268800,LECO
2013-02-13,55.0,55.810001373291016,54.91999816894531,55.720001220703125,47.39787673950195,420800,LECO
2013-02-14,55.65999984741211,55.90999984741211,55.5,55.59000015258789,47.28728103637695,450300,LECO
2013-02-15,55.810001373291016,55.93000030517578,55.209999084472656,55.90999984741211,47.55949020385742,243600,LECO
2013-02-19,55.86000061035156,56.77000045776367,55.630001068115234,56.650001525878906,48.188968658447266,392000,LECO
2013-02-20,56.40999984741211,56.54999923706055,55.630001068115234,55.689998626708984,47.372344970703125,323000,LECO
2013-02-21,55.7599983215332,55.83000183105469,54.869998931884766,55.09000015258789,46.861968994140625,326300,LECO
2013-02-22,55.29999923706055,56.0,54.16999816894531,55.91999816894531,47.567989349365234,247200,LECO
2013-02-25,56.02000045776367,56.20000076293945,54.220001220703125,54.22999954223633,46.13039779663086,225900,LECO
2013-02-26,54.650001525878906,55.13999938964844,53.91999816894531,54.790000915527344,46.60676193237305,306900,LECO
2013-02-27,54.7400016784668,56.09000015258789,54.7400016784668,55.810001373291016,47.474430084228516,199900,LECO
2013-02-28,55.83000183105469,56.59000015258789,55.790000915527344,56.04999923706055,47.67856979370117,283800,LECO
2013-03-01,55.77000045776367,55.95000076293945,54.630001068115234,55.58000183105469,47.27878189086914,389200,LECO
2013-03-04,55.459999084472656,55.599998474121094,54.630001068115234,55.54999923706055,47.25325012207031,207600,LECO
2013-03-05,55.4900016784668,56.2599983215332,55.33000183105469,56.150001525878906,47.76365280151367,268600,LECO
2013-03-06,56.06999969482422,56.470001220703125,55.779998779296875,56.099998474121094,47.72111892700195,226500,LECO
2013-03-07,56.279998779296875,56.40999984741211,55.97999954223633,56.150001525878906,47.76365280151367,137000,LECO
2013-03-08,56.54999923706055,57.2400016784668,56.29999923706055,57.2400016784668,48.69084930419922,170100,LECO
2013-03-11,57.150001525878906,57.290000915527344,56.75,57.18000030517578,48.63982009887695,155900,LECO
2013-03-12,56.900001525878906,57.439998626708984,56.900001525878906,57.310001373291016,48.750396728515625,188000,LECO
2013-03-13,57.34000015258789,57.630001068115234,56.93000030517578,57.310001373291016,48.750396728515625,195300,LECO
2013-03-14,57.5,57.5,56.25,56.630001068115234,48.17194747924805,429000,LECO
2013-03-15,56.5,57.02000045776367,56.29999923706055,56.709999084472656,48.23998260498047,616300,LECO
2013-03-18,56.709999084472656,56.959999084472656,56.189998626708984,56.63999938964844,48.18046569824219,292500,LECO
2013-03-19,56.77000045776367,57.22999954223633,55.88999938964844,56.47999954223633,48.04436492919922,189700,LECO
2013-03-20,56.66999816894531,57.400001525878906,56.18000030517578,57.36000061035156,48.79292678833008,206300,LECO
2013-03-21,57.099998474121094,57.58000183105469,55.31999969482422,55.470001220703125,47.185211181640625,548400,LECO
2013-03-22,55.599998474121094,55.790000915527344,54.29999923706055,55.4900016784668,47.202213287353516,517900,LECO
2013-03-25,55.7400016784668,55.91999816894531,54.540000915527344,54.959999084472656,46.751373291015625,458900,LECO
2013-03-26,54.849998474121094,55.099998474121094,54.369998931884766,54.95000076293945,46.913578033447266,494500,LECO
2013-03-27,54.4900016784668,54.5,53.459999084472656,54.33000183105469,46.38426208496094,501200,LECO
2013-03-28,54.400001525878906,54.459999084472656,53.709999084472656,54.18000030517578,46.25621032714844,533000,LECO
2013-04-01,54.20000076293945,54.5,52.790000915527344,53.02000045776367,45.265846252441406,641900,LECO
2013-04-02,53.11000061035156,53.63999938964844,51.77000045776367,52.04999923706055,44.43770980834961,632000,LECO
2013-04-03,52.22999954223633,52.52000045776367,51.310001373291016,51.88999938964844,44.30111312866211,740800,LECO
2013-04-04,51.880001068115234,52.61000061035156,51.72999954223633,52.33000183105469,44.676761627197266,793500,LECO
2013-04-05,51.91999816894531,53.220001220703125,51.599998474121094,53.20000076293945,45.41952896118164,400100,LECO
2013-04-08,53.09000015258789,53.88999938964844,52.95000076293945,53.34000015258789,45.539058685302734,356300,LECO
2013-04-09,53.560001373291016,53.86000061035156,52.9900016784668,53.4900016784668,45.667110443115234,338500,LECO
2013-04-10,53.63999938964844,54.15999984741211,53.31999969482422,54.099998474121094,46.18791198730469,340600,LECO
2013-04-11,53.959999084472656,55.0,53.83000183105469,54.900001525878906,46.87089920043945,399600,LECO
2013-04-12,54.41999816894531,54.869998931884766,52.43000030517578,52.79999923706055,45.07801818847656,518600,LECO
2013-04-15,52.59000015258789,52.59000015258789,50.56999969482422,50.75,43.32783889770508,501200,LECO
2013-04-16,51.150001525878906,51.61000061035156,50.83000183105469,51.43000030517578,43.908390045166016,245500,LECO
2013-04-17,51.15999984741211,51.15999984741211,49.939998626708984,50.599998474121094,43.19977569580078,363200,LECO
2013-04-18,50.72999954223633,51.150001525878906,50.36000061035156,50.70000076293945,43.28515625,296900,LECO
2013-04-19,50.91999816894531,51.5,50.33000183105469,50.709999084472656,43.2936897277832,229200,LECO
2013-04-22,50.7599983215332,51.36000061035156,50.02000045776367,51.29999923706055,43.797386169433594,416200,LECO
2013-04-23,51.720001220703125,54.790000915527344,51.720001220703125,52.849998474121094,45.120697021484375,940600,LECO
2013-04-24,52.86000061035156,53.02000045776367,51.849998474121094,52.22999954223633,44.59138870239258,632800,LECO
2013-04-25,52.45000076293945,53.060001373291016,52.29999923706055,52.61000061035156,44.91580581665039,329500,LECO
2013-04-26,52.560001373291016,52.59000015258789,51.709999084472656,52.11000061035156,44.48893737792969,429800,LECO
2013-04-29,52.400001525878906,52.84000015258789,52.0,52.61000061035156,44.91580581665039,378100,LECO
2013-04-30,52.7400016784668,52.81999969482422,52.0099983215332,52.7599983215332,45.04387283325195,483400,LECO
2013-05-01,52.470001220703125,52.790000915527344,51.54999923706055,51.619998931884766,44.07060241699219,355000,LECO
2013-05-02,51.689998626708984,52.029998779296875,51.27000045776367,51.81999969482422,44.2413444519043,330400,LECO
2013-05-03,52.43000030517578,53.650001525878906,52.060001373291016,53.599998474121094,45.761016845703125,323100,LECO
2013-05-06,53.61000061035156,54.38999938964844,53.560001373291016,54.11000061035156,46.196434020996094,240600,LECO
2013-05-07,54.11000061035156,55.08000183105469,54.0,55.060001373291016,47.00749969482422,298200,LECO
2013-05-08,54.81999969482422,56.04999923706055,54.689998626708984,55.86000061035156,47.69049072265625,550900,LECO
2013-05-09,55.86000061035156,56.529998779296875,55.5,56.13999938964844,47.9295539855957,405700,LECO
2013-05-10,56.04999923706055,57.18000030517578,56.04999923706055,57.119998931884766,48.7662239074707,509700,LECO
2013-05-13,57.130001068115234,57.52000045776367,56.650001525878906,57.130001068115234,48.77477264404297,285500,LECO
2013-05-14,57.029998779296875,58.130001068115234,57.029998779296875,57.970001220703125,49.49191665649414,347600,LECO
2013-05-15,57.65999984741211,58.63999938964844,57.58000183105469,58.470001220703125,49.91877746582031,216800,LECO
2013-05-16,58.43000030517578,58.9900016784668,58.119998931884766,58.380001068115234,49.841941833496094,301300,LECO
2013-05-17,58.540000915527344,58.970001220703125,58.38999938964844,58.83000183105469,50.22614669799805,330900,LECO
2013-05-20,58.779998779296875,59.54999923706055,58.779998779296875,59.04999923706055,50.413963317871094,339400,LECO
2013-05-21,59.18000030517578,59.689998626708984,59.09000015258789,59.4900016784668,50.78961944580078,330000,LECO
2013-05-22,59.4900016784668,59.709999084472656,58.38999938964844,58.779998779296875,50.18346405029297,356700,LECO
2013-05-23,58.43000030517578,59.0,58.0,58.95000076293945,50.32859420776367,503300,LECO
2013-05-24,58.779998779296875,59.13999938964844,58.02000045776367,58.81999969482422,50.21760559082031,254200,LECO
2013-05-28,59.43000030517578,59.68000030517578,59.04999923706055,59.529998779296875,50.82377624511719,220800,LECO
2013-05-29,59.099998474121094,59.90999984741211,58.959999084472656,59.619998931884766,50.900596618652344,237700,LECO
2013-05-30,59.65999984741211,60.16999816894531,59.56999969482422,60.0099983215332,51.23357391357422,187000,LECO
2013-05-31,59.88999938964844,60.58000183105469,59.58000183105469,59.79999923706055,51.05427932739258,266000,LECO
2013-06-03,59.959999084472656,60.150001525878906,59.11000061035156,59.79999923706055,51.05427932739258,390800,LECO
2013-06-04,59.63999938964844,60.209999084472656,59.130001068115234,59.40999984741211,50.721309661865234,336000,LECO
2013-06-05,59.16999816894531,59.369998931884766,58.0099983215332,58.2599983215332,49.739498138427734,269700,LECO
2013-06-06,58.25,59.08000183105469,57.970001220703125,59.0099983215332,50.37981414794922,341100,LECO
2013-06-07,59.290000915527344,60.290000915527344,59.16999816894531,60.0099983215332,51.23357391357422,206000,LECO
2013-06-10,59.65999984741211,60.2400016784668,59.5,59.90999984741211,51.148189544677734,216600,LECO
2013-06-11,59.13999938964844,59.97999954223633,58.7400016784668,58.849998474121094,50.24320983886719,216200,LECO
2013-06-12,59.279998779296875,59.279998779296875,57.84000015258789,57.939998626708984,49.46630096435547,190700,LECO
2013-06-13,57.93000030517578,59.54999923706055,57.369998931884766,59.400001525878906,50.71277618408203,223000,LECO
2013-06-14,59.369998931884766,59.61000061035156,58.52000045776367,58.81999969482422,50.21760559082031,125100,LECO
2013-06-17,59.2400016784668,59.279998779296875,58.189998626708984,58.7599983215332,50.1663703918457,266600,LECO
2013-06-18,58.900001525878906,59.5099983215332,58.61000061035156,59.400001525878906,50.71277618408203,220300,LECO
2013-06-19,59.29999923706055,59.52000045776367,58.400001525878906,58.4900016784668,49.93586349487305,210400,LECO
2013-06-20,57.86000061035156,58.15999984741211,55.7599983215332,55.790000915527344,47.630733489990234,638900,LECO
2013-06-21,55.9900016784668,56.58000183105469,55.34000015258789,55.54999923706055,47.42583465576172,481100,LECO
2013-06-24,54.650001525878906,55.09000015258789,54.15999984741211,54.650001525878906,46.65746307373047,320900,LECO
2013-06-25,55.08000183105469,55.810001373291016,54.7400016784668,55.5099983215332,47.39168930053711,237900,LECO
2013-06-26,55.97999954223633,55.97999954223633,55.119998931884766,55.93000030517578,47.92292404174805,268900,LECO
2013-06-27,56.27000045776367,57.16999816894531,56.2599983215332,57.04999923706055,48.88257598876953,123500,LECO
2013-06-28,56.86000061035156,57.65999984741211,56.86000061035156,57.27000045776367,49.07109069824219,665100,LECO
2013-07-01,57.709999084472656,59.63999938964844,57.61000061035156,59.40999984741211,50.904727935791016,381400,LECO
2013-07-02,59.220001220703125,60.060001373291016,58.310001373291016,58.880001068115234,50.450599670410156,281000,LECO
2013-07-03,58.93000030517578,59.099998474121094,58.290000915527344,58.5099983215332,50.13357925415039,154800,LECO
2013-07-05,58.959999084472656,59.900001525878906,58.619998931884766,59.880001068115234,51.307437896728516,128300,LECO
2013-07-08,60.130001068115234,60.470001220703125,59.79999923706055,59.95000076293945,51.36740493774414,242200,LECO
2013-07-09,60.470001220703125,60.58000183105469,59.7400016784668,60.52000045776367,51.855812072753906,168800,LECO
2013-07-10,60.619998931884766,61.189998626708984,60.0,61.040000915527344,52.30136489868164,179700,LECO
2013-07-11,61.79999923706055,61.79999923706055,61.18000030517578,61.7599983215332,52.91828918457031,144500,LECO
2013-07-12,61.79999923706055,63.290000915527344,61.61000061035156,62.79999923706055,53.80940628051758,369900,LECO
2013-07-15,62.79999923706055,63.119998931884766,62.060001373291016,62.279998779296875,53.36384582519531,163900,LECO
2013-07-16,62.279998779296875,62.439998626708984,61.130001068115234,61.18000030517578,52.421321868896484,319000,LECO
2013-07-17,61.56999969482422,61.70000076293945,60.61000061035156,60.72999954223633,52.03575134277344,247500,LECO
2013-07-18,60.709999084472656,61.099998474121094,60.25,60.40999984741211,51.761566162109375,438200,LECO
2013-07-19,60.25,60.59000015258789,60.060001373291016,60.4900016784668,51.830108642578125,240900,LECO
2013-07-22,60.65999984741211,62.06999969482422,60.650001525878906,61.90999984741211,53.046810150146484,230900,LECO
2013-07-23,62.06999969482422,62.540000915527344,60.97999954223633,61.20000076293945,52.43846893310547,442800,LECO
2013-07-24,61.22999954223633,61.65999984741211,60.5099983215332,60.599998474121094,51.92435836791992,302800,LECO
2013-07-25,60.310001373291016,60.959999084472656,60.16999816894531,60.619998931884766,51.94150161743164,249600,LECO
2013-07-26,60.400001525878906,61.16999816894531,60.27000045776367,60.939998626708984,52.215675354003906,343300,LECO
2013-07-29,60.0,61.02000045776367,56.75,57.7599983215332,49.49094009399414,1108400,LECO
2013-07-30,58.349998474121094,59.52000045776367,57.7400016784668,58.83000183105469,50.40776443481445,630000,LECO
2013-07-31,59.060001373291016,59.63999938964844,58.75,59.040000915527344,50.58769226074219,409600,LECO
2013-08-01,59.5099983215332,60.63999938964844,59.380001068115234,60.290000915527344,51.65873718261719,740900,LECO
2013-08-02,59.90999984741211,60.9900016784668,59.779998779296875,60.9900016784668,52.25852584838867,369800,LECO
2013-08-05,60.650001525878906,61.25,60.369998931884766,60.900001525878906,52.1814079284668,226000,LECO
2013-08-06,60.83000183105469,61.20000076293945,60.04999923706055,60.27000045776367,51.641597747802734,194500,LECO
2013-08-07,60.16999816894531,60.27000045776367,59.52000045776367,59.9900016784668,51.40169906616211,325100,LECO
2013-08-08,60.06999969482422,61.040000915527344,60.040000915527344,60.97999954223633,52.249961853027344,211400,LECO
2013-08-09,60.7400016784668,62.060001373291016,60.61000061035156,61.66999816894531,52.84116744995117,305500,LECO
2013-08-12,61.279998779296875,62.86000061035156,61.279998779296875,62.439998626708984,53.50093078613281,343100,LECO
2013-08-13,62.54999923706055,63.40999984741211,62.29999923706055,62.70000076293945,53.72370910644531,359400,LECO
2013-08-14,62.81999969482422,62.880001068115234,62.279998779296875,62.400001525878906,53.4666633605957,315900,LECO
2013-08-15,61.720001220703125,61.7400016784668,60.939998626708984,61.38999938964844,52.60127258300781,301500,LECO
2013-08-16,61.310001373291016,62.119998931884766,61.310001373291016,61.869998931884766,53.01254653930664,325900,LECO
2013-08-19,61.540000915527344,61.83000183105469,61.08000183105469,61.529998779296875,52.721214294433594,208000,LECO
2013-08-20,61.58000183105469,62.02000045776367,61.22999954223633,61.77000045776367,52.92686462402344,231100,LECO
2013-08-21,61.459999084472656,62.09000015258789,61.209999084472656,61.70000076293945,52.86688232421875,242700,LECO
2013-08-22,61.849998474121094,62.900001525878906,61.70000076293945,62.650001525878906,53.680870056152344,115700,LECO
2013-08-23,62.779998779296875,63.16999816894531,61.90999984741211,62.540000915527344,53.58662033081055,202400,LECO
2013-08-26,62.7599983215332,63.060001373291016,62.43000030517578,62.779998779296875,53.79227066040039,145500,LECO
2013-08-27,61.84000015258789,62.18000030517578,61.130001068115234,61.63999938964844,52.815460205078125,466800,LECO
2013-08-28,61.58000183105469,62.119998931884766,61.369998931884766,61.810001373291016,52.96113204956055,135600,LECO
2013-08-29,61.83000183105469,63.279998779296875,61.79999923706055,63.0099983215332,53.98933792114258,325700,LECO
2013-08-30,63.0,63.290000915527344,62.380001068115234,62.529998779296875,53.57805252075195,669100,LECO
2013-09-03,63.290000915527344,63.779998779296875,62.599998474121094,62.95000076293945,53.93793869018555,1069000,LECO
2013-09-04,62.83000183105469,63.43000030517578,62.31999969482422,63.220001220703125,54.16926574707031,269000,LECO
2013-09-05,63.130001068115234,63.79999923706055,62.79999923706055,63.349998474121094,54.280662536621094,376300,LECO
2013-09-06,63.58000183105469,65.01000213623047,62.68000030517578,64.43000030517578,55.206050872802734,430000,LECO
2013-09-09,64.83000183105469,65.45999908447266,64.51000213623047,65.12000274658203,55.79727554321289,394800,LECO
2013-09-10,65.55000305175781,67.16000366210938,65.26000213623047,67.12999725341797,57.51951599121094,303800,LECO
2013-09-11,67.12999725341797,67.2300033569336,66.19999694824219,66.73999786376953,57.18534469604492,312700,LECO
2013-09-12,66.58000183105469,67.12000274658203,66.22000122070312,66.6500015258789,57.108211517333984,547100,LECO
2013-09-13,66.87999725341797,67.11000061035156,66.16999816894531,66.86000061035156,57.28816604614258,148500,LECO
2013-09-16,67.52999877929688,67.94999694824219,67.18000030517578,67.37000274658203,57.72516632080078,138600,LECO
2013-09-17,67.66000366210938,68.4000015258789,67.0199966430664,68.33999633789062,58.55628204345703,218800,LECO
2013-09-18,68.33000183105469,68.86000061035156,67.43000030517578,68.69000244140625,58.85618209838867,235600,LECO
2013-09-19,68.80000305175781,69.27999877929688,68.68000030517578,69.06999969482422,59.18177795410156,154700,LECO
2013-09-20,69.33999633789062,69.3499984741211,67.55999755859375,67.5999984741211,57.92222213745117,1035300,LECO
2013-09-23,67.23999786376953,67.55999755859375,66.62999725341797,66.86000061035156,57.28816604614258,391000,LECO
2013-09-24,66.69000244140625,67.66999816894531,66.66999816894531,67.01000213623047,57.416690826416016,371600,LECO
2013-09-25,66.91999816894531,67.58999633789062,66.51000213623047,66.76000213623047,57.20248031616211,256400,LECO
2013-09-26,66.87999725341797,67.61000061035156,66.72000122070312,67.5199966430664,58.027503967285156,238900,LECO
2013-09-27,65.88999938964844,67.2300033569336,65.88999938964844,66.7699966430664,57.38295364379883,262200,LECO
2013-09-30,65.86000061035156,66.97000122070312,65.69000244140625,66.62000274658203,57.25404739379883,386700,LECO
2013-10-01,66.83999633789062,68.81999969482422,66.45999908447266,68.45999908447266,58.83536911010742,976000,LECO
2013-10-02,68.04000091552734,68.30999755859375,67.20999908447266,68.08000183105469,58.508785247802734,209200,LECO
2013-10-03,67.94000244140625,68.01000213623047,66.83000183105469,67.77999877929688,58.25095748901367,255800,LECO
2013-10-04,67.70999908447266,68.2300033569336,67.4800033569336,67.83999633789062,58.302520751953125,181900,LECO
2013-10-07,67.12000274658203,67.41000366210938,66.63999938964844,66.6500015258789,57.279815673828125,330600,LECO
2013-10-08,66.52999877929688,67.30999755859375,65.76000213623047,65.81999969482422,56.5665168762207,268800,LECO
2013-10-09,66.20999908447266,66.7699966430664,65.44999694824219,65.87000274658203,56.6094856262207,260800,LECO
2013-10-10,66.63999938964844,68.58999633789062,66.22000122070312,68.55000305175781,58.9127082824707,413000,LECO
2013-10-11,68.23999786376953,69.08000183105469,67.43000030517578,68.91000366210938,59.22209167480469,262800,LECO
2013-10-14,68.45999908447266,69.45999908447266,68.33000183105469,69.43000030517578,59.66899871826172,151100,LECO
2013-10-15,69.05000305175781,69.05999755859375,67.61000061035156,68.18000030517578,58.59471893310547,274500,LECO
2013-10-16,68.66000366210938,68.70999908447266,68.04000091552734,68.61000061035156,58.96426773071289,387500,LECO
2013-10-17,68.51000213623047,68.7699966430664,67.97000122070312,68.73999786376953,59.075984954833984,265600,LECO
2013-10-18,69.16999816894531,70.08000183105469,68.97000122070312,70.01000213623047,60.167449951171875,368000,LECO
2013-10-21,70.16999816894531,70.2699966430664,69.61000061035156,70.0999984741211,60.244808197021484,427600,LECO
2013-10-22,70.41999816894531,70.66000366210938,69.75,70.36000061035156,60.46822738647461,312500,LECO
2013-10-23,70.05999755859375,70.19999694824219,69.44999694824219,69.76000213623047,59.95259475708008,265500,LECO
2013-10-24,69.77999877929688,70.23999786376953,68.51000213623047,68.5999984741211,58.95568084716797,582700,LECO
2013-10-25,68.75,68.98999786376953,68.04000091552734,68.44000244140625,58.818180084228516,461800,LECO
2013-10-28,68.41000366210938,68.41000366210938,66.54000091552734,67.13999938964844,57.7009391784668,637300,LECO
2013-10-29,67.08999633789062,67.56999969482422,66.38999938964844,67.5199966430664,58.027503967285156,422400,LECO
2013-10-30,67.66999816894531,68.16000366210938,67.08999633789062,67.19000244140625,57.74392318725586,605600,LECO
2013-10-31,67.4800033569336,70.51000213623047,66.87000274658203,69.23999786376953,59.50570297241211,724200,LECO
2013-11-01,69.72000122070312,71.27999877929688,69.61000061035156,70.66000366210938,60.726078033447266,653300,LECO
2013-11-04,72.1500015258789,74.56999969482422,70.45999908447266,70.75,60.80339813232422,309800,LECO
2013-11-05,70.36000061035156,71.18000030517578,69.80999755859375,70.66999816894531,60.734676361083984,349300,LECO
2013-11-06,71.12000274658203,71.41999816894531,70.44000244140625,70.62000274658203,60.69169616699219,247200,LECO
2013-11-07,70.5999984741211,70.7699966430664,69.22000122070312,69.25,59.514305114746094,365800,LECO
2013-11-08,69.41000366210938,71.05999755859375,69.41000366210938,71.0,61.01826477050781,267800,LECO
2013-11-11,71.08000183105469,71.5999984741211,70.80000305175781,71.2699966430664,61.25032043457031,133500,LECO
2013-11-12,71.20999908447266,71.41000366210938,70.6500015258789,70.93000030517578,60.95811080932617,224100,LECO
2013-11-13,70.58000183105469,71.88999938964844,70.58000183105469,71.83000183105469,61.7315788269043,224500,LECO
2013-11-14,71.91999816894531,72.05000305175781,71.44000244140625,71.88999938964844,61.78313064575195,125200,LECO
2013-11-15,72.11000061035156,72.2699966430664,71.41999816894531,71.88999938964844,61.78313064575195,162800,LECO
2013-11-18,72.0,72.19000244140625,71.04000091552734,71.33999633789062,61.310455322265625,209500,LECO
2013-11-19,71.48999786376953,71.88999938964844,70.94999694824219,71.06999969482422,61.07842254638672,217000,LECO
2013-11-20,71.36000061035156,71.55999755859375,70.68000030517578,71.30999755859375,61.28469467163086,278100,LECO
2013-11-21,71.41999816894531,72.12000274658203,71.41000366210938,71.80000305175781,61.70579147338867,181000,LECO
2013-11-22,71.80000305175781,72.54000091552734,71.33000183105469,72.22000122070312,62.0667610168457,134500,LECO
2013-11-25,72.69000244140625,72.69000244140625,70.87999725341797,71.0,61.01826477050781,271900,LECO
2013-11-26,71.12000274658203,71.54000091552734,70.4000015258789,71.47000122070312,61.42219543457031,403000,LECO
2013-11-27,71.75,71.95999908447266,71.4000015258789,71.88999938964844,61.78313064575195,173600,LECO
2013-11-29,72.1500015258789,72.19999694824219,71.30999755859375,71.4800033569336,61.4307975769043,88700,LECO
2013-12-02,71.4800033569336,72.75,70.93000030517578,71.62000274658203,61.551109313964844,277500,LECO
2013-12-03,71.45999908447266,72.27999877929688,70.9800033569336,71.66000366210938,61.58549118041992,308900,LECO
2013-12-04,71.19999694824219,71.88999938964844,70.8499984741211,71.4000015258789,61.362022399902344,207800,LECO
2013-12-05,71.33000183105469,71.80999755859375,70.88999938964844,71.22000122070312,61.20734786987305,268800,LECO
2013-12-06,71.37000274658203,72.72000122070312,71.3499984741211,72.1500015258789,62.0065803527832,299500,LECO
2013-12-09,72.22000122070312,73.05999755859375,71.9000015258789,72.16999816894531,62.023773193359375,296700,LECO
2013-12-10,71.88999938964844,73.19000244140625,71.63999938964844,72.30000305175781,62.13551330566406,309500,LECO
2013-12-11,72.2699966430664,72.62000274658203,70.54000091552734,70.70999908447266,60.769046783447266,277900,LECO
2013-12-12,70.54000091552734,71.0199966430664,70.1500015258789,70.72000122070312,60.77764129638672,419800,LECO
2013-12-13,70.95999908447266,71.2300033569336,70.13999938964844,70.8499984741211,60.88936996459961,219500,LECO
2013-12-16,71.0999984741211,71.94000244140625,70.91999816894531,71.30000305175781,61.276092529296875,257400,LECO
2013-12-17,71.30000305175781,71.48999786376953,70.83999633789062,71.30000305175781,61.276092529296875,218100,LECO
2013-12-18,71.62999725341797,71.83000183105469,70.36000061035156,71.7300033569336,61.645633697509766,299400,LECO
2013-12-19,71.47000122070312,71.98999786376953,70.43000030517578,70.44000244140625,60.53699493408203,462400,LECO
2013-12-20,70.72000122070312,71.5199966430664,70.48999786376953,70.69999694824219,60.76045227050781,1135900,LECO
2013-12-23,71.02999877929688,71.41999816894531,70.6500015258789,71.08999633789062,61.09560775756836,449000,LECO
2013-12-24,71.25,72.25,71.05000305175781,72.04000091552734,61.91204833984375,155500,LECO
2013-12-26,72.44999694824219,72.44999694824219,71.70999908447266,71.95999908447266,61.843299865722656,329000,LECO
2013-12-27,71.98999786376953,72.0999984741211,71.3499984741211,71.41000366210938,61.56741714477539,253900,LECO
2013-12-30,71.54000091552734,71.8499984741211,71.1500015258789,71.26000213623047,61.43808364868164,306100,LECO
2013-12-31,71.5199966430664,71.79000091552734,71.16000366210938,71.33999633789062,61.50704574584961,288100,LECO
2014-01-02,71.12000274658203,71.37999725341797,70.02999877929688,70.36000061035156,60.66211700439453,253700,LECO
2014-01-03,70.29000091552734,70.75,70.0,70.47000122070312,60.756996154785156,239500,LECO
2014-01-06,70.88999938964844,71.2300033569336,69.3499984741211,69.41999816894531,59.851707458496094,534700,LECO
2014-01-07,69.80999755859375,70.77999877929688,69.37000274658203,70.4000015258789,60.69662094116211,341300,LECO
2014-01-08,70.2300033569336,70.83999633789062,69.76000213623047,70.16000366210938,60.489715576171875,314800,LECO
2014-01-09,70.08000183105469,70.62999725341797,69.52999877929688,70.25,60.567298889160156,197000,LECO
2014-01-10,70.02999877929688,70.83000183105469,69.95999908447266,70.56999969482422,60.84320068359375,285100,LECO
2014-01-13,70.47000122070312,71.12999725341797,69.6500015258789,69.9800033569336,60.33451461791992,279900,LECO
2014-01-14,70.31999969482422,71.5,69.83999633789062,71.47000122070312,61.619144439697266,340500,LECO
2014-01-15,71.80999755859375,73.26000213623047,71.61000061035156,72.44999694824219,62.46407699584961,354600,LECO
2014-01-16,72.2699966430664,72.6500015258789,72.0199966430664,72.12000274658203,62.17954635620117,190900,LECO
2014-01-17,71.94000244140625,72.48999786376953,71.55999755859375,71.87000274658203,61.964027404785156,182500,LECO
2014-01-21,72.5,72.5999984741211,71.41000366210938,72.29000091552734,62.32612991333008,290400,LECO
2014-01-22,72.5199966430664,72.5199966430664,71.26000213623047,72.06999969482422,62.13642501831055,197900,LECO
2014-01-23,71.75,71.97000122070312,71.30999755859375,71.62999725341797,61.75707244873047,332400,LECO
2014-01-24,71.11000061035156,71.38999938964844,67.87999725341797,67.93000030517578,58.56707763671875,747400,LECO
2014-01-27,68.38999938964844,69.7699966430664,67.19999694824219,67.55000305175781,58.23944854736328,267000,LECO
2014-01-28,67.5999984741211,68.62999725341797,66.83999633789062,67.66000366210938,58.334285736083984,388400,LECO
2014-01-29,66.91999816894531,68.5999984741211,66.91999816894531,68.18000030517578,58.7826042175293,408700,LECO
2014-01-30,68.9000015258789,69.18000030517578,68.08000183105469,69.0199966430664,59.50681686401367,264700,LECO
2014-01-31,68.0199966430664,69.52999877929688,67.44000244140625,69.19999694824219,59.662010192871094,403600,LECO
2014-02-03,69.25,69.62999725341797,66.68000030517578,66.91999816894531,57.6962776184082,779000,LECO
2014-02-04,67.12000274658203,68.2699966430664,66.75,68.06999969482422,58.68776321411133,607400,LECO
2014-02-05,67.81999969482422,68.54000091552734,67.36000061035156,67.4800033569336,58.1790885925293,316600,LECO
2014-02-06,67.7300033569336,68.95999908447266,67.16999816894531,68.66000366210938,59.196449279785156,303100,LECO
2014-02-07,69.0,69.75,68.47000122070312,69.69999694824219,60.093101501464844,153200,LECO
2014-02-10,69.54000091552734,69.58000183105469,68.5199966430664,68.86000061035156,59.368865966796875,231700,LECO
2014-02-11,68.76000213623047,69.62000274658203,68.16000366210938,69.30999755859375,59.756874084472656,218100,LECO
2014-02-12,69.29000091552734,70.3499984741211,69.29000091552734,69.93000030517578,60.29139709472656,241300,LECO
2014-02-13,69.66000366210938,70.83999633789062,69.18000030517578,70.83999633789062,61.07597732543945,269700,LECO
2014-02-14,73.68000030517578,74.94999694824219,72.25,72.9000015258789,62.85203170776367,509900,LECO
2014-02-18,73.30000305175781,73.66000366210938,71.79000091552734,73.5,63.36935806274414,365300,LECO
2014-02-19,73.26000213623047,74.08999633789062,72.9000015258789,72.94000244140625,62.88652801513672,330000,LECO
2014-02-20,73.05000305175781,74.52999877929688,72.86000061035156,74.4800033569336,64.2142562866211,238200,LECO
2014-02-21,74.62999725341797,74.95999908447266,73.87999725341797,73.9000015258789,63.714210510253906,231000,LECO
2014-02-24,74.05000305175781,75.18000030517578,74.05000305175781,74.66999816894531,64.37806701660156,277500,LECO
2014-02-25,74.69999694824219,74.83999633789062,73.95999908447266,74.5199966430664,64.24872589111328,342600,LECO
2014-02-26,74.7699966430664,75.81999969482422,74.51000213623047,75.3499984741211,64.96437072753906,319100,LECO
2014-02-27,75.30000305175781,75.54000091552734,74.83999633789062,75.19000244140625,64.8263931274414,222300,LECO
2014-02-28,75.19000244140625,75.83999633789062,74.5999984741211,74.97000122070312,64.63673400878906,396400,LECO
2014-03-03,74.26000213623047,74.88999938964844,73.61000061035156,74.25,64.01596069335938,386000,LECO
2014-03-04,75.27999877929688,75.91999816894531,75.08000183105469,75.45999908447266,65.05918884277344,259400,LECO
2014-03-05,75.66000366210938,75.98999786376953,74.4800033569336,74.66999816894531,64.37806701660156,339000,LECO
2014-03-06,75.04000091552734,75.36000061035156,74.62000274658203,75.02999877929688,64.6884536743164,247800,LECO
2014-03-07,75.4000015258789,75.76000213623047,74.80000305175781,75.37000274658203,64.98161315917969,125600,LECO
2014-03-10,75.08999633789062,75.13999938964844,74.12000274658203,74.5199966430664,64.24872589111328,199700,LECO
2014-03-11,74.77999877929688,74.98999786376953,73.1500015258789,73.19000244140625,63.102081298828125,223700,LECO
2014-03-12,72.97000122070312,73.44999694824219,72.02999877929688,72.80000305175781,62.76582336425781,430600,LECO
2014-03-13,72.98999786376953,73.11000061035156,71.18000030517578,71.62000274658203,61.74846649169922,372500,LECO
2014-03-14,71.58000183105469,72.52999877929688,71.5,72.2300033569336,62.2744140625,288500,LECO
2014-03-17,72.80000305175781,73.4800033569336,72.41999816894531,72.76000213623047,62.731327056884766,220600,LECO
2014-03-18,72.91000366210938,73.25,72.2300033569336,73.0199966430664,62.95550537109375,265500,LECO
2014-03-19,73.01000213623047,73.30000305175781,72.31999969482422,72.75,62.72272872924805,389700,LECO
2014-03-20,72.5,73.18000030517578,72.29000091552734,72.55999755859375,62.55891418457031,351500,LECO
2014-03-21,73.05000305175781,73.88999938964844,72.69000244140625,73.7699966430664,63.60212707519531,729800,LECO
2014-03-24,74.08000183105469,74.08000183105469,71.69999694824219,72.37999725341797,62.40372085571289,432500,LECO
2014-03-25,76.26000213623047,76.26000213623047,72.19000244140625,72.58999633789062,62.58477783203125,472700,LECO
2014-03-26,73.18000030517578,73.3499984741211,71.7699966430664,71.80000305175781,61.90364456176758,343200,LECO
2014-03-27,71.69000244140625,72.12999725341797,70.93000030517578,71.62000274658203,61.946903228759766,304800,LECO
2014-03-28,71.81999969482422,73.04000091552734,71.4800033569336,71.8499984741211,62.145843505859375,284600,LECO
2014-03-31,72.1500015258789,72.5199966430664,71.43000030517578,72.01000213623047,62.28422927856445,450900,LECO
2014-04-01,72.05000305175781,72.36000061035156,71.45999908447266,71.75,62.0593376159668,610700,LECO
2014-04-02,71.79000091552734,72.87999725341797,71.73999786376953,72.08999633789062,62.35342788696289,442500,LECO
2014-04-03,72.0,72.36000061035156,70.77999877929688,71.08999633789062,61.48847961425781,460300,LECO
2014-04-04,71.62999725341797,72.1500015258789,70.05999755859375,70.22000122070312,60.73599624633789,434800,LECO
2014-04-07,70.12000274658203,70.86000061035156,68.91999816894531,69.6500015258789,60.24296951293945,616500,LECO
2014-04-08,69.56999969482422,69.83000183105469,67.8499984741211,69.11000061035156,59.77590560913086,621300,LECO
2014-04-09,69.37999725341797,70.22000122070312,68.70999908447266,70.16999816894531,60.692745208740234,478300,LECO
2014-04-10,70.22000122070312,70.45999908447266,68.38999938964844,68.45999908447266,59.213706970214844,432000,LECO
2014-04-11,68.31999969482422,68.75,67.41000366210938,67.51000213623047,58.392005920410156,288900,LECO
2014-04-14,67.91000366210938,68.62000274658203,67.08999633789062,67.66000366210938,58.521751403808594,343700,LECO
2014-04-15,67.7300033569336,68.37000274658203,66.47000122070312,66.9000015258789,57.8643913269043,757600,LECO
2014-04-16,67.3499984741211,69.18000030517578,67.3499984741211,69.06999969482422,59.741310119628906,624400,LECO
2014-04-17,69.25,70.41999816894531,69.04000091552734,69.98999786376953,60.537052154541016,453300,LECO
2014-04-21,70.0199966430664,70.36000061035156,69.18000030517578,69.52999877929688,60.139190673828125,460000,LECO
2014-04-22,69.66999816894531,69.9800033569336,68.62000274658203,68.91000366210938,59.602909088134766,970900,LECO
2014-04-23,66.0,67.83000183105469,63.22999954223633,65.54000091552734,56.68807601928711,1389300,LECO
2014-04-24,65.70999908447266,66.45999908447266,63.5,65.88999938964844,56.990814208984375,730900,LECO
2014-04-25,65.41999816894531,65.76000213623047,64.6500015258789,64.87000274658203,56.10856628417969,361900,LECO
2014-04-28,65.25,65.55999755859375,63.810001373291016,65.41999816894531,56.58427810668945,799800,LECO
2014-04-29,65.5999984741211,65.73999786376953,64.77999877929688,65.12000274658203,56.32481002807617,515900,LECO
2014-04-30,65.05000305175781,66.94000244140625,64.94999694824219,66.80999755859375,57.786556243896484,782300,LECO
2014-05-01,66.97000122070312,67.52999877929688,66.4000015258789,67.12000274658203,58.0546760559082,536700,LECO
2014-05-02,67.0,67.80999755859375,66.83999633789062,67.08999633789062,58.02873992919922,411800,LECO
2014-05-05,66.66000366210938,67.70999908447266,66.4000015258789,67.25,58.16712951660156,329800,LECO
2014-05-06,67.0,67.48999786376953,66.70999908447266,66.98999786376953,57.94221878051758,777100,LECO
2014-05-07,67.16999816894531,67.43000030517578,66.41000366210938,67.18000030517578,58.10658264160156,591600,LECO
2014-05-08,67.16999816894531,67.79000091552734,66.72000122070312,66.95999908447266,57.916290283203125,346900,LECO
2014-05-09,66.87000274658203,67.0,66.13999938964844,66.91000366210938,57.873046875,220200,LECO
2014-05-12,67.2699966430664,68.4000015258789,66.9000015258789,67.93000030517578,58.75529479980469,268700,LECO
2014-05-13,67.98999786376953,68.0,67.2300033569336,67.33999633789062,58.24494552612305,237400,LECO
2014-05-14,67.08000183105469,67.2300033569336,66.08000183105469,66.12999725341797,57.19839859008789,286000,LECO
2014-05-15,65.9000015258789,66.19999694824219,64.73999786376953,65.69000244140625,56.81781768798828,328300,LECO
2014-05-16,65.80999755859375,66.22000122070312,65.5,65.91000366210938,57.00810623168945,291600,LECO
2014-05-19,65.61000061035156,66.38999938964844,65.61000061035156,65.81999969482422,56.930259704589844,528700,LECO
2014-05-20,65.62000274658203,66.0199966430664,64.0999984741211,64.33999633789062,55.650146484375,517600,LECO
2014-05-21,64.63999938964844,65.47000122070312,64.63999938964844,65.33999633789062,56.51508712768555,726900,LECO
2014-05-22,65.37000274658203,65.9800033569336,64.94999694824219,65.12999725341797,56.333457946777344,338400,LECO
2014-05-23,65.1500015258789,65.66999816894531,64.83000183105469,65.45999908447266,56.61887741088867,354600,LECO
2014-05-27,65.72000122070312,66.47000122070312,65.55999755859375,66.08000183105469,57.1551513671875,246400,LECO
2014-05-28,66.2699966430664,66.66999816894531,65.88999938964844,66.11000061035156,57.181095123291016,269600,LECO
2014-05-29,66.44000244140625,66.94000244140625,65.80000305175781,65.9800033569336,57.06865692138672,223900,LECO
2014-05-30,66.0,66.08999633789062,65.55999755859375,65.69000244140625,56.81781768798828,358000,LECO
2014-06-02,65.7300033569336,66.5999984741211,65.27999877929688,66.30999755859375,57.35407257080078,339900,LECO
2014-06-03,66.29000091552734,66.69999694824219,65.8499984741211,66.26000213623047,57.31083679199219,222700,LECO
2014-06-04,66.08999633789062,66.4800033569336,65.86000061035156,65.93000030517578,57.0254020690918,252200,LECO
2014-06-05,66.16000366210938,67.48999786376953,65.97000122070312,67.4000015258789,58.29686737060547,260200,LECO
2014-06-06,67.55000305175781,68.1500015258789,67.41000366210938,67.7699966430664,58.61688232421875,268700,LECO
2014-06-09,67.6500015258789,68.95999908447266,67.6500015258789,68.54000091552734,59.282901763916016,222600,LECO
2014-06-10,68.38999938964844,68.98999786376953,68.20999908447266,68.48999786376953,59.23963165283203,192300,LECO
2014-06-11,68.12000274658203,68.44999694824219,67.7699966430664,68.13999938964844,58.93692398071289,160700,LECO
2014-06-12,68.19999694824219,69.19000244140625,67.61000061035156,67.77999877929688,58.62553405761719,390600,LECO
2014-06-13,67.94000244140625,68.91999816894531,67.5199966430664,68.48999786376953,59.23963165283203,250400,LECO
2014-06-16,69.94000244140625,70.66000366210938,69.18000030517578,69.48999786376953,60.10458755493164,457600,LECO
2014-06-17,69.45999908447266,71.47000122070312,68.94000244140625,70.58000183105469,61.04735565185547,631600,LECO
2014-06-18,70.72000122070312,71.26000213623047,70.11000061035156,70.4800033569336,60.960880279541016,332800,LECO
2014-06-19,70.48999786376953,70.91999816894531,69.94000244140625,70.16000366210938,60.684104919433594,272400,LECO
2014-06-20,70.37999725341797,70.91999816894531,69.8499984741211,70.38999938964844,60.88304138183594,421700,LECO
2014-06-23,70.63999938964844,70.63999938964844,69.6500015258789,69.75,60.3294677734375,301000,LECO
2014-06-24,69.72000122070312,70.12000274658203,69.01000213623047,69.08999633789062,59.75860595703125,249300,LECO
2014-06-25,68.88999938964844,69.70999908447266,68.38999938964844,69.5,60.11323165893555,254000,LECO
2014-06-26,69.44999694824219,69.61000061035156,68.51000213623047,69.5199966430664,60.330177307128906,286100,LECO
2014-06-27,69.22000122070312,70.01000213623047,69.22000122070312,69.73999786376953,60.5211067199707,1346300,LECO
2014-06-30,69.80000305175781,70.04000091552734,69.08999633789062,69.87999725341797,60.64258575439453,364000,LECO
2014-07-01,70.13999938964844,70.80999755859375,69.87999725341797,70.3499984741211,61.05048370361328,460600,LECO
2014-07-02,69.80000305175781,70.36000061035156,69.29000091552734,69.44999694824219,60.26944351196289,261200,LECO
2014-07-03,69.8499984741211,70.30000305175781,69.75,69.91999816894531,60.677310943603516,191800,LECO
2014-07-07,69.58000183105469,69.81999969482422,68.68000030517578,68.94999694824219,59.835533142089844,262400,LECO
2014-07-08,68.9800033569336,68.9800033569336,68.12000274658203,68.4800033569336,59.427669525146484,294500,LECO
2014-07-09,68.58000183105469,69.12999725341797,68.48999786376953,68.81999969482422,59.72274398803711,149100,LECO
2014-07-10,67.80000305175781,68.11000061035156,67.0199966430664,67.72000122070312,58.768131256103516,300300,LECO
2014-07-11,67.83999633789062,68.19000244140625,67.29000091552734,67.37000274658203,58.46440887451172,244800,LECO
2014-07-14,67.81999969482422,67.93000030517578,67.48999786376953,67.54000091552734,58.61192321777344,220900,LECO
2014-07-15,67.52999877929688,67.7699966430664,66.63999938964844,67.05999755859375,58.19537353515625,212500,LECO
2014-07-16,67.5,67.58000183105469,66.48999786376953,66.80999755859375,57.978424072265625,559000,LECO
2014-07-17,66.47000122070312,66.63999938964844,65.68000030517578,65.94999694824219,57.23210144042969,439700,LECO
2014-07-18,66.16999816894531,67.0199966430664,66.16999816894531,66.77999877929688,57.95238494873047,352800,LECO
2014-07-21,66.4800033569336,67.0999984741211,66.30000305175781,66.83999633789062,58.004459381103516,308900,LECO
2014-07-22,67.23999786376953,67.69999694824219,67.12999725341797,67.29000091552734,58.39496994018555,310900,LECO
2014-07-23,67.55000305175781,67.73999786376953,66.83000183105469,67.20999908447266,58.32555389404297,229300,LECO
2014-07-24,67.08999633789062,67.86000061035156,67.08999633789062,67.18000030517578,58.29951858520508,305900,LECO
2014-07-25,66.80000305175781,67.48999786376953,66.51000213623047,66.7699966430664,57.9437141418457,437700,LECO
2014-07-28,68.45999908447266,70.5199966430664,68.45999908447266,70.05000305175781,60.790130615234375,1163800,LECO
2014-07-29,70.12999725341797,71.41000366210938,69.66999816894531,69.83000183105469,60.599220275878906,611800,LECO
2014-07-30,69.8499984741211,69.98999786376953,68.0999984741211,68.51000213623047,59.45370864868164,631400,LECO
2014-07-31,67.91000366210938,68.0,66.41999816894531,66.44000244140625,57.65732955932617,337000,LECO
2014-08-01,66.2699966430664,66.5999984741211,65.56999969482422,66.2699966430664,57.509803771972656,445500,LECO
2014-08-04,65.47000122070312,67.20999908447266,65.44000244140625,67.16000366210938,58.28216552734375,363700,LECO
2014-08-05,66.76000213623047,68.05000305175781,66.45999908447266,66.91999816894531,58.073875427246094,245800,LECO
2014-08-06,66.58000183105469,67.38999938964844,66.52999877929688,66.97000122070312,58.11726379394531,167200,LECO
2014-08-07,67.16999816894531,67.83999633789062,66.48999786376953,66.72000122070312,57.90032196044922,180200,LECO
2014-08-08,66.68000030517578,68.55000305175781,66.68000030517578,68.19000244140625,59.17601013183594,473900,LECO
2014-08-11,68.47000122070312,69.0,68.08999633789062,68.58999633789062,59.523109436035156,212500,LECO
2014-08-12,68.44000244140625,69.16999816894531,68.05999755859375,68.38999938964844,59.34956359863281,201300,LECO
2014-08-13,68.48999786376953,69.2699966430664,68.18000030517578,69.22000122070312,60.06984329223633,223100,LECO
2014-08-14,69.25,69.5999984741211,68.70999908447266,69.12000274658203,59.98305892944336,313800,LECO
2014-08-15,69.5,69.80000305175781,68.41999816894531,69.16999816894531,60.026451110839844,231900,LECO
2014-08-18,69.72000122070312,70.54000091552734,69.26000213623047,69.95999908447266,60.7120246887207,347600,LECO
2014-08-19,69.93000030517578,70.5999984741211,69.91000366210938,70.48999786376953,61.17194366455078,172700,LECO
2014-08-20,70.31999969482422,70.7300033569336,70.06999969482422,70.69000244140625,61.34552764892578,220100,LECO
2014-08-21,70.76000213623047,71.04000091552734,70.04000091552734,70.8499984741211,61.48438262939453,201800,LECO
2014-08-22,70.83999633789062,71.25,70.44000244140625,70.5,61.180641174316406,225500,LECO
2014-08-25,70.98999786376953,71.2699966430664,70.43000030517578,70.75,61.3975830078125,107000,LECO
2014-08-26,70.93000030517578,71.1500015258789,70.23999786376953,70.80000305175781,61.44096755981445,209200,LECO
2014-08-27,70.87999725341797,71.1500015258789,70.51000213623047,71.12999725341797,61.72736740112305,382400,LECO
2014-08-28,70.94000244140625,71.13999938964844,70.4800033569336,70.87000274658203,61.5017204284668,191300,LECO
2014-08-29,70.97000122070312,71.23999786376953,70.38999938964844,71.0999984741211,61.70133590698242,195900,LECO
2014-09-02,71.27999877929688,72.66000366210938,71.1500015258789,71.33000183105469,61.900943756103516,429900,LECO
2014-09-03,71.5,71.69999694824219,70.47000122070312,70.7300033569336,61.380252838134766,194900,LECO
2014-09-04,70.7699966430664,71.31999969482422,70.62000274658203,71.12000274658203,61.71868133544922,270100,LECO
2014-09-05,71.01000213623047,71.68000030517578,70.38999938964844,71.62999725341797,62.1612548828125,194800,LECO
2014-09-08,71.44999694824219,71.9800033569336,71.20999908447266,71.94000244140625,62.43027114868164,313900,LECO
2014-09-09,71.73999786376953,71.73999786376953,71.0,71.20999908447266,61.79679489135742,279900,LECO
2014-09-10,71.4800033569336,72.4000015258789,70.69000244140625,72.31999969482422,62.76005172729492,487600,LECO
2014-09-11,72.30000305175781,73.12999725341797,71.98999786376953,72.44000244140625,62.86418533325195,489000,LECO
2014-09-12,72.51000213623047,72.80000305175781,71.88999938964844,72.47000122070312,62.89025115966797,360200,LECO
2014-09-15,72.55000305175781,72.88999938964844,72.23999786376953,72.72000122070312,63.10719299316406,338000,LECO
2014-09-16,72.41000366210938,73.51000213623047,72.11000061035156,73.19999694824219,63.523719787597656,397600,LECO
2014-09-17,73.18000030517578,73.75,72.54000091552734,73.18000030517578,63.50638198852539,316400,LECO
2014-09-18,73.5199966430664,73.5199966430664,72.8499984741211,73.22000122070312,63.54109573364258,268000,LECO
2014-09-19,73.43000030517578,73.43000030517578,71.98999786376953,72.23999786376953,62.69063186645508,852900,LECO
2014-09-22,72.25,72.51000213623047,71.37000274658203,71.38999938964844,61.95298767089844,259000,LECO
2014-09-23,71.30000305175781,72.0,70.62999725341797,71.72000122070312,62.239376068115234,424800,LECO
2014-09-24,71.69000244140625,71.9000015258789,71.12000274658203,71.70999908447266,62.23070526123047,225400,LECO
2014-09-25,71.41000366210938,71.7699966430664,70.3499984741211,70.4800033569336,61.16328811645508,306600,LECO
2014-09-26,70.44000244140625,70.80999755859375,70.0199966430664,70.61000061035156,61.47673034667969,281000,LECO
2014-09-29,69.77999877929688,70.33999633789062,69.76000213623047,70.18000030517578,61.10234069824219,232800,LECO
2014-09-30,70.05999755859375,70.12000274658203,68.93000030517578,69.13999938964844,60.19687271118164,319600,LECO
2014-10-01,69.16999816894531,69.6500015258789,67.76000213623047,67.87999725341797,59.09983825683594,502800,LECO
2014-10-02,67.83999633789062,68.33000183105469,66.98999786376953,67.38999938964844,58.67323303222656,474000,LECO
2014-10-03,68.05999755859375,68.05999755859375,67.05999755859375,67.45999908447266,58.73417282104492,373700,LECO
2014-10-06,67.70999908447266,68.01000213623047,67.5199966430664,67.66999816894531,58.9170036315918,510300,LECO
2014-10-07,67.19999694824219,67.19999694824219,66.0,66.0199966430664,57.48041915893555,286400,LECO
2014-10-08,66.05000305175781,66.41999816894531,65.36000061035156,66.38999938964844,57.80258560180664,481400,LECO
2014-10-09,66.41999816894531,66.8499984741211,64.81999969482422,64.91999816894531,56.52269744873047,414200,LECO
2014-10-10,64.8499984741211,65.2300033569336,63.27000045776367,63.310001373291016,55.12096405029297,346500,LECO
2014-10-13,63.290000915527344,63.41999816894531,61.459999084472656,61.61000061035156,53.64085388183594,522300,LECO
2014-10-14,61.880001068115234,62.91999816894531,61.119998931884766,62.7400016784668,54.624691009521484,737100,LECO
2014-10-15,61.689998626708984,63.2400016784668,61.27000045776367,62.650001525878906,54.54634094238281,454300,LECO
2014-10-16,61.47999954223633,64.05000305175781,61.290000915527344,63.970001220703125,55.69559860229492,468300,LECO
2014-10-17,64.69999694824219,65.7300033569336,64.54000091552734,65.11000061035156,56.688140869140625,356600,LECO
2014-10-20,64.7699966430664,65.45999908447266,64.55999755859375,65.31999969482422,56.870967864990234,294100,LECO
2014-10-21,66.0,68.38999938964844,65.66000366210938,67.95999908447266,59.16950607299805,528100,LECO
2014-10-22,68.25,69.05999755859375,66.94000244140625,66.98999786376953,58.324951171875,274200,LECO
2014-10-23,67.94999694824219,68.81999969482422,67.87000274658203,68.08000183105469,59.27397918701172,469900,LECO
2014-10-24,67.93000030517578,68.25,67.5,68.16000366210938,59.34363555908203,293800,LECO
2014-10-27,67.88999938964844,68.0,66.80000305175781,67.93000030517578,59.143375396728516,425000,LECO
2014-10-28,68.3499984741211,69.86000061035156,68.3499984741211,69.80000305175781,60.77149200439453,314700,LECO
2014-10-29,70.08999633789062,70.87000274658203,69.51000213623047,70.0,60.94562530517578,479700,LECO
2014-10-30,75.0,75.0,68.94999694824219,71.20999908447266,61.99912643432617,689600,LECO
2014-10-31,72.0999984741211,72.6500015258789,71.05000305175781,72.4800033569336,63.10483169555664,406500,LECO
2014-11-03,72.5,72.9000015258789,71.9800033569336,72.58999633789062,63.20062255859375,410500,LECO
2014-11-04,72.55000305175781,72.93000030517578,72.02999877929688,72.41999816894531,63.052589416503906,277300,LECO
2014-11-05,72.77999877929688,73.1500015258789,72.23999786376953,73.13999938964844,63.67947769165039,318900,LECO
2014-11-06,73.31999969482422,74.33999633789062,73.0,74.0999984741211,64.51529693603516,317100,LECO
2014-11-07,74.0199966430664,74.37000274658203,73.73999786376953,74.05999755859375,64.48046875,369900,LECO
2014-11-10,73.87000274658203,74.91999816894531,73.87000274658203,74.11000061035156,64.52401733398438,400300,LECO
2014-11-11,74.13999938964844,74.80000305175781,73.81999969482422,74.27999877929688,64.67203521728516,320500,LECO
2014-11-12,73.83999633789062,74.87000274658203,73.83999633789062,74.5999984741211,64.95061492919922,336600,LECO
2014-11-13,74.5999984741211,74.80000305175781,73.52999877929688,73.94999694824219,64.38468933105469,402900,LECO
2014-11-14,73.76000213623047,74.30999755859375,73.58999633789062,73.75,64.21055603027344,239600,LECO
2014-11-17,73.72000122070312,74.12000274658203,73.20999908447266,74.08000183105469,64.49788665771484,253500,LECO
2014-11-18,74.02999877929688,75.08000183105469,73.83000183105469,73.95999908447266,64.3934097290039,348400,LECO
2014-11-19,73.98999786376953,74.12000274658203,73.16999816894531,73.69999694824219,64.16705322265625,218600,LECO
2014-11-20,73.16000366210938,74.30000305175781,73.05000305175781,73.86000061035156,64.30633544921875,206900,LECO
2014-11-21,74.7699966430664,75.48999786376953,74.4800033569336,74.94999694824219,65.25535583496094,351500,LECO
2014-11-24,75.05999755859375,75.05999755859375,74.12000274658203,74.38999938964844,64.76781463623047,238700,LECO
2014-11-25,74.5999984741211,74.69000244140625,73.76000213623047,74.16999816894531,64.57623291015625,233300,LECO
2014-11-26,74.01000213623047,74.11000061035156,73.31999969482422,73.62000274658203,64.09737396240234,254400,LECO
2014-11-28,73.8499984741211,73.87000274658203,71.88999938964844,72.04000091552734,62.72174835205078,204300,LECO
2014-12-01,72.05000305175781,72.18000030517578,70.72000122070312,70.83999633789062,61.67698287963867,383200,LECO
2014-12-02,71.02999877929688,71.97000122070312,70.83000183105469,71.56999969482422,62.31255340576172,268300,LECO
2014-12-03,70.91000366210938,73.16999816894531,70.91000366210938,72.58000183105469,63.1919059753418,287200,LECO
2014-12-04,72.52999877929688,72.86000061035156,71.66000366210938,72.05999755859375,62.73915100097656,346900,LECO
2014-12-05,72.33000183105469,72.45999908447266,71.54000091552734,71.75,62.46925354003906,332900,LECO
2014-12-08,71.16999816894531,71.47000122070312,69.0199966430664,69.25,60.29262924194336,543600,LECO
2014-12-09,70.97000122070312,71.44000244140625,69.47000122070312,70.7699966430664,61.61603546142578,557500,LECO
2014-12-10,70.7300033569336,70.7300033569336,68.77999877929688,68.94000244140625,60.02273178100586,437900,LECO
2014-12-11,69.44000244140625,70.13999938964844,68.58999633789062,68.91000366210938,59.996620178222656,329400,LECO
2014-12-12,68.26000213623047,68.94000244140625,67.5199966430664,67.56999969482422,58.82994079589844,314800,LECO
2014-12-15,68.0,68.0199966430664,66.26000213623047,66.31999969482422,57.74162292480469,509100,LECO
2014-12-16,66.12000274658203,67.69999694824219,65.73999786376953,66.5,57.89834213256836,638800,LECO
2014-12-17,66.5,67.51000213623047,65.63999938964844,67.4000015258789,58.68193054199219,702500,LECO
2014-12-18,68.5999984741211,69.33999633789062,67.81999969482422,69.08000183105469,60.144630432128906,603700,LECO
2014-12-19,69.1500015258789,69.68000030517578,68.55000305175781,69.0199966430664,60.09237289428711,1472900,LECO
2014-12-22,69.19999694824219,69.66000366210938,68.81999969482422,69.30999755859375,60.34488296508789,363300,LECO
2014-12-23,69.44000244140625,70.7699966430664,69.3499984741211,70.45999908447266,61.34613037109375,332800,LECO
2014-12-24,70.75,71.02999877929688,69.9000015258789,70.29000091552734,61.19810485839844,153000,LECO
2014-12-26,70.66999816894531,71.33999633789062,70.20999908447266,70.33999633789062,61.24165344238281,245300,LECO
2014-12-29,69.86000061035156,70.52999877929688,69.23999786376953,70.19000244140625,61.36404037475586,256900,LECO
2014-12-30,70.06999969482422,70.36000061035156,69.52999877929688,69.87999725341797,61.093017578125,188900,LECO
2014-12-31,69.91999816894531,70.43000030517578,69.08000183105469,69.08999633789062,60.4023551940918,258000,LECO
2015-01-02,69.55999755859375,69.9800033569336,68.18000030517578,69.0,60.32366943359375,281500,LECO
2015-01-05,68.41000366210938,68.8499984741211,67.0199966430664,67.06999969482422,58.63636779785156,318300,LECO
2015-01-06,67.08999633789062,67.70999908447266,65.55999755859375,65.7300033569336,57.464866638183594,308900,LECO
2015-01-07,66.05999755859375,66.52999877929688,65.41999816894531,65.75,57.48235321044922,295300,LECO
2015-01-08,66.51000213623047,67.04000091552734,66.05000305175781,66.72000122070312,58.33037567138672,330500,LECO
2015-01-09,66.68000030517578,67.18000030517578,66.18000030517578,66.29000091552734,57.954444885253906,266400,LECO
2015-01-12,66.51000213623047,66.55999755859375,65.2300033569336,66.25,57.91948699951172,357800,LECO
2015-01-13,66.7300033569336,67.68000030517578,65.61000061035156,66.0,57.700904846191406,599400,LECO
2015-01-14,65.25,66.0199966430664,65.05000305175781,65.77999877929688,57.50857162475586,265400,LECO
2015-01-15,65.97000122070312,66.48999786376953,64.97000122070312,65.08999633789062,56.905330657958984,256500,LECO
2015-01-16,64.95999908447266,65.36000061035156,64.29000091552734,65.04000091552734,56.861629486083984,356400,LECO
2015-01-20,65.16999816894531,66.62000274658203,64.80000305175781,66.4800033569336,58.12056350708008,471600,LECO
2015-01-21,66.44999694824219,67.5,66.37999725341797,67.1500015258789,58.70631408691406,247000,LECO
2015-01-22,67.37000274658203,67.91999816894531,66.30999755859375,67.87999725341797,59.34450149536133,508900,LECO
2015-01-23,67.77999877929688,67.93000030517578,66.80000305175781,66.88999938964844,58.479000091552734,298400,LECO
2015-01-26,66.77999877929688,68.1500015258789,66.05999755859375,68.0999984741211,59.53685760498047,561000,LECO
2015-01-27,67.19999694824219,67.69999694824219,66.41999816894531,67.16000366210938,58.71505355834961,374900,LECO
2015-01-28,67.73999786376953,68.5199966430664,66.86000061035156,67.08000183105469,58.645111083984375,339200,LECO
2015-01-29,67.27999877929688,68.0199966430664,66.18000030517578,67.80000305175781,59.274574279785156,331900,LECO
2015-01-30,67.45999908447266,68.19999694824219,67.11000061035156,67.91000366210938,59.37073516845703,355400,LECO
2015-02-02,68.12000274658203,69.66000366210938,67.62000274658203,69.5999984741211,60.84822082519531,373100,LECO
2015-02-03,69.9000015258789,71.20999908447266,69.62999725341797,71.05000305175781,62.115901947021484,339100,LECO
2015-02-04,70.61000061035156,71.1500015258789,69.19000244140625,69.56999969482422,60.82200622558594,294400,LECO
2015-02-05,69.97000122070312,70.16999816894531,69.12000274658203,69.66999816894531,60.9094352722168,245900,LECO
2015-02-06,69.62999725341797,70.62000274658203,69.62999725341797,70.44999694824219,61.59134292602539,376500,LECO
2015-02-09,70.33999633789062,71.33999633789062,70.04000091552734,70.81999969482422,61.91483688354492,222200,LECO
2015-02-10,71.19999694824219,71.3499984741211,70.01000213623047,71.01000213623047,62.080928802490234,242700,LECO
2015-02-11,70.95999908447266,71.27999877929688,70.0199966430664,70.41999816894531,61.56511306762695,234900,LECO
2015-02-12,70.66999816894531,71.20999908447266,70.44999694824219,71.16999816894531,62.22083282470703,399800,LECO
2015-02-13,71.26000213623047,72.25,70.98999786376953,72.2300033569336,63.14752960205078,273400,LECO
2015-02-17,71.80999755859375,72.5,68.52999877929688,69.16999816894531,60.4722900390625,942600,LECO
2015-02-18,68.4000015258789,70.54000091552734,68.0199966430664,70.0999984741211,61.285362243652344,516100,LECO
2015-02-19,69.97000122070312,70.30000305175781,69.06999969482422,69.44999694824219,60.71709060668945,394600,LECO
2015-02-20,69.3499984741211,70.25,68.79000091552734,70.18000030517578,61.35531234741211,365100,LECO
2015-02-23,70.12999725341797,70.12999725341797,69.44999694824219,69.94999694824219,61.154232025146484,295600,LECO
2015-02-24,69.94999694824219,70.37999725341797,69.5199966430664,69.69999694824219,60.93564987182617,383400,LECO
2015-02-25,69.77999877929688,70.31999969482422,69.54000091552734,70.0999984741211,61.285362243652344,229400,LECO
2015-02-26,70.19000244140625,70.55999755859375,69.33999633789062,69.62000274658203,60.865726470947266,252600,LECO
2015-02-27,69.41999816894531,69.83000183105469,68.9800033569336,69.04000091552734,60.35862731933594,293300,LECO
2015-03-02,68.87000274658203,70.51000213623047,68.55999755859375,70.4800033569336,61.617576599121094,396600,LECO
2015-03-03,70.44999694824219,71.0,70.22000122070312,70.37000274658203,61.52140426635742,262800,LECO
2015-03-04,70.06999969482422,70.31999969482422,68.73999786376953,68.94999694824219,60.27996063232422,222000,LECO
2015-03-05,68.94000244140625,69.48999786376953,68.77999877929688,68.8499984741211,60.19254684448242,171000,LECO
2015-03-06,68.36000061035156,68.9000015258789,67.62000274658203,67.77999877929688,59.25709533691406,269900,LECO
2015-03-09,67.70999908447266,68.2699966430664,67.44000244140625,67.61000061035156,59.10845947265625,373400,LECO
2015-03-10,65.63999938964844,66.37000274658203,64.88999938964844,65.37000274658203,57.15013122558594,556200,LECO
2015-03-11,65.55000305175781,66.51000213623047,64.9800033569336,66.4800033569336,58.12056350708008,391400,LECO
2015-03-12,66.98999786376953,67.38999938964844,66.48999786376953,66.77999877929688,58.38282775878906,247500,LECO
2015-03-13,66.5,66.72000122070312,65.05000305175781,65.5,57.26378631591797,202000,LECO
2015-03-16,65.91000366210938,66.80999755859375,65.52999877929688,66.62999725341797,58.251678466796875,298600,LECO
2015-03-17,66.55999755859375,67.19000244140625,65.9800033569336,66.88999938964844,58.479000091552734,323400,LECO
2015-03-18,66.56999969482422,67.9000015258789,65.63999938964844,67.69000244140625,59.178401947021484,503600,LECO
2015-03-19,67.44000244140625,67.44000244140625,66.11000061035156,66.5999984741211,58.225460052490234,340000,LECO
2015-03-20,66.83000183105469,67.0999984741211,64.93000030517578,65.05999755859375,56.87912368774414,1303800,LECO
2015-03-23,65.23999786376953,65.45999908447266,64.27999877929688,64.37999725341797,56.28461456298828,471400,LECO
2015-03-24,64.5199966430664,65.8499984741211,64.08000183105469,65.63999938964844,57.38617706298828,468300,LECO
2015-03-25,65.97000122070312,66.0199966430664,64.73999786376953,64.75,56.60808563232422,293100,LECO
2015-03-26,64.6500015258789,65.08999633789062,64.22000122070312,64.29000091552734,56.2059440612793,379200,LECO
2015-03-27,64.13999938964844,64.72000122070312,63.900001525878906,64.41999816894531,56.57478332519531,501400,LECO
2015-03-30,64.80000305175781,65.83000183105469,64.80000305175781,65.56999969482422,57.584716796875,257500,LECO
2015-03-31,65.55999755859375,65.56999969482422,64.97000122070312,65.38999938964844,57.42666244506836,635900,LECO
2015-04-01,65.33000183105469,65.83999633789062,64.7699966430664,65.16999816894531,57.23344421386719,556700,LECO
2015-04-02,65.1500015258789,65.76000213623047,64.93000030517578,64.9800033569336,57.066585540771484,418400,LECO
2015-04-06,64.5,66.88999938964844,64.5,66.4000015258789,58.313655853271484,565900,LECO
2015-04-07,66.1500015258789,66.5199966430664,64.5199966430664,64.55000305175781,56.68895721435547,497500,LECO
2015-04-08,64.33999633789062,64.94999694824219,63.66999816894531,63.970001220703125,56.17959213256836,503800,LECO
2015-04-09,63.970001220703125,64.66999816894531,63.970001220703125,64.43000030517578,56.583560943603516,433000,LECO
2015-04-10,64.61000061035156,64.87999725341797,64.19000244140625,64.36000061035156,56.5220832824707,278600,LECO
2015-04-13,64.06999969482422,64.91000366210938,64.06999969482422,64.5,56.64504623413086,272300,LECO
2015-04-14,64.5,65.19000244140625,64.16999816894531,65.19000244140625,57.25101089477539,380400,LECO
2015-04-15,65.19000244140625,66.20999908447266,65.18000030517578,65.9800033569336,57.94480514526367,357100,LECO
2015-04-16,65.91999816894531,65.94000244140625,64.8499984741211,65.12000274658203,57.18954849243164,379300,LECO
2015-04-17,64.63999938964844,64.8499984741211,64.12999725341797,64.51000213623047,56.653831481933594,260100,LECO
2015-04-20,64.98999786376953,65.80000305175781,64.7300033569336,65.18000030517578,57.24223327636719,463500,LECO
2015-04-21,67.45999908447266,67.52999877929688,65.05000305175781,66.47000122070312,58.37512969970703,984300,LECO
2015-04-22,66.23999786376953,66.62000274658203,65.66000366210938,66.33000183105469,58.25218200683594,395400,LECO
2015-04-23,66.41999816894531,67.91000366210938,66.3499984741211,67.6500015258789,59.41141891479492,444100,LECO
2015-04-24,67.86000061035156,67.88999938964844,66.94999694824219,67.02999877929688,58.8669319152832,305900,LECO
2015-04-27,66.91000366210938,67.4800033569336,66.81999969482422,67.37999725341797,59.17431640625,333500,LECO
2015-04-28,67.20999908447266,67.47000122070312,66.77999877929688,67.3499984741211,59.14795684814453,262200,LECO
2015-04-29,66.97000122070312,68.73999786376953,66.76000213623047,68.61000061035156,60.254512786865234,615100,LECO
2015-04-30,68.30999755859375,68.68000030517578,66.80000305175781,66.86000061035156,58.71763229370117,617000,LECO
2015-05-01,67.27999877929688,67.76000213623047,66.5,66.70999908447266,58.58590316772461,512700,LECO
2015-05-04,66.61000061035156,67.51000213623047,66.41999816894531,67.01000213623047,58.849361419677734,555400,LECO
2015-05-05,66.70999908447266,67.66999816894531,66.05999755859375,66.19999694824219,58.13801574707031,365800,LECO
2015-05-06,66.47000122070312,66.66999816894531,65.75,66.66000366210938,58.54199981689453,543700,LECO
2015-05-07,66.66000366210938,67.16999816894531,65.81999969482422,66.36000061035156,58.278533935546875,421800,LECO
2015-05-08,67.02999877929688,67.20999908447266,66.5,66.5999984741211,58.489295959472656,240200,LECO
2015-05-11,66.61000061035156,67.44000244140625,66.25,67.37000274658203,59.16554260253906,593200,LECO
2015-05-12,67.16000366210938,68.1500015258789,66.72000122070312,68.06999969482422,59.780269622802734,448300,LECO
2015-05-13,68.58000183105469,69.44000244140625,68.08999633789062,69.43000030517578,60.97464370727539,578900,LECO
2015-05-14,69.69000244140625,71.1500015258789,69.69000244140625,71.11000061035156,62.45005798339844,656200,LECO
2015-05-15,70.94999694824219,70.94999694824219,68.93000030517578,69.27999877929688,60.84293746948242,421600,LECO
2015-05-18,69.36000061035156,69.54000091552734,68.87999725341797,69.44000244140625,60.98344421386719,242100,LECO
2015-05-19,69.2699966430664,69.45999908447266,68.38999938964844,69.30000305175781,60.8604850769043,281000,LECO
2015-05-20,69.25,69.30000305175781,68.4800033569336,69.05999755859375,60.649715423583984,329800,LECO
2015-05-21,69.12999725341797,69.5199966430664,68.83000183105469,69.37000274658203,60.92197036743164,473600,LECO
2015-05-22,69.22000122070312,69.62000274658203,68.95999908447266,69.33000183105469,60.88684844970703,268100,LECO
2015-05-26,69.30999755859375,69.33000183105469,68.58000183105469,68.80000305175781,60.42137908935547,408700,LECO
2015-05-27,69.12999725341797,70.0,68.56999969482422,69.83000183105469,61.32595443725586,446400,LECO
2015-05-28,69.66000366210938,69.97000122070312,68.2699966430664,68.48999786376953,60.14912796020508,463100,LECO
2015-05-29,68.30999755859375,68.69999694824219,67.08000183105469,67.20999908447266,59.0250244140625,478700,LECO
2015-06-01,67.66000366210938,67.83999633789062,66.9000015258789,67.55000305175781,59.323612213134766,449600,LECO
2015-06-02,67.30999755859375,67.91999816894531,67.0,67.41999816894531,59.20944595336914,313200,LECO
2015-06-03,67.87000274658203,68.38999938964844,67.36000061035156,67.94999694824219,59.67487716674805,243500,LECO
2015-06-04,67.72000122070312,68.37999725341797,66.5999984741211,66.66000366210938,58.54199981689453,365600,LECO
2015-06-05,66.7300033569336,67.45999908447266,66.08000183105469,67.41999816894531,59.20944595336914,288100,LECO
2015-06-08,67.29000091552734,67.69000244140625,66.66999816894531,66.9000015258789,58.752769470214844,271000,LECO
2015-06-09,67.06999969482422,67.41999816894531,66.5999984741211,66.80000305175781,58.664947509765625,137500,LECO
2015-06-10,66.95999908447266,67.58999633789062,66.44999694824219,67.44000244140625,59.22699737548828,213900,LECO
2015-06-11,67.73999786376953,67.73999786376953,66.5199966430664,67.20999908447266,59.0250244140625,318600,LECO
2015-06-12,66.83999633789062,66.88999938964844,66.02999877929688,66.08000183105469,58.03262710571289,483500,LECO
2015-06-15,65.4800033569336,65.54000091552734,64.08999633789062,64.30000305175781,56.46939468383789,927800,LECO
2015-06-16,64.0,67.5,62.20000076293945,62.47999954223633,54.87104034423828,1253700,LECO
2015-06-17,62.529998779296875,63.70000076293945,62.47999954223633,63.34000015258789,55.62630844116211,676400,LECO
2015-06-18,63.2599983215332,63.810001373291016,62.95000076293945,63.40999984741211,55.68777847290039,411400,LECO
2015-06-19,63.540000915527344,63.779998779296875,63.0,63.279998779296875,55.57361602783203,777500,LECO
2015-06-22,63.720001220703125,63.900001525878906,63.34000015258789,63.86000061035156,56.082984924316406,412400,LECO
2015-06-23,63.779998779296875,64.1500015258789,63.68000030517578,63.869998931884766,56.091773986816406,679300,LECO
2015-06-24,63.79999923706055,64.01000213623047,63.5,63.59000015258789,55.845863342285156,381000,LECO
2015-06-25,63.400001525878906,63.58000183105469,62.22999954223633,62.459999084472656,54.85347366333008,409700,LECO
2015-06-26,62.41999816894531,62.7400016784668,62.060001373291016,62.470001220703125,55.118167877197266,1364500,LECO
2015-06-29,62.029998779296875,62.380001068115234,60.900001525878906,60.93000030517578,53.7594108581543,529600,LECO
2015-06-30,61.7599983215332,61.81999969482422,60.849998474121094,60.88999938964844,53.72411346435547,507300,LECO
2015-07-01,61.2400016784668,61.72999954223633,60.68000030517578,60.90999984741211,53.74176025390625,372400,LECO
2015-07-02,61.209999084472656,61.439998626708984,60.470001220703125,60.68000030517578,53.5388298034668,297500,LECO
2015-07-06,60.0,61.11000061035156,59.869998931884766,60.470001220703125,53.353538513183594,419300,LECO
2015-07-07,60.58000183105469,61.470001220703125,60.2599983215332,61.369998931884766,54.147621154785156,545300,LECO
2015-07-08,61.02000045776367,61.290000915527344,59.88999938964844,60.0099983215332,52.94767379760742,484700,LECO
2015-07-09,60.7599983215332,61.060001373291016,59.849998474121094,59.849998474121094,52.80651092529297,421800,LECO
2015-07-10,60.630001068115234,60.630001068115234,59.97999954223633,60.16999816894531,53.088844299316406,412200,LECO
2015-07-13,60.70000076293945,60.810001373291016,60.43000030517578,60.4900016784668,53.371185302734375,454900,LECO
2015-07-14,60.41999816894531,60.61000061035156,60.29999923706055,60.45000076293945,53.33589172363281,368600,LECO
2015-07-15,60.5,60.59000015258789,59.5,59.59000015258789,52.57710647583008,313500,LECO
2015-07-16,60.18000030517578,60.58000183105469,59.58000183105469,59.599998474121094,52.5859260559082,324200,LECO
2015-07-17,59.7599983215332,59.83000183105469,58.95000076293945,59.029998779296875,52.083011627197266,655000,LECO
2015-07-20,59.2400016784668,59.779998779296875,59.130001068115234,59.27000045776367,52.294769287109375,334900,LECO
2015-07-21,59.290000915527344,59.54999923706055,58.779998779296875,58.90999984741211,51.977134704589844,241000,LECO
2015-07-22,58.77000045776367,59.119998931884766,58.36000061035156,58.79999923706055,51.88007354736328,344500,LECO
2015-07-23,58.79999923706055,59.25,58.529998779296875,58.79999923706055,51.88007354736328,630000,LECO
2015-07-24,58.79999923706055,58.849998474121094,57.68000030517578,57.720001220703125,50.92717361450195,306100,LECO
2015-07-27,56.84000015258789,59.310001373291016,56.099998474121094,58.869998931884766,51.94184494018555,857700,LECO
2015-07-28,58.779998779296875,59.5,57.900001525878906,59.2400016784668,52.26829147338867,632400,LECO
2015-07-29,58.90999984741211,59.9900016784668,58.689998626708984,59.779998779296875,52.74473190307617,353000,LECO
2015-07-30,59.459999084472656,60.970001220703125,59.40999984741211,60.81999969482422,53.662353515625,475000,LECO
2015-07-31,60.97999954223633,61.130001068115234,60.439998626708984,60.54999923706055,53.424129486083984,313500,LECO
2015-08-03,60.38999938964844,60.630001068115234,59.52000045776367,60.060001373291016,52.99179458618164,277200,LECO
2015-08-04,60.45000076293945,61.060001373291016,59.97999954223633,60.36000061035156,53.25648498535156,341800,LECO
2015-08-05,60.540000915527344,61.63999938964844,60.540000915527344,61.5,54.2623176574707,618000,LECO
2015-08-06,61.4900016784668,61.790000915527344,60.689998626708984,61.029998779296875,53.847633361816406,445200,LECO
2015-08-07,60.70000076293945,61.59000015258789,60.70000076293945,61.59000015258789,54.34173583984375,376000,LECO
2015-08-10,62.15999984741211,62.939998626708984,61.5,62.779998779296875,55.391685485839844,415200,LECO
2015-08-11,62.099998474121094,62.2599983215332,61.84000015258789,61.880001068115234,54.59760284423828,447100,LECO
2015-08-12,61.439998626708984,62.040000915527344,61.189998626708984,61.849998474121094,54.571136474609375,336300,LECO
2015-08-13,61.91999816894531,61.91999816894531,61.06999969482422,61.529998779296875,54.28879928588867,370900,LECO
2015-08-14,61.380001068115234,62.189998626708984,61.380001068115234,62.04999923706055,54.747596740722656,327900,LECO
2015-08-17,61.68000030517578,62.54999923706055,61.36000061035156,62.34000015258789,55.00346755981445,337100,LECO
2015-08-18,62.209999084472656,62.25,60.970001220703125,61.2599983215332,54.050575256347656,485000,LECO
2015-08-19,61.40999984741211,61.40999984741211,59.959999084472656,60.209999084472656,53.1241455078125,348200,LECO
2015-08-20,59.689998626708984,60.369998931884766,58.209999084472656,58.2400016784668,51.38597869873047,374000,LECO
2015-08-21,57.58000183105469,59.58000183105469,56.59000015258789,56.59000015258789,49.93016815185547,399300,LECO
2015-08-24,54.0099983215332,56.599998474121094,51.7400016784668,55.13999938964844,48.65081024169922,1030000,LECO
2015-08-25,57.13999938964844,57.13999938964844,54.65999984741211,54.70000076293945,48.262596130371094,469500,LECO
2015-08-26,55.77000045776367,56.47999954223633,54.959999084472656,56.400001525878906,49.76252746582031,514400,LECO
2015-08-27,57.2400016784668,58.54999923706055,56.540000915527344,58.40999984741211,51.535972595214844,600900,LECO
2015-08-28,58.2599983215332,58.939998626708984,58.119998931884766,58.43000030517578,51.55362319946289,343000,LECO
2015-08-31,58.189998626708984,59.220001220703125,57.91999816894531,58.650001525878906,51.74772262573242,469500,LECO
2015-09-01,57.310001373291016,58.459999084472656,56.86000061035156,56.900001525878906,50.20368957519531,617100,LECO
2015-09-02,57.369998931884766,57.650001525878906,56.310001373291016,57.16999816894531,50.44190216064453,449700,LECO
2015-09-03,57.16999816894531,58.220001220703125,57.04999923706055,57.95000076293945,51.13011169433594,482600,LECO
2015-09-04,57.34000015258789,57.61000061035156,57.119998931884766,57.130001068115234,50.406612396240234,463800,LECO
2015-09-08,58.15999984741211,58.849998474121094,57.060001373291016,58.65999984741211,51.756553649902344,314500,LECO
2015-09-09,58.90999984741211,59.25,58.15999984741211,58.2400016784668,51.38597869873047,289400,LECO
2015-09-10,58.33000183105469,58.95000076293945,57.36000061035156,58.15999984741211,51.315399169921875,354700,LECO
2015-09-11,57.91999816894531,58.38999938964844,57.400001525878906,58.380001068115234,51.50950241088867,255400,LECO
2015-09-14,58.29999923706055,58.29999923706055,56.9900016784668,57.40999984741211,50.653663635253906,927200,LECO
2015-09-15,57.7400016784668,58.029998779296875,57.2599983215332,57.90999984741211,51.094818115234375,550000,LECO
2015-09-16,58.06999969482422,58.849998474121094,57.9900016784668,58.689998626708984,51.78302764892578,399600,LECO
2015-09-17,58.41999816894531,58.5099983215332,57.220001220703125,57.650001525878906,50.865421295166016,1159800,LECO
2015-09-18,56.650001525878906,57.09000015258789,55.7599983215332,56.119998931884766,49.515472412109375,2270700,LECO
2015-09-21,56.43000030517578,57.040000915527344,56.040000915527344,56.41999816894531,49.78017044067383,416400,LECO
2015-09-22,55.619998931884766,56.0099983215332,55.060001373291016,55.310001373291016,48.800804138183594,337000,LECO
2015-09-23,55.56999969482422,55.650001525878906,54.150001525878906,54.2599983215332,47.87437057495117,322600,LECO
2015-09-24,53.68000030517578,54.119998931884766,53.02000045776367,53.689998626708984,47.37144470214844,471700,LECO
2015-09-25,53.689998626708984,54.029998779296875,53.18000030517578,53.400001525878906,47.11558151245117,388600,LECO
2015-09-28,52.86000061035156,52.88999938964844,52.04999923706055,52.09000015258789,46.2107048034668,344700,LECO
2015-09-29,52.09000015258789,52.849998474121094,52.0,52.41999816894531,46.503456115722656,421300,LECO
2015-09-30,52.83000183105469,53.2400016784668,52.2400016784668,52.43000030517578,46.512332916259766,545500,LECO
2015-10-01,52.52000045776367,53.0099983215332,50.95000076293945,51.869998931884766,46.015525817871094,833900,LECO
2015-10-02,51.11000061035156,53.93000030517578,50.95000076293945,53.90999984741211,47.825279235839844,475900,LECO
2015-10-05,54.310001373291016,56.97999954223633,54.130001068115234,56.7599983215332,50.353607177734375,610200,LECO
2015-10-06,56.88999938964844,57.63999938964844,54.83000183105469,57.119998931884766,50.672977447509766,378900,LECO
2015-10-07,57.380001068115234,58.5099983215332,56.88999938964844,57.58000183105469,51.08106231689453,492300,LECO
2015-10-08,56.83000183105469,59.66999816894531,56.5099983215332,59.16999816894531,52.49160385131836,571700,LECO
2015-10-09,59.209999084472656,59.54999923706055,58.459999084472656,59.459999084472656,52.748863220214844,498300,LECO
2015-10-12,59.720001220703125,59.720001220703125,58.59000015258789,58.63999938964844,52.02141571044922,405000,LECO
2015-10-13,58.189998626708984,58.810001373291016,56.68000030517578,57.5099983215332,51.018959045410156,406200,LECO
2015-10-14,57.02000045776367,57.189998626708984,55.9900016784668,56.130001068115234,49.79472732543945,656800,LECO
2015-10-15,56.11000061035156,56.86000061035156,54.58000183105469,55.40999984741211,49.15598678588867,618000,LECO
2015-10-16,55.31999969482422,55.41999816894531,53.93000030517578,54.40999984741211,48.26885223388672,821200,LECO
2015-10-19,53.939998626708984,54.439998626708984,53.81999969482422,54.290000915527344,48.162391662597656,471000,LECO
2015-10-20,54.189998626708984,55.13999938964844,53.709999084472656,54.970001220703125,48.765655517578125,478000,LECO
2015-10-21,55.189998626708984,55.20000076293945,54.43000030517578,54.540000915527344,48.38417053222656,433300,LECO
2015-10-22,54.84000015258789,57.15999984741211,54.84000015258789,56.7599983215332,50.353607177734375,385000,LECO
2015-10-23,57.40999984741211,58.22999954223633,57.18000030517578,58.13999938964844,51.57786178588867,421400,LECO
2015-10-26,57.93000030517578,58.31999969482422,57.720001220703125,57.9900016784668,51.44478225708008,435000,LECO
2015-10-27,57.25,57.689998626708984,56.47999954223633,56.779998779296875,50.37135696411133,371900,LECO
2015-10-28,57.099998474121094,58.81999969482422,56.900001525878906,58.810001373291016,52.1722412109375,524200,LECO
2015-10-29,58.66999816894531,59.08000183105469,58.20000076293945,58.709999084472656,52.08351135253906,518300,LECO
2015-10-30,60.75,62.95000076293945,59.790000915527344,59.810001373291016,53.059364318847656,1010700,LECO
2015-11-02,59.38999938964844,60.83000183105469,58.2400016784668,60.189998626708984,53.39647674560547,631900,LECO
2015-11-03,59.849998474121094,61.040000915527344,59.66999816894531,60.630001068115234,53.78681182861328,412700,LECO
2015-11-04,60.959999084472656,61.11000061035156,60.22999954223633,60.470001220703125,53.64487075805664,375000,LECO
2015-11-05,60.2599983215332,61.220001220703125,59.529998779296875,60.709999084472656,53.85779571533203,450500,LECO
2015-11-06,60.5099983215332,60.93000030517578,60.0,60.91999816894531,54.04407501220703,197600,LECO
2015-11-09,60.709999084472656,60.720001220703125,59.16999816894531,59.59000015258789,52.86419677734375,419800,LECO
2015-11-10,59.22999954223633,60.209999084472656,59.11000061035156,60.18000030517578,53.38760757446289,321100,LECO
2015-11-11,59.0,59.0,55.959999084472656,56.0,49.67938995361328,1118600,LECO
2015-11-12,55.599998474121094,56.630001068115234,54.560001373291016,54.619998931884766,48.45514678955078,388900,LECO
2015-11-13,54.529998779296875,55.689998626708984,54.27000045776367,54.5099983215332,48.35755920410156,479100,LECO
2015-11-16,54.290000915527344,55.08000183105469,54.0099983215332,55.0099983215332,48.801124572753906,463500,LECO
2015-11-17,55.08000183105469,55.34000015258789,53.779998779296875,54.029998779296875,47.93174362182617,628500,LECO
2015-11-18,54.15999984741211,54.97999954223633,53.66999816894531,54.91999816894531,48.72128677368164,686300,LECO
2015-11-19,54.869998931884766,55.599998474121094,54.38999938964844,55.5099983215332,49.244693756103516,372500,LECO
2015-11-20,55.75,56.33000183105469,55.630001068115234,56.27000045776367,49.91891098022461,342000,LECO
2015-11-23,56.060001373291016,56.849998474121094,55.529998779296875,55.66999816894531,49.38663864135742,239800,LECO
2015-11-24,55.529998779296875,56.630001068115234,55.27000045776367,56.209999084472656,49.86569595336914,299900,LECO
2015-11-25,56.380001068115234,56.869998931884766,56.290000915527344,56.310001373291016,49.954402923583984,229500,LECO
2015-11-27,56.36000061035156,56.720001220703125,55.810001373291016,56.40999984741211,50.04311752319336,87200,LECO
2015-11-30,56.529998779296875,57.20000076293945,56.25,56.45000076293945,50.07859420776367,332300,LECO
2015-12-01,56.349998474121094,56.88999938964844,55.95000076293945,56.38999938964844,50.02537155151367,246700,LECO
2015-12-02,56.18000030517578,56.849998474121094,55.91999816894531,56.04999923706055,49.72373962402344,350100,LECO
2015-12-03,56.20000076293945,56.720001220703125,55.099998474121094,55.54999923706055,49.28018569946289,591600,LECO
2015-12-04,55.38999938964844,56.06999969482422,55.06999969482422,55.4900016784668,49.22694778442383,335000,LECO
2015-12-07,55.16999816894531,55.400001525878906,54.040000915527344,54.689998626708984,48.51724624633789,438900,LECO
2015-12-08,53.900001525878906,54.15999984741211,53.11000061035156,53.5,47.46156692504883,579000,LECO
2015-12-09,53.439998626708984,54.560001373291016,53.099998474121094,54.099998474121094,47.99384689331055,665000,LECO
2015-12-10,53.9900016784668,54.77000045776367,53.630001068115234,54.220001220703125,48.10029602050781,395200,LECO
2015-12-11,53.72999954223633,54.18000030517578,53.31999969482422,53.52000045776367,47.47930145263672,472100,LECO
2015-12-14,53.4900016784668,54.18000030517578,52.66999816894531,53.790000915527344,47.71883010864258,615500,LECO
2015-12-15,53.290000915527344,53.9900016784668,51.650001525878906,51.90999984741211,46.0510139465332,643100,LECO
2015-12-16,52.02000045776367,52.349998474121094,51.130001068115234,51.84000015258789,45.98891830444336,539200,LECO
2015-12-17,51.959999084472656,51.959999084472656,50.369998931884766,50.400001525878906,44.711456298828125,600700,LECO
2015-12-18,50.02000045776367,50.52000045776367,49.709999084472656,50.33000183105469,44.64934158325195,1291100,LECO
2015-12-21,50.290000915527344,51.150001525878906,50.290000915527344,50.869998931884766,45.12839889526367,334900,LECO
2015-12-22,51.04999923706055,52.08000183105469,50.779998779296875,51.790000915527344,45.9445686340332,312100,LECO
2015-12-23,52.189998626708984,53.529998779296875,51.790000915527344,52.90999984741211,46.93815994262695,354100,LECO
2015-12-24,52.68000030517578,53.47999954223633,52.63999938964844,52.75,46.79622268676758,101800,LECO
2015-12-28,52.380001068115234,52.75,51.7599983215332,51.9900016784668,46.12199020385742,270300,LECO
2015-12-29,51.9900016784668,52.59000015258789,51.66999816894531,52.540000915527344,46.8985710144043,322300,LECO
2015-12-30,52.290000915527344,52.869998931884766,51.439998626708984,52.400001525878906,46.77360534667969,196900,LECO
2015-12-31,52.09000015258789,52.779998779296875,51.88999938964844,51.88999938964844,46.318363189697266,224000,LECO
2016-01-04,51.029998779296875,52.15999984741211,50.97999954223633,51.939998626708984,46.36300277709961,566300,LECO
2016-01-05,51.52000045776367,52.02000045776367,51.150001525878906,51.77000045776367,46.211246490478516,524800,LECO
2016-01-06,51.029998779296875,51.4900016784668,50.84000015258789,51.22999954223633,45.7292366027832,459000,LECO
2016-01-07,50.470001220703125,50.7599983215332,49.900001525878906,50.029998779296875,44.6580924987793,393700,LECO
2016-01-08,50.20000076293945,51.459999084472656,49.29999923706055,49.380001068115234,44.077877044677734,488000,LECO
2016-01-11,49.529998779296875,49.779998779296875,48.88999938964844,49.540000915527344,44.22069549560547,460100,LECO
2016-01-12,49.84000015258789,50.40999984741211,48.91999816894531,49.97999954223633,44.61345672607422,609500,LECO
2016-01-13,50.18000030517578,50.849998474121094,48.41999816894531,48.4900016784668,43.2834358215332,468300,LECO
2016-01-14,48.529998779296875,49.47999954223633,47.41999816894531,49.310001373291016,44.015403747558594,614900,LECO
2016-01-15,47.970001220703125,52.34000015258789,47.7400016784668,48.16999816894531,42.9977912902832,574200,LECO
2016-01-19,48.459999084472656,48.779998779296875,46.91999816894531,47.369998931884766,42.28369903564453,574600,LECO
2016-01-20,46.52000045776367,47.630001068115234,45.540000915527344,46.97999954223633,41.93558120727539,465300,LECO
2016-01-21,46.38999938964844,46.38999938964844,46.38999938964844,46.38999938964844,41.408931732177734,745400,LECO
2016-01-22,47.099998474121094,47.439998626708984,45.7599983215332,46.970001220703125,41.92665481567383,660300,LECO
2016-01-25,46.869998931884766,49.20000076293945,46.869998931884766,47.630001068115234,42.515785217285156,1509900,LECO
2016-01-26,48.09000015258789,51.189998626708984,47.5,50.7599983215332,45.30970001220703,1104500,LECO
2016-01-27,50.529998779296875,52.20000076293945,49.880001068115234,50.59000015258789,45.157955169677734,834100,LECO
2016-01-28,51.11000061035156,52.15999984741211,50.790000915527344,51.72999954223633,46.175559997558594,1107300,LECO
2016-01-29,51.7599983215332,53.36000061035156,51.7599983215332,53.2400016784668,47.5234260559082,3687600,LECO
2016-02-01,52.849998474121094,53.029998779296875,51.369998931884766,52.36000061035156,46.737892150878906,580300,LECO
2016-02-02,51.709999084472656,52.619998931884766,51.22999954223633,51.529998779296875,45.99702072143555,476900,LECO
2016-02-03,52.119998931884766,53.099998474121094,51.060001373291016,52.630001068115234,46.978912353515625,1067200,LECO
2016-02-04,52.369998931884766,54.619998931884766,52.369998931884766,54.029998779296875,48.22858810424805,1540300,LECO
2016-02-05,53.7400016784668,54.59000015258789,53.43000030517578,54.060001373291016,48.2553596496582,477800,LECO
2016-02-08,53.720001220703125,55.63999938964844,53.220001220703125,55.400001525878906,49.45148468017578,1004100,LECO
2016-02-09,54.650001525878906,56.79999923706055,54.650001525878906,56.189998626708984,50.15666580200195,899000,LECO
2016-02-10,56.56999969482422,56.970001220703125,55.709999084472656,55.72999954223633,49.74605178833008,839500,LECO
2016-02-11,54.91999816894531,56.29999923706055,53.9900016784668,54.52000045776367,48.66597366333008,844700,LECO
2016-02-12,55.0,56.400001525878906,54.560001373291016,55.779998779296875,49.79068374633789,545100,LECO
2016-02-16,56.810001373291016,57.310001373291016,55.849998474121094,57.02000045776367,50.89754104614258,457100,LECO
2016-02-17,57.599998474121094,58.72999954223633,57.4900016784668,58.13999938964844,51.897281646728516,609300,LECO
2016-02-18,58.33000183105469,58.619998931884766,55.790000915527344,58.58000183105469,52.290042877197266,537900,LECO
2016-02-19,57.959999084472656,58.54999923706055,57.75,58.279998779296875,52.02225112915039,619600,LECO
2016-02-22,59.11000061035156,59.2400016784668,57.720001220703125,58.189998626708984,51.941917419433594,666800,LECO
2016-02-23,57.43000030517578,58.08000183105469,54.56999969482422,54.7599983215332,48.88021469116211,1277900,LECO
2016-02-24,53.91999816894531,54.90999984741211,53.20000076293945,54.86000061035156,48.96946716308594,580900,LECO
2016-02-25,54.95000076293945,55.31999969482422,53.58000183105469,54.849998474121094,48.96053695678711,623700,LECO
2016-02-26,55.36000061035156,55.470001220703125,53.65999984741211,54.31999969482422,48.48745346069336,928700,LECO
2016-02-29,54.5,55.68000030517578,54.08000183105469,54.56999969482422,48.710594177246094,786200,LECO
2016-03-01,54.75,56.209999084472656,53.959999084472656,55.849998474121094,49.85316467285156,701300,LECO
2016-03-02,55.83000183105469,56.83000183105469,55.72999954223633,56.77000045776367,50.67439270019531,466300,LECO
2016-03-03,56.52000045776367,57.459999084472656,56.5099983215332,56.93000030517578,50.81721115112305,430300,LECO
2016-03-04,57.0099983215332,57.45000076293945,55.86000061035156,56.970001220703125,50.852901458740234,456100,LECO
2016-03-07,56.68000030517578,57.97999954223633,56.459999084472656,57.88999938964844,51.67412567138672,612900,LECO
2016-03-08,57.29999923706055,57.97999954223633,57.04999923706055,57.369998931884766,51.2099609375,504900,LECO
2016-03-09,57.779998779296875,57.779998779296875,57.11000061035156,57.47999954223633,51.30815505981445,327400,LECO
2016-03-10,57.70000076293945,57.77000045776367,56.970001220703125,57.459999084472656,51.29029083251953,376200,LECO
2016-03-11,57.880001068115234,58.63999938964844,57.720001220703125,58.290000915527344,52.03118133544922,545800,LECO
2016-03-14,57.91999816894531,58.220001220703125,57.20000076293945,57.220001220703125,51.076072692871094,416500,LECO
2016-03-15,56.68000030517578,56.77000045776367,55.90999984741211,56.650001525878906,50.5672721862793,492900,LECO
2016-03-16,56.779998779296875,58.36000061035156,56.459999084472656,58.11000061035156,51.870506286621094,399700,LECO
2016-03-17,58.27000045776367,60.2400016784668,57.97999954223633,59.5,53.11125183105469,420200,LECO
2016-03-18,59.2400016784668,59.9900016784668,59.2400016784668,59.630001068115234,53.227298736572266,676400,LECO
2016-03-21,59.400001525878906,59.77000045776367,58.86000061035156,59.439998626708984,53.05769729614258,255600,LECO
2016-03-22,59.18000030517578,60.220001220703125,58.20000076293945,59.34000015258789,52.96843338012695,658300,LECO
2016-03-23,59.16999816894531,59.25,57.810001373291016,57.869998931884766,51.65626525878906,334600,LECO
2016-03-24,57.31999969482422,58.040000915527344,56.81999969482422,57.90999984741211,51.691978454589844,422000,LECO
2016-03-28,57.93000030517578,58.060001373291016,56.849998474121094,57.060001373291016,50.9332389831543,399500,LECO
2016-03-29,56.4900016784668,58.099998474121094,56.31999969482422,58.040000915527344,52.10020446777344,377600,LECO
2016-03-30,58.5,58.689998626708984,57.91999816894531,58.20000076293945,52.243831634521484,253100,LECO
2016-03-31,58.060001373291016,58.79999923706055,58.0099983215332,58.56999969482422,52.57596206665039,536500,LECO
2016-04-01,58.209999084472656,58.779998779296875,57.66999816894531,58.61000061035156,52.61186599731445,326100,LECO
2016-04-04,59.720001220703125,60.150001525878906,58.900001525878906,59.189998626708984,53.132511138916016,585300,LECO
2016-04-05,58.68000030517578,58.81999969482422,57.59000015258789,57.900001525878906,51.97453689575195,407600,LECO
2016-04-06,57.68000030517578,58.0099983215332,56.61000061035156,57.650001525878906,51.750125885009766,430900,LECO
2016-04-07,57.310001373291016,57.720001220703125,56.45000076293945,56.939998626708984,51.11277770996094,348800,LECO
2016-04-08,57.45000076293945,58.61000061035156,57.040000915527344,58.18000030517578,52.22587203979492,405200,LECO
2016-04-11,58.560001373291016,59.459999084472656,57.619998931884766,58.849998474121094,52.82730484008789,393600,LECO
2016-04-12,58.9900016784668,59.77000045776367,58.790000915527344,59.18000030517578,53.123531341552734,268400,LECO
2016-04-13,59.27000045776367,60.189998626708984,59.13999938964844,59.970001220703125,53.83269500732422,659700,LECO
2016-04-14,59.95000076293945,59.95000076293945,59.290000915527344,59.5099983215332,53.41976547241211,301700,LECO
2016-04-15,59.59000015258789,60.08000183105469,59.38999938964844,59.959999084472656,53.82371139526367,537800,LECO
2016-04-18,59.52000045776367,60.29999923706055,58.880001068115234,60.189998626708984,54.030181884765625,654000,LECO
2016-04-19,61.5,64.79000091552734,60.61000061035156,62.08000183105469,55.72675323486328,1447300,LECO
2016-04-20,62.83000183105469,63.04999923706055,61.90999984741211,61.97999954223633,55.636985778808594,736300,LECO
2016-04-21,62.40999984741211,63.18000030517578,62.06999969482422,62.36000061035156,55.97809982299805,900900,LECO
2016-04-22,62.36000061035156,63.20000076293945,62.36000061035156,62.91999816894531,56.48078536987305,495000,LECO
2016-04-25,62.849998474121094,63.029998779296875,61.779998779296875,61.79999923706055,55.475406646728516,866900,LECO
2016-04-26,61.56999969482422,63.20000076293945,61.47999954223633,63.189998626708984,56.723148345947266,552700,LECO
2016-04-27,63.0,64.11000061035156,62.79999923706055,63.97999954223633,57.432315826416016,513100,LECO
2016-04-28,63.869998931884766,64.01000213623047,63.060001373291016,63.13999938964844,56.67826461791992,493200,LECO
2016-04-29,63.15999984741211,63.97999954223633,62.290000915527344,62.66999816894531,56.256370544433594,1419200,LECO
2016-05-02,62.63999938964844,62.959999084472656,61.7599983215332,62.650001525878906,56.2384147644043,545900,LECO
2016-05-03,62.40999984741211,62.72999954223633,61.470001220703125,62.279998779296875,55.90629196166992,514400,LECO
2016-05-04,61.970001220703125,62.459999084472656,60.380001068115234,60.56999969482422,54.371280670166016,844400,LECO
2016-05-05,60.849998474121094,61.459999084472656,60.2599983215332,60.380001068115234,54.20073318481445,488200,LECO
2016-05-06,60.15999984741211,60.630001068115234,59.689998626708984,60.439998626708984,54.25457763671875,507400,LECO
2016-05-09,60.34000015258789,60.459999084472656,59.61000061035156,59.790000915527344,53.671112060546875,442200,LECO
2016-05-10,60.2400016784668,61.20000076293945,59.56999969482422,61.18000030517578,54.918853759765625,347100,LECO
2016-05-11,61.0,61.29999923706055,60.099998474121094,61.0099983215332,54.76625061035156,563700,LECO
2016-05-12,61.31999969482422,62.25,61.18000030517578,61.349998474121094,55.07145309448242,513200,LECO
2016-05-13,60.959999084472656,61.41999816894531,59.9900016784668,60.209999084472656,54.048133850097656,377300,LECO
2016-05-16,60.5099983215332,61.220001220703125,59.970001220703125,60.220001220703125,54.05711364746094,433600,LECO
2016-05-17,60.060001373291016,61.04999923706055,59.7599983215332,60.06999969482422,53.922462463378906,429600,LECO
2016-05-18,59.65999984741211,59.9900016784668,58.790000915527344,58.9900016784668,52.952980041503906,395400,LECO
2016-05-19,58.47999954223633,59.16999816894531,57.72999954223633,58.209999084472656,52.252811431884766,386800,LECO
2016-05-20,58.529998779296875,59.470001220703125,58.529998779296875,59.0099983215332,52.97093963623047,288700,LECO
2016-05-23,58.790000915527344,59.56999969482422,58.61000061035156,59.310001373291016,53.240230560302734,312700,LECO
2016-05-24,59.63999938964844,60.099998474121094,59.5099983215332,59.9900016784668,53.850643157958984,297400,LECO
2016-05-25,60.15999984741211,61.400001525878906,60.15999984741211,60.97999954223633,54.73931884765625,283300,LECO
2016-05-26,61.220001220703125,61.72999954223633,60.189998626708984,60.36000061035156,54.18278121948242,339100,LECO
2016-05-27,60.29999923706055,60.68000030517578,60.130001068115234,60.220001220703125,54.05711364746094,245500,LECO
2016-05-31,60.279998779296875,60.97999954223633,59.9900016784668,60.18000030517578,54.02119827270508,356700,LECO
2016-06-01,60.16999816894531,60.63999938964844,59.540000915527344,60.40999984741211,54.227657318115234,374600,LECO
2016-06-02,60.25,61.040000915527344,60.11000061035156,60.880001068115234,54.649559020996094,310900,LECO
2016-06-03,60.93000030517578,60.9900016784668,59.9900016784668,60.20000076293945,54.03915023803711,447100,LECO
2016-06-06,60.41999816894531,61.84000015258789,60.29999923706055,61.68000030517578,55.3676872253418,745900,LECO
2016-06-07,61.849998474121094,62.25,61.720001220703125,61.7400016784668,55.42156219482422,268900,LECO
2016-06-08,61.91999816894531,62.5099983215332,61.58000183105469,61.63999938964844,55.33177947998047,367100,LECO
2016-06-09,61.06999969482422,61.59000015258789,60.779998779296875,61.119998931884766,54.86499786376953,268100,LECO
2016-06-10,60.34000015258789,61.189998626708984,60.029998779296875,60.43000030517578,54.24561309814453,282000,LECO
2016-06-13,60.029998779296875,60.91999816894531,59.599998474121094,59.90999984741211,53.778831481933594,661800,LECO
2016-06-14,59.709999084472656,60.529998779296875,59.40999984741211,59.779998779296875,53.66213607788086,378900,LECO
2016-06-15,60.029998779296875,60.33000183105469,59.619998931884766,59.68000030517578,53.57238006591797,363400,LECO
2016-06-16,59.18000030517578,59.91999816894531,58.810001373291016,59.63999938964844,53.536460876464844,485100,LECO
2016-06-17,59.630001068115234,60.47999954223633,59.560001373291016,60.0,53.859619140625,703700,LECO
2016-06-20,60.689998626708984,61.2599983215332,60.41999816894531,60.45000076293945,54.26356506347656,363500,LECO
2016-06-21,60.31999969482422,60.459999084472656,59.310001373291016,59.65999984741211,53.554412841796875,740100,LECO
2016-06-22,59.939998626708984,60.380001068115234,59.720001220703125,59.7400016784668,53.62623596191406,388700,LECO
2016-06-23,60.27000045776367,61.060001373291016,60.27000045776367,60.7599983215332,54.541847229003906,519800,LECO
2016-06-24,58.599998474121094,59.36000061035156,57.310001373291016,57.7599983215332,51.84886169433594,1618400,LECO
2016-06-27,57.220001220703125,57.65999984741211,56.02000045776367,56.470001220703125,50.690887451171875,635300,LECO
2016-06-28,56.47999954223633,59.09000015258789,56.47999954223633,56.97999954223633,51.440181732177734,532100,LECO
2016-06-29,57.72999954223633,58.29999923706055,57.5099983215332,57.959999084472656,52.32490539550781,589500,LECO
2016-06-30,58.0,59.119998931884766,57.91999816894531,59.08000183105469,53.33601379394531,575400,LECO
2016-07-01,58.970001220703125,59.65999984741211,58.84000015258789,58.959999084472656,53.22767639160156,332300,LECO
2016-07-05,58.529998779296875,59.16999816894531,57.459999084472656,58.0,52.361019134521484,365300,LECO
2016-07-06,57.7599983215332,58.029998779296875,57.400001525878906,57.9900016784668,52.351985931396484,502000,LECO
2016-07-07,58.20000076293945,59.11000061035156,58.150001525878906,58.43000030517578,52.74920654296875,298500,LECO
2016-07-08,59.029998779296875,59.880001068115234,59.029998779296875,59.560001373291016,53.769344329833984,384800,LECO
2016-07-11,59.619998931884766,60.13999938964844,59.5,59.68000030517578,53.87769317626953,410700,LECO
2016-07-12,60.119998931884766,60.61000061035156,59.66999816894531,60.36000061035156,54.4915657043457,418700,LECO
2016-07-13,60.5,60.86000061035156,60.2599983215332,60.709999084472656,54.80754089355469,300900,LECO
2016-07-14,61.0,61.75,60.9900016784668,61.5,55.52073669433594,406500,LECO
2016-07-15,61.31999969482422,61.77000045776367,61.22999954223633,61.40999984741211,55.43947982788086,302500,LECO
2016-07-18,61.220001220703125,61.41999816894531,60.75,60.939998626708984,55.015174865722656,218900,LECO
2016-07-19,60.689998626708984,61.349998474121094,60.54999923706055,61.279998779296875,55.322120666503906,306700,LECO
2016-07-20,60.70000076293945,61.13999938964844,60.189998626708984,60.58000183105469,54.69017791748047,650000,LECO
2016-07-21,60.59000015258789,60.709999084472656,59.91999816894531,60.619998931884766,54.72627639770508,752400,LECO
2016-07-22,60.45000076293945,61.75,60.08000183105469,61.54999923706055,55.56586837768555,948200,LECO
2016-07-25,61.15999984741211,63.209999084472656,60.689998626708984,62.540000915527344,56.459625244140625,1169500,LECO
2016-07-26,62.540000915527344,64.2300033569336,62.470001220703125,62.720001220703125,56.62211608886719,705300,LECO
2016-07-27,62.970001220703125,63.29999923706055,61.86000061035156,61.970001220703125,55.94504165649414,515700,LECO
2016-07-28,62.029998779296875,62.06999969482422,61.27000045776367,61.72999954223633,55.72836685180664,454600,LECO
2016-07-29,61.77000045776367,62.5099983215332,61.209999084472656,62.060001373291016,56.02628707885742,744500,LECO
2016-08-01,61.970001220703125,62.20000076293945,61.2599983215332,61.529998779296875,55.547813415527344,427000,LECO
2016-08-02,61.61000061035156,61.79999923706055,60.349998474121094,60.45000076293945,54.572811126708984,431600,LECO
2016-08-03,60.5,61.59000015258789,60.41999816894531,61.59000015258789,55.601985931396484,581300,LECO
2016-08-04,61.459999084472656,62.5,61.459999084472656,62.099998474121094,56.0623893737793,423200,LECO
2016-08-05,62.33000183105469,63.08000183105469,62.33000183105469,62.779998779296875,56.67628479003906,422100,LECO
2016-08-08,62.9900016784668,63.88999938964844,62.4900016784668,63.81999969482422,57.615177154541016,467900,LECO
2016-08-09,63.66999816894531,64.25,63.439998626708984,64.22000122070312,57.976287841796875,503000,LECO
2016-08-10,64.44000244140625,64.66000366210938,64.20999908447266,64.41999816894531,58.156829833984375,378400,LECO
2016-08-11,64.77999877929688,64.98999786376953,64.16999816894531,64.68000030517578,58.39155578613281,462400,LECO
2016-08-12,64.41000366210938,64.44999694824219,63.869998931884766,64.20999908447266,57.96724319458008,242200,LECO
2016-08-15,64.2699966430664,65.33000183105469,64.2699966430664,65.0,58.68043518066406,346600,LECO
2016-08-16,64.91999816894531,65.19000244140625,64.72000122070312,64.83000183105469,58.5269775390625,164600,LECO
2016-08-17,64.9000015258789,64.97000122070312,64.48999786376953,64.80000305175781,58.499900817871094,268000,LECO
2016-08-18,64.69000244140625,65.0,64.58999633789062,64.91000366210938,58.59919738769531,217100,LECO
2016-08-19,64.69000244140625,65.0199966430664,64.30999755859375,64.93000030517578,58.617252349853516,267900,LECO
2016-08-22,64.63999938964844,64.87999725341797,64.06999969482422,64.6500015258789,58.364479064941406,251200,LECO
2016-08-23,64.76000213623047,65.23999786376953,64.66000366210938,64.9000015258789,58.59016799926758,249400,LECO
2016-08-24,64.7300033569336,65.0,64.06999969482422,64.16000366210938,57.922122955322266,319800,LECO
2016-08-25,63.939998626708984,64.66999816894531,63.63999938964844,64.23999786376953,57.99433517456055,242800,LECO
2016-08-26,64.18000030517578,64.94999694824219,63.68000030517578,63.79999923706055,57.59711456298828,314000,LECO
2016-08-29,63.849998474121094,64.41999816894531,63.70000076293945,64.2300033569336,57.98530578613281,123000,LECO
2016-08-30,64.36000061035156,64.5199966430664,63.959999084472656,64.20999908447266,57.96724319458008,88800,LECO
2016-08-31,64.19000244140625,64.29000091552734,63.4900016784668,63.560001373291016,57.38045120239258,233100,LECO
2016-09-01,63.689998626708984,63.75,62.939998626708984,63.56999969482422,57.38947296142578,238500,LECO
2016-09-02,63.9900016784668,64.5199966430664,63.959999084472656,64.22000122070312,57.976287841796875,203000,LECO
2016-09-06,64.11000061035156,64.4800033569336,63.790000915527344,63.91999816894531,57.705440521240234,184700,LECO
2016-09-07,63.72999954223633,64.2699966430664,63.65999984741211,64.16000366210938,57.922122955322266,215100,LECO
2016-09-08,63.95000076293945,64.27999877929688,63.54999923706055,63.720001220703125,57.5248908996582,190200,LECO
2016-09-09,63.18000030517578,63.5,61.720001220703125,61.75,55.74642562866211,263800,LECO
2016-09-12,61.2400016784668,62.45000076293945,61.09000015258789,62.0,55.97212219238281,412600,LECO
2016-09-13,61.459999084472656,61.900001525878906,60.31999969482422,60.45000076293945,54.572811126708984,341200,LECO
2016-09-14,60.5099983215332,60.52000045776367,59.70000076293945,60.09000015258789,54.24781799316406,507500,LECO
2016-09-15,60.13999938964844,61.150001525878906,60.13999938964844,60.869998931884766,54.95198059082031,256100,LECO
2016-09-16,60.290000915527344,61.0,60.130001068115234,60.7400016784668,54.83462142944336,490700,LECO
2016-09-19,60.939998626708984,61.560001373291016,60.84000015258789,61.130001068115234,55.18671417236328,341500,LECO
2016-09-20,61.52000045776367,61.689998626708984,60.779998779296875,60.790000915527344,54.87976837158203,245400,LECO
2016-09-21,61.099998474121094,61.81999969482422,60.849998474121094,61.790000915527344,55.78253936767578,618200,LECO
2016-09-22,62.310001373291016,62.56999969482422,61.79999923706055,62.08000183105469,56.044349670410156,497500,LECO
2016-09-23,61.689998626708984,62.31999969482422,61.689998626708984,61.79999923706055,55.791561126708984,299100,LECO
2016-09-26,61.66999816894531,62.150001525878906,60.0099983215332,61.52000045776367,55.53878402709961,290400,LECO
2016-09-27,61.5,62.08000183105469,61.36000061035156,61.95000076293945,55.92698669433594,200100,LECO
2016-09-28,61.560001373291016,62.97999954223633,61.560001373291016,62.939998626708984,57.115753173828125,316300,LECO
2016-09-29,62.970001220703125,63.27000045776367,61.93000030517578,62.18000030517578,56.426082611083984,215200,LECO
2016-09-30,61.95000076293945,62.880001068115234,59.27000045776367,62.619998931884766,56.825374603271484,298500,LECO
2016-10-03,62.33000183105469,63.310001373291016,62.2400016784668,62.88999938964844,57.070377349853516,364400,LECO
2016-10-04,63.060001373291016,63.56999969482422,62.15999984741211,62.41999816894531,56.64387893676758,245900,LECO
2016-10-05,62.7400016784668,63.400001525878906,62.22999954223633,63.08000183105469,57.24280548095703,299200,LECO
2016-10-06,63.029998779296875,64.08999633789062,62.900001525878906,63.93000030517578,58.01414489746094,276100,LECO
2016-10-07,63.869998931884766,63.959999084472656,62.91999816894531,63.15999984741211,57.31540298461914,230900,LECO
2016-10-10,63.2400016784668,63.88999938964844,62.7400016784668,62.880001068115234,57.061309814453125,214200,LECO
2016-10-11,62.72999954223633,62.7400016784668,61.400001525878906,61.79999923706055,56.08124923706055,304300,LECO
2016-10-12,62.02000045776367,62.63999938964844,61.83000183105469,62.38999938964844,56.61664581298828,192600,LECO
2016-10-13,61.779998779296875,62.08000183105469,61.52000045776367,61.939998626708984,56.20829391479492,206800,LECO
2016-10-14,62.34000015258789,62.959999084472656,61.790000915527344,61.81999969482422,56.099395751953125,258100,LECO
2016-10-17,61.63999938964844,61.939998626708984,61.220001220703125,61.470001220703125,55.78179168701172,253300,LECO
2016-10-18,62.18000030517578,62.18000030517578,61.040000915527344,61.209999084472656,55.54584884643555,247900,LECO
2016-10-19,61.52000045776367,62.650001525878906,61.52000045776367,62.15999984741211,56.40792465209961,251600,LECO
2016-10-20,61.77000045776367,63.349998474121094,61.77000045776367,62.97999954223633,57.15205383300781,532000,LECO
2016-10-21,64.0,67.44000244140625,63.29999923706055,66.69000244140625,60.51873779296875,1524700,LECO
2016-10-24,65.76000213623047,66.61000061035156,64.26000213623047,64.97000122070312,58.95790100097656,982300,LECO
2016-10-25,65.12999725341797,65.18000030517578,64.47000122070312,64.73999786376953,58.749183654785156,592200,LECO
2016-10-26,64.55999755859375,66.20999908447266,64.4000015258789,65.69000244140625,59.61128616333008,541300,LECO
2016-10-27,65.80000305175781,65.87999725341797,64.83999633789062,65.45999908447266,59.402565002441406,372200,LECO
2016-10-28,65.37999725341797,66.02999877929688,65.04000091552734,65.5,59.43886184692383,334300,LECO
2016-10-31,65.75,66.54000091552734,65.52999877929688,65.83000183105469,59.738338470458984,878000,LECO
2016-11-01,65.88999938964844,66.05999755859375,64.38999938964844,64.75,58.75827407836914,460800,LECO
2016-11-02,64.72000122070312,64.87999725341797,63.4900016784668,63.54999923706055,57.6693115234375,386100,LECO
2016-11-03,63.790000915527344,64.52999877929688,63.63999938964844,64.0,58.07767868041992,263000,LECO
2016-11-04,64.23999786376953,65.56999969482422,64.19000244140625,64.62000274658203,58.64029312133789,287000,LECO
2016-11-07,65.48999786376953,66.55000305175781,65.44999694824219,66.33000183105469,60.19206619262695,318700,LECO
2016-11-08,66.01000213623047,66.94999694824219,65.75,66.5,60.346336364746094,350100,LECO
2016-11-09,65.94999694824219,70.81999969482422,65.94999694824219,70.0999984741211,63.61319351196289,833400,LECO
2016-11-10,70.5999984741211,75.98999786376953,70.37999725341797,74.80000305175781,67.87828063964844,1700000,LECO
2016-11-11,74.2699966430664,75.7300033569336,73.81999969482422,74.76000213623047,67.84196472167969,1218400,LECO
2016-11-14,75.30999755859375,78.08000183105469,74.01000213623047,78.05000305175781,70.82754516601562,746400,LECO
2016-11-15,76.52999877929688,76.9000015258789,75.5999984741211,75.86000061035156,68.84019470214844,714900,LECO
2016-11-16,75.18000030517578,75.91000366210938,74.12999725341797,75.7699966430664,68.75849914550781,532100,LECO
2016-11-17,75.58000183105469,75.8499984741211,75.0999984741211,75.77999877929688,68.76760864257812,315000,LECO
2016-11-18,75.66000366210938,75.69000244140625,75.04000091552734,75.30999755859375,68.34109497070312,332400,LECO
2016-11-21,74.80000305175781,75.94000244140625,71.62000274658203,75.0999984741211,68.15052795410156,543000,LECO
2016-11-22,74.76000213623047,75.79000091552734,74.58999633789062,75.66999816894531,68.66777038574219,424500,LECO
2016-11-23,75.95999908447266,77.11000061035156,75.5999984741211,76.80999755859375,69.70226287841797,340900,LECO
2016-11-25,76.77999877929688,77.26000213623047,76.5199966430664,77.18000030517578,70.03804016113281,124100,LECO
2016-11-28,76.87000274658203,77.54000091552734,76.45999908447266,77.04000091552734,69.9109878540039,315600,LECO
2016-11-29,77.18000030517578,78.0999984741211,75.63999938964844,77.23999786376953,70.09249114990234,385400,LECO
2016-11-30,77.83999633789062,79.77999877929688,77.77999877929688,78.51000213623047,71.24495697021484,856400,LECO
2016-12-01,79.0,80.56999969482422,77.36000061035156,80.0199966430664,72.61522674560547,604000,LECO
2016-12-02,80.0199966430664,80.12999725341797,77.80000305175781,78.01000213623047,70.79122161865234,396600,LECO
2016-12-05,78.3499984741211,78.83999633789062,77.94000244140625,78.63999938964844,71.36294555664062,309400,LECO
2016-12-06,78.69000244140625,78.88999938964844,75.80000305175781,78.77999877929688,71.48997497558594,242900,LECO
2016-12-07,78.9800033569336,80.41000366210938,78.55999755859375,80.36000061035156,72.92376708984375,368900,LECO
2016-12-08,79.11000061035156,80.04000091552734,78.77999877929688,79.30999755859375,71.9709243774414,343600,LECO
2016-12-09,79.4000015258789,79.94000244140625,78.87999725341797,79.83000183105469,72.44282531738281,299600,LECO
2016-12-12,79.83999633789062,80.37999725341797,79.13999938964844,79.43000030517578,72.07984161376953,199700,LECO
2016-12-13,79.73999786376953,80.3499984741211,78.51000213623047,79.44999694824219,72.09797668457031,313200,LECO
2016-12-14,79.29000091552734,79.94999694824219,78.38999938964844,78.5199966430664,71.25403594970703,318400,LECO
2016-12-15,78.93000030517578,79.58999633789062,78.13999938964844,79.04000091552734,71.72591400146484,245700,LECO
2016-12-16,78.91000366210938,79.47000122070312,78.44000244140625,78.54000091552734,71.2721939086914,1333500,LECO
2016-12-19,78.30000305175781,79.58000183105469,78.19000244140625,79.5,72.14334869384766,247700,LECO
2016-12-20,79.97000122070312,80.52999877929688,79.13999938964844,80.01000213623047,72.60616302490234,403400,LECO
2016-12-21,79.80000305175781,79.80000305175781,78.25,78.31999969482422,71.07256317138672,261100,LECO
2016-12-22,78.30000305175781,78.52999877929688,77.55999755859375,78.1500015258789,70.91828155517578,396100,LECO
2016-12-23,78.04000091552734,78.43000030517578,77.69000244140625,78.16999816894531,70.93643188476562,222800,LECO
2016-12-27,78.30000305175781,79.0,78.27999877929688,78.81999969482422,71.52628326416016,130700,LECO
2016-12-28,78.63999938964844,78.63999938964844,76.41000366210938,76.61000061035156,69.83087158203125,370100,LECO
2016-12-29,76.76000213623047,77.63999938964844,76.30000305175781,76.79000091552734,70.31619262695312,235200,LECO
2016-12-30,76.72000122070312,77.5,76.47000122070312,76.66999816894531,70.20630645751953,249100,LECO
2017-01-03,77.33999633789062,78.44999694824219,76.73999786376953,77.91000366210938,71.34175872802734,383500,LECO
2017-01-04,78.2300033569336,79.20999908447266,78.1500015258789,78.61000061035156,71.9827651977539,424100,LECO
2017-01-05,78.69999694824219,79.12000274658203,77.37000274658203,77.8499984741211,71.28680419921875,449100,LECO
2017-01-06,77.56999969482422,78.79000091552734,77.41000366210938,78.29000091552734,71.68972778320312,301900,LECO
2017-01-09,78.5199966430664,78.55999755859375,77.77999877929688,78.0,71.42417907714844,331200,LECO
2017-01-10,78.31999969482422,79.70999908447266,78.05000305175781,79.37000274658203,72.6786880493164,350400,LECO
2017-01-11,79.2699966430664,80.93000030517578,75.86000061035156,80.38999938964844,73.6126937866211,613400,LECO
2017-01-12,80.19000244140625,80.19000244140625,78.52999877929688,79.94000244140625,73.20060729980469,238800,LECO
2017-01-13,80.26000213623047,81.33000183105469,77.68000030517578,81.12000274658203,74.28114318847656,290200,LECO
2017-01-17,80.66999816894531,81.0999984741211,80.1500015258789,80.44000244140625,73.65847778320312,300500,LECO
2017-01-18,80.33999633789062,81.05999755859375,80.33999633789062,80.62999725341797,73.83245086669922,254100,LECO
2017-01-19,80.91000366210938,81.48999786376953,79.9800033569336,80.55999755859375,73.76834869384766,343400,LECO
2017-01-20,80.7699966430664,81.11000061035156,80.1500015258789,80.6500015258789,73.85076141357422,204400,LECO
2017-01-23,80.4800033569336,80.9000015258789,80.19999694824219,80.66999816894531,73.86908721923828,333000,LECO
2017-01-24,80.79000091552734,83.47000122070312,80.43000030517578,83.25,76.2315673828125,415700,LECO
2017-01-25,83.5,85.12999725341797,83.08999633789062,84.83999633789062,77.68753051757812,590000,LECO
2017-01-26,84.69999694824219,84.9800033569336,83.79000091552734,83.98999786376953,76.9091796875,284000,LECO
2017-01-27,83.68000030517578,84.55000305175781,83.55999755859375,83.76000213623047,76.6985855102539,274900,LECO
2017-01-30,83.41999816894531,84.06999969482422,82.68000030517578,83.91999816894531,76.84508514404297,371800,LECO
2017-01-31,83.73999786376953,84.36000061035156,82.83000183105469,83.37000274658203,76.3414535522461,1190400,LECO
2017-02-01,83.75,84.08000183105469,82.0999984741211,82.91000366210938,75.92024230957031,400100,LECO
2017-02-02,82.80999755859375,83.08000183105469,81.48999786376953,81.83000183105469,74.93128967285156,407900,LECO
2017-02-03,82.33999633789062,83.3499984741211,81.75,83.1500015258789,76.14000701904297,463000,LECO
2017-02-06,82.91999816894531,83.41000366210938,82.0199966430664,82.80999755859375,75.82866668701172,282400,LECO
2017-02-07,82.7699966430664,83.80000305175781,82.69999694824219,83.16999816894531,76.1583251953125,330600,LECO
2017-02-08,82.91000366210938,82.91999816894531,81.62000274658203,81.79000091552734,74.89464569091797,541600,LECO
2017-02-09,82.2699966430664,82.94000244140625,81.63999938964844,82.8499984741211,75.86528778076172,430600,LECO
2017-02-10,83.0999984741211,83.58999633789062,82.33000183105469,83.33999633789062,76.31397247314453,503400,LECO
2017-02-13,83.5,84.5999984741211,83.33999633789062,83.69999694824219,76.64364624023438,509200,LECO
2017-02-14,83.69999694824219,84.37000274658203,81.38999938964844,83.87000274658203,76.79930877685547,394200,LECO
2017-02-15,84.5,86.0999984741211,83.91999816894531,85.7300033569336,78.50248718261719,591300,LECO
2017-02-16,85.2300033569336,85.9800033569336,85.08000183105469,85.58000183105469,78.36514282226562,290300,LECO
2017-02-17,84.97000122070312,85.44000244140625,84.58000183105469,85.43000030517578,78.22779083251953,314500,LECO
2017-02-21,85.37999725341797,85.7699966430664,84.5,85.45999908447266,78.25526428222656,239700,LECO
2017-02-22,85.12000274658203,85.98999786376953,84.8499984741211,85.30000305175781,78.1087646484375,275100,LECO
2017-02-23,85.68000030517578,85.68000030517578,83.4000015258789,83.76000213623047,76.6985855102539,354900,LECO
2017-02-24,82.86000061035156,84.26000213623047,82.41999816894531,84.19000244140625,77.09231567382812,260300,LECO
2017-02-27,84.19000244140625,85.41000366210938,83.48999786376953,85.38999938964844,78.19114685058594,327000,LECO
2017-02-28,85.4000015258789,85.4000015258789,84.1500015258789,84.20999908447266,77.11064147949219,395400,LECO
2017-03-01,85.33000183105469,87.7300033569336,82.51000213623047,87.54000091552734,80.15990447998047,546500,LECO
2017-03-02,87.54000091552734,87.68000030517578,85.3499984741211,85.4800033569336,78.27356719970703,316300,LECO
2017-03-03,85.7300033569336,87.69000244140625,85.7300033569336,87.16000366210938,79.81194305419922,693000,LECO
2017-03-06,86.44999694824219,87.12999725341797,86.12999725341797,86.7699966430664,79.45481872558594,312600,LECO
2017-03-07,86.61000061035156,86.94000244140625,86.16000366210938,86.43000030517578,79.14349365234375,314200,LECO
2017-03-08,86.68000030517578,87.4800033569336,86.05000305175781,86.1500015258789,78.88707733154297,309000,LECO
2017-03-09,85.79000091552734,86.25,84.69000244140625,85.06999969482422,77.89813995361328,264800,LECO
2017-03-10,85.76000213623047,86.43000030517578,85.12000274658203,86.36000061035156,79.0793685913086,193100,LECO
2017-03-13,86.33000183105469,87.18000030517578,86.33000183105469,87.04000091552734,79.7020492553711,174900,LECO
2017-03-14,86.37999725341797,86.54000091552734,85.44000244140625,86.27999877929688,79.0061264038086,233400,LECO
2017-03-15,86.37999725341797,88.41999816894531,86.37999725341797,88.1500015258789,80.7184829711914,215100,LECO
2017-03-16,88.4000015258789,88.4000015258789,87.44999694824219,87.83000183105469,80.42545318603516,173400,LECO
2017-03-17,88.01000213623047,88.7300033569336,87.51000213623047,88.47000122070312,81.0114974975586,395200,LECO
2017-03-20,88.55000305175781,88.62000274658203,87.5,87.87000274658203,80.46208190917969,190100,LECO
2017-03-21,88.19999694824219,88.72000122070312,85.62000274658203,85.88999938964844,78.64900207519531,322900,LECO
2017-03-22,85.70999908447266,86.19999694824219,84.93000030517578,85.45999908447266,78.25526428222656,339600,LECO
2017-03-23,85.22000122070312,86.27999877929688,84.80000305175781,85.47000122070312,78.26441192626953,590200,LECO
2017-03-24,85.62000274658203,86.66000366210938,85.0999984741211,85.55999755859375,78.3468246459961,344500,LECO
2017-03-27,84.13999938964844,85.01000213623047,82.77999877929688,84.97000122070312,77.80657196044922,410600,LECO
2017-03-28,84.72000122070312,86.62999725341797,84.55999755859375,85.87999725341797,78.63983917236328,343500,LECO
2017-03-29,85.08999633789062,86.05999755859375,84.4000015258789,85.87000274658203,78.95246887207031,228800,LECO
2017-03-30,85.63999938964844,86.88999938964844,85.55999755859375,86.81999969482422,79.825927734375,253400,LECO
2017-03-31,86.62999725341797,87.29000091552734,86.30999755859375,86.86000061035156,79.86271667480469,239400,LECO
2017-04-03,86.86000061035156,87.1500015258789,85.58000183105469,85.97000122070312,79.04441833496094,409300,LECO
2017-04-04,85.91000366210938,86.83999633789062,85.9000015258789,86.5199966430664,79.55007934570312,351900,LECO
2017-04-05,87.11000061035156,87.55000305175781,84.93000030517578,85.12999725341797,78.2720718383789,354000,LECO
2017-04-06,85.27999877929688,86.73999786376953,85.27999877929688,85.83999633789062,78.92487335205078,268500,LECO
2017-04-07,85.5999984741211,87.30999755859375,85.5999984741211,86.47000122070312,79.50411987304688,485500,LECO
2017-04-10,86.66999816894531,87.61000061035156,86.38999938964844,86.47000122070312,79.50411987304688,185200,LECO
2017-04-11,86.41999816894531,87.30000305175781,85.87000274658203,87.06999969482422,80.05577850341797,282100,LECO
2017-04-12,86.87999725341797,86.87999725341797,83.04000091552734,83.16000366210938,76.4607925415039,395800,LECO
2017-04-13,83.19999694824219,83.38999938964844,81.8499984741211,81.9000015258789,75.3022689819336,406000,LECO
2017-04-17,82.25,83.73999786376953,82.02999877929688,83.0,76.31365966796875,699600,LECO
2017-04-18,87.0,87.22000122070312,84.08999633789062,86.77999877929688,79.78915405273438,945300,LECO
2017-04-19,87.5,88.04000091552734,86.6500015258789,86.97000122070312,79.96385192871094,483200,LECO
2017-04-20,87.38999938964844,88.75,86.79000091552734,87.94999694824219,80.8648910522461,350800,LECO
2017-04-21,88.47000122070312,88.62999725341797,87.0,87.5199966430664,80.46953582763672,339100,LECO
2017-04-24,88.5,89.6500015258789,88.19999694824219,88.69000244140625,81.5452880859375,444500,LECO
2017-04-25,89.06999969482422,90.66000366210938,89.05000305175781,90.0199966430664,82.76813507080078,342700,LECO
2017-04-26,89.9800033569336,91.0999984741211,89.91000366210938,90.29000091552734,83.0163803100586,286500,LECO
2017-04-27,90.31999969482422,90.68000030517578,89.41000366210938,89.58000183105469,82.36359405517578,256300,LECO
2017-04-28,90.56999969482422,90.58000183105469,88.73999786376953,89.02999877929688,81.8578872680664,625200,LECO
2017-05-01,89.25,89.94000244140625,88.43000030517578,89.7300033569336,82.50151824951172,355300,LECO
2017-05-02,89.81999969482422,90.62999725341797,89.5999984741211,90.19000244140625,82.92443084716797,313700,LECO
2017-05-03,89.88999938964844,90.37000274658203,89.22000122070312,90.11000061035156,82.85088348388672,232400,LECO
2017-05-04,90.1500015258789,90.55000305175781,88.6500015258789,89.31999969482422,82.1245346069336,295500,LECO
2017-05-05,89.5199966430664,90.3499984741211,89.11000061035156,90.30999755859375,83.0347671508789,220800,LECO
2017-05-08,89.9800033569336,90.44000244140625,89.55000305175781,89.87000274658203,82.6302261352539,245900,LECO
2017-05-09,90.12000274658203,90.51000213623047,89.48999786376953,89.8499984741211,82.61183166503906,171500,LECO
2017-05-10,89.93000030517578,91.29000091552734,89.51000213623047,90.76000213623047,83.44854736328125,290200,LECO
2017-05-11,90.45999908447266,90.5999984741211,89.1500015258789,90.43000030517578,83.14511108398438,160500,LECO
2017-05-12,90.11000061035156,90.11000061035156,88.80999755859375,88.93000030517578,81.76594543457031,165200,LECO
2017-05-15,89.30999755859375,90.08000183105469,89.16999816894531,89.26000213623047,82.06936645507812,152400,LECO
2017-05-16,89.62999725341797,89.62999725341797,88.4000015258789,88.93000030517578,81.76594543457031,217400,LECO
2017-05-17,87.38999938964844,88.12999725341797,85.70999908447266,86.4800033569336,79.51331329345703,433500,LECO
2017-05-18,86.0199966430664,87.75,85.54000091552734,87.04000091552734,80.02819061279297,237500,LECO
2017-05-19,87.58999633789062,89.41999816894531,87.58999633789062,89.1500015258789,81.96823120117188,280700,LECO
2017-05-22,89.62000274658203,89.63999938964844,88.48999786376953,89.5199966430664,82.30841827392578,225200,LECO
2017-05-23,89.81999969482422,89.91999816894531,88.18000030517578,88.86000061035156,81.70159149169922,174000,LECO
2017-05-24,88.86000061035156,89.3499984741211,88.2699966430664,88.73999786376953,81.59125518798828,242000,LECO
2017-05-25,88.94000244140625,89.81999969482422,88.44999694824219,88.86000061035156,81.70159149169922,246700,LECO
2017-05-26,88.52999877929688,88.77999877929688,88.02999877929688,88.44000244140625,81.3154296875,245200,LECO
2017-05-30,88.52999877929688,89.4800033569336,88.37999725341797,89.19999694824219,82.01419067382812,282600,LECO
2017-05-31,89.47000122070312,89.83000183105469,87.94000244140625,89.37999725341797,82.17967987060547,362100,LECO
2017-06-01,89.9800033569336,91.9800033569336,89.48999786376953,91.77999877929688,84.3863525390625,416100,LECO
2017-06-02,91.80999755859375,92.70999908447266,91.37999725341797,91.97000122070312,84.56105041503906,218800,LECO
2017-06-05,91.66999816894531,92.69000244140625,91.44000244140625,91.94999694824219,84.54267883300781,277000,LECO
2017-06-06,91.41999816894531,91.9800033569336,90.80000305175781,91.27999877929688,83.92662811279297,150600,LECO
2017-06-07,91.51000213623047,91.55000305175781,90.4800033569336,90.81999969482422,83.50369262695312,245100,LECO
2017-06-08,90.19000244140625,93.1500015258789,89.54000091552734,92.63999938964844,85.17707824707031,292500,LECO
2017-06-09,93.05999755859375,95.91999816894531,92.63999938964844,95.38999938964844,87.70555114746094,609700,LECO
2017-06-12,95.41000366210938,95.83999633789062,93.69999694824219,95.04000091552734,87.38373565673828,329400,LECO
2017-06-13,95.19999694824219,95.81999969482422,94.56999969482422,95.5199966430664,87.82506561279297,399600,LECO
2017-06-14,95.80000305175781,95.88999938964844,94.62000274658203,94.97000122070312,87.31937408447266,381100,LECO
2017-06-15,93.68000030517578,95.05000305175781,93.68000030517578,95.0199966430664,87.3653335571289,237300,LECO
2017-06-16,95.16000366210938,96.69999694824219,93.76000213623047,96.51000213623047,88.73532104492188,612100,LECO
2017-06-19,96.86000061035156,97.97000122070312,96.5199966430664,97.36000061035156,89.51685333251953,398800,LECO
2017-06-20,97.01000213623047,97.29000091552734,96.19000244140625,96.36000061035156,88.59740447998047,353900,LECO
2017-06-21,96.47000122070312,96.47000122070312,92.95999908447266,93.18000030517578,85.673583984375,500500,LECO
2017-06-22,93.12000274658203,93.12000274658203,92.02999877929688,92.66999816894531,85.20465087890625,421900,LECO
2017-06-23,92.0999984741211,92.80000305175781,92.0,92.27999877929688,84.84607696533203,1299700,LECO
2017-06-26,92.55000305175781,92.80999755859375,91.38999938964844,91.77999877929688,84.3863525390625,542700,LECO
2017-06-27,91.72000122070312,91.72000122070312,90.91000366210938,91.27999877929688,83.92662811279297,375900,LECO
2017-06-28,91.62999725341797,92.63999938964844,91.5,92.2699966430664,85.16342163085938,447700,LECO
2017-06-29,92.5199966430664,92.91999816894531,91.0999984741211,91.73999786376953,84.67427062988281,257700,LECO
2017-06-30,91.98999786376953,92.8499984741211,91.77999877929688,92.08999633789062,84.99729919433594,653600,LECO
2017-07-03,92.58999633789062,93.23999786376953,92.0999984741211,92.44000244140625,85.32034301757812,494400,LECO
2017-07-05,92.05999755859375,92.63999938964844,91.55000305175781,92.43000030517578,85.31111145019531,506400,LECO
2017-07-06,92.19999694824219,92.81999969482422,91.44000244140625,91.95999908447266,84.87731170654297,681500,LECO
2017-07-07,92.08999633789062,92.63999938964844,91.69999694824219,92.41000366210938,85.29264831542969,489800,LECO
2017-07-10,92.33000183105469,93.55000305175781,92.05000305175781,92.94000244140625,85.78182220458984,574600,LECO
2017-07-11,93.1500015258789,93.6500015258789,92.16000366210938,93.58999633789062,86.38176727294922,766900,LECO
2017-07-12,94.33999633789062,94.97000122070312,93.52999877929688,93.61000061035156,86.40022277832031,311400,LECO
2017-07-13,93.73999786376953,93.73999786376953,92.22000122070312,92.87999725341797,85.72647094726562,408100,LECO
2017-07-14,93.19000244140625,93.94999694824219,92.70999908447266,93.3499984741211,86.1602554321289,703500,LECO
2017-07-17,93.51000213623047,93.98999786376953,93.01000213623047,93.51000213623047,86.30792999267578,574600,LECO
2017-07-18,93.45999908447266,93.66999816894531,92.76000213623047,92.97000122070312,85.80953979492188,452400,LECO
2017-07-19,93.01000213623047,94.23999786376953,92.6500015258789,94.20999908447266,86.95401763916016,748300,LECO
2017-07-20,94.1500015258789,94.30999755859375,93.3499984741211,93.38999938964844,86.19717407226562,293400,LECO
2017-07-21,93.0199966430664,93.44999694824219,92.37999725341797,93.36000061035156,86.16947937011719,238800,LECO
2017-07-24,93.29000091552734,93.5999984741211,92.72000122070312,93.47000122070312,86.27101135253906,395700,LECO
2017-07-25,84.5,91.55000305175781,84.5,87.3499984741211,80.62237548828125,1849300,LECO
2017-07-26,87.62999725341797,87.62999725341797,86.33999633789062,86.55999755859375,79.89322662353516,685800,LECO
2017-07-27,86.66000366210938,87.5999984741211,86.66000366210938,87.54000091552734,80.79773712158203,493300,LECO
2017-07-28,87.33999633789062,87.5,86.2300033569336,86.77999877929688,80.09627532958984,537900,LECO
2017-07-31,87.12000274658203,87.4800033569336,86.63999938964844,87.26000213623047,80.53929901123047,497300,LECO
2017-08-01,87.4000015258789,88.0199966430664,86.4000015258789,86.77999877929688,80.09627532958984,523100,LECO
2017-08-02,86.69999694824219,87.68000030517578,86.38999938964844,87.55999755859375,80.81619262695312,344100,LECO
2017-08-03,87.29000091552734,87.30999755859375,86.37999725341797,86.98999786376953,80.29008483886719,272600,LECO
2017-08-04,88.44000244140625,88.77999877929688,87.44000244140625,87.91000366210938,81.13922882080078,505300,LECO
2017-08-07,87.98999786376953,88.68000030517578,87.62999725341797,88.52999877929688,81.71147918701172,453700,LECO
2017-08-08,88.45999908447266,88.94999694824219,87.91999816894531,88.19999694824219,81.40691375732422,393100,LECO
2017-08-09,88.0199966430664,88.25,86.80000305175781,87.08999633789062,80.38240051269531,335500,LECO
2017-08-10,86.83999633789062,86.86000061035156,85.27999877929688,85.33999633789062,78.76718139648438,288400,LECO
2017-08-11,85.6500015258789,86.4800033569336,85.37999725341797,86.06999969482422,79.4409408569336,396200,LECO
2017-08-14,86.52999877929688,87.44000244140625,85.6500015258789,87.26000213623047,80.53929901123047,233300,LECO
2017-08-15,87.19999694824219,87.52999877929688,86.73999786376953,87.0199966430664,80.3177719116211,390800,LECO
2017-08-16,87.19999694824219,88.19000244140625,87.05999755859375,87.7699966430664,81.010009765625,291600,LECO
2017-08-17,87.1500015258789,88.18000030517578,84.98999786376953,85.02999877929688,78.48104858398438,443000,LECO
2017-08-18,84.73999786376953,86.08000183105469,84.41000366210938,85.55999755859375,78.97023010253906,323000,LECO
2017-08-21,85.4000015258789,85.45999908447266,84.9800033569336,85.16000366210938,78.6010513305664,510700,LECO
2017-08-22,85.63999938964844,86.62000274658203,85.30999755859375,86.52999877929688,79.86553192138672,216100,LECO
2017-08-23,85.94999694824219,86.80000305175781,85.56999969482422,85.7699966430664,79.1640625,224200,LECO
2017-08-24,85.9800033569336,85.9800033569336,85.08999633789062,85.36000061035156,78.78564453125,257700,LECO
2017-08-25,85.87000274658203,85.87000274658203,85.19999694824219,85.68000030517578,79.08097839355469,291300,LECO
2017-08-28,86.04000091552734,86.27999877929688,85.22000122070312,85.69999694824219,79.09944152832031,204400,LECO
2017-08-29,85.1500015258789,85.68000030517578,84.87999725341797,85.66000366210938,79.06253814697266,300300,LECO
2017-08-30,85.61000061035156,86.6500015258789,85.55000305175781,86.54000091552734,79.87476348876953,293100,LECO
2017-08-31,87.0199966430664,87.5,86.30000305175781,86.83999633789062,80.15164184570312,310500,LECO
2017-09-01,87.08999633789062,87.48999786376953,87.0,87.13999938964844,80.42854309082031,137500,LECO
2017-09-05,87.02999877929688,87.20999908447266,85.87999725341797,86.13999938964844,79.50556945800781,225800,LECO
2017-09-06,86.29000091552734,86.51000213623047,85.7699966430664,85.97000122070312,79.34866333007812,195800,LECO
2017-09-07,85.97000122070312,86.08999633789062,85.0,85.9800033569336,79.35789489746094,203100,LECO
2017-09-08,85.68000030517578,87.54000091552734,85.38999938964844,87.45999908447266,80.72389221191406,219200,LECO
2017-09-11,87.91999816894531,88.95999908447266,87.80000305175781,88.80000305175781,81.96068572998047,416800,LECO
2017-09-12,89.0,89.72000122070312,88.91999816894531,89.3499984741211,82.46832275390625,331100,LECO
2017-09-13,88.91000366210938,90.12999725341797,88.86000061035156,89.66999816894531,82.76368713378906,254600,LECO
2017-09-14,89.48999786376953,90.41000366210938,89.4000015258789,89.94999694824219,83.02210998535156,233900,LECO
2017-09-15,89.94000244140625,90.94999694824219,89.87999725341797,90.66999816894531,83.68666076660156,454900,LECO
2017-09-18,90.7300033569336,91.5999984741211,90.7300033569336,91.41999816894531,84.37889099121094,320900,LECO
2017-09-19,91.41000366210938,92.19000244140625,90.98999786376953,91.7699966430664,84.70193481445312,289800,LECO
2017-09-20,91.68000030517578,93.4800033569336,91.45999908447266,93.37000274658203,86.17869567871094,430800,LECO
2017-09-21,93.05000305175781,93.26000213623047,92.41000366210938,92.5,85.37571716308594,199700,LECO
2017-09-22,92.48999786376953,92.93000030517578,92.1500015258789,92.83999633789062,85.68953704833984,192500,LECO
2017-09-25,92.66999816894531,93.13999938964844,92.16000366210938,93.06999969482422,85.90180206298828,336700,LECO
2017-09-26,93.30999755859375,93.36000061035156,91.2300033569336,91.31999969482422,84.28660583496094,370700,LECO
2017-09-27,91.56999969482422,92.33000183105469,90.73999786376953,91.93000030517578,84.8496322631836,493000,LECO
2017-09-28,91.56999969482422,92.0199966430664,91.2300033569336,91.80000305175781,85.053466796875,231800,LECO
2017-09-29,91.77999877929688,92.19999694824219,91.5999984741211,91.68000030517578,84.94226837158203,283700,LECO
2017-10-02,91.5999984741211,93.02999877929688,91.54000091552734,92.9800033569336,86.14673614501953,278600,LECO
2017-10-03,92.97000122070312,94.11000061035156,92.54000091552734,94.0,87.09176635742188,440600,LECO
2017-10-04,93.80999755859375,94.31999969482422,93.76000213623047,94.11000061035156,87.19369506835938,441500,LECO
2017-10-05,94.29000091552734,94.66999816894531,93.87999725341797,94.13999938964844,87.22148132324219,269900,LECO
2017-10-06,94.05999755859375,94.80000305175781,93.87000274658203,94.12000274658203,87.20294952392578,398900,LECO
2017-10-09,94.12000274658203,95.0,93.68000030517578,93.98999786376953,87.08250427246094,222400,LECO
2017-10-10,94.30999755859375,94.62999725341797,93.3499984741211,93.83999633789062,86.94352722167969,154000,LECO
2017-10-11,93.83000183105469,94.26000213623047,93.77999877929688,93.97000122070312,87.0639877319336,241300,LECO
2017-10-12,94.05000305175781,94.62000274658203,93.8499984741211,94.18000030517578,87.25855255126953,262000,LECO
2017-10-13,94.81999969482422,95.26000213623047,94.30999755859375,94.43000030517578,87.49016571044922,183400,LECO
2017-10-16,94.69000244140625,95.22000122070312,94.41000366210938,94.87000274658203,87.8978271484375,189200,LECO
2017-10-17,94.86000061035156,94.93000030517578,94.30000305175781,94.44000244140625,87.49943542480469,155700,LECO
2017-10-18,95.19999694824219,95.6500015258789,94.73999786376953,94.98999786376953,88.00900268554688,204700,LECO
2017-10-19,94.66999816894531,94.94999694824219,94.04000091552734,94.72000122070312,87.75885772705078,374300,LECO
2017-10-20,95.31999969482422,96.23999786376953,95.31999969482422,95.9000015258789,88.85214233398438,390500,LECO
2017-10-23,95.8499984741211,97.7699966430664,95.58000183105469,97.20999908447266,90.06586456298828,363300,LECO
2017-10-24,97.83000183105469,99.58999633789062,97.72000122070312,98.38999938964844,91.15912628173828,423000,LECO
2017-10-25,97.94000244140625,97.94000244140625,95.98999786376953,97.26000213623047,90.1121826171875,400100,LECO
2017-10-26,97.52999877929688,99.02999877929688,96.9800033569336,98.68000030517578,91.42782592773438,523000,LECO
2017-10-27,96.20999908447266,96.87000274658203,90.54000091552734,92.3499984741211,85.56303405761719,785400,LECO
2017-10-30,92.26000213623047,93.22000122070312,90.51000213623047,90.55000305175781,83.89533233642578,714200,LECO
2017-10-31,91.61000061035156,92.30999755859375,90.48999786376953,91.66999816894531,84.9330062866211,518100,LECO
2017-11-01,92.51000213623047,93.41000366210938,90.98999786376953,91.02999877929688,84.34004211425781,399400,LECO
2017-11-02,91.30000305175781,91.9000015258789,90.54000091552734,91.3499984741211,84.63652801513672,267700,LECO
2017-11-03,91.45999908447266,91.97000122070312,89.77999877929688,89.81999969482422,83.2189712524414,536500,LECO
2017-11-06,89.44999694824219,89.69999694824219,87.4800033569336,89.48999786376953,82.91322326660156,582200,LECO
2017-11-07,89.58999633789062,90.0,87.80000305175781,88.25,81.76434326171875,240200,LECO
2017-11-08,88.31999969482422,88.83999633789062,86.97000122070312,87.22000122070312,80.81005096435547,313300,LECO
2017-11-09,86.55000305175781,86.93000030517578,85.66000366210938,86.5,80.14295959472656,431600,LECO
2017-11-10,86.25,87.05000305175781,85.94999694824219,86.70999908447266,80.33751678466797,327500,LECO
2017-11-13,86.33000183105469,86.80999755859375,86.05000305175781,86.33999633789062,79.99471282958984,402400,LECO
2017-11-14,85.95999908447266,86.68000030517578,85.55000305175781,86.37999725341797,80.0317611694336,307400,LECO
2017-11-15,85.88999938964844,86.44000244140625,85.23999786376953,85.87999725341797,79.56854248046875,384100,LECO
2017-11-16,86.29000091552734,88.37999725341797,86.29000091552734,87.95999908447266,81.49565887451172,498400,LECO
2017-11-17,87.86000061035156,89.1500015258789,87.63999938964844,88.47000122070312,81.96819305419922,380900,LECO
2017-11-20,88.61000061035156,89.08000183105469,88.2699966430664,88.88999938964844,82.35733032226562,180300,LECO
2017-11-21,89.04000091552734,89.19999694824219,88.01000213623047,88.08999633789062,81.61611938476562,339700,LECO
2017-11-22,88.19999694824219,88.27999877929688,86.69000244140625,87.69999694824219,81.25476837158203,339600,LECO
2017-11-24,87.97000122070312,88.19000244140625,87.22000122070312,87.61000061035156,81.17137908935547,88600,LECO
2017-11-27,87.62000274658203,88.2699966430664,87.37999725341797,88.19000244140625,81.7087631225586,388800,LECO
2017-11-28,88.4000015258789,90.0,88.4000015258789,89.79000091552734,83.19116973876953,295100,LECO
2017-11-29,89.81999969482422,90.58999633789062,89.12999725341797,89.66000366210938,83.0707015991211,262200,LECO
2017-11-30,89.94999694824219,91.80000305175781,89.94999694824219,91.13999938964844,84.44194793701172,396800,LECO
2017-12-01,91.19000244140625,91.4000015258789,87.97000122070312,90.41000366210938,83.765625,269600,LECO
2017-12-04,91.5999984741211,93.51000213623047,90.58999633789062,90.83000183105469,84.15473937988281,568000,LECO
2017-12-05,91.02999877929688,91.02999877929688,89.80000305175781,90.44000244140625,83.79339599609375,426000,LECO
2017-12-06,90.02999877929688,91.52999877929688,90.0,90.93000030517578,84.24739837646484,264700,LECO
2017-12-07,90.61000061035156,91.44999694824219,90.41999816894531,91.0999984741211,84.4048843383789,300500,LECO
2017-12-08,91.37999725341797,92.76000213623047,90.94999694824219,92.38999938964844,85.60010528564453,415400,LECO
2017-12-11,92.08999633789062,92.44999694824219,91.02999877929688,92.29000091552734,85.50743865966797,387300,LECO
2017-12-12,92.0,92.36000061035156,90.69999694824219,90.88999938964844,84.2103042602539,296300,LECO
2017-12-13,90.70999908447266,92.61000061035156,90.37999725341797,91.44000244140625,84.71993255615234,429800,LECO
2017-12-14,91.70999908447266,92.06999969482422,89.48999786376953,89.81999969482422,83.2189712524414,507100,LECO
2017-12-15,90.4000015258789,91.91000366210938,90.05999755859375,90.37000274658203,83.72854614257812,827100,LECO
2017-12-18,91.11000061035156,91.77999877929688,90.51000213623047,90.91000366210938,84.2288589477539,376100,LECO
2017-12-19,91.06999969482422,91.66999816894531,90.73999786376953,90.87999725341797,84.2010726928711,302200,LECO
2017-12-20,90.98999786376953,91.44000244140625,90.58999633789062,90.95999908447266,84.27519226074219,663200,LECO
2017-12-21,91.22000122070312,91.52999877929688,90.62000274658203,91.08000183105469,84.38636779785156,568200,LECO
2017-12-22,91.08999633789062,91.0999984741211,90.04000091552734,90.54000091552734,83.88604736328125,329600,LECO
2017-12-26,90.45999908447266,92.0,90.45999908447266,91.44999694824219,84.72917938232422,302500,LECO
2017-12-27,91.45999908447266,92.30999755859375,91.33000183105469,91.9000015258789,85.14611053466797,212600,LECO
2017-12-28,91.80000305175781,92.0,91.12000274658203,91.86000061035156,85.47176361083984,263700,LECO
2017-12-29,92.04000091552734,92.26000213623047,91.45999908447266,91.58000183105469,85.21124267578125,316400,LECO
2018-01-02,91.7699966430664,92.66000366210938,91.66000366210938,92.16000366210938,85.75090026855469,563000,LECO
2018-01-03,92.44999694824219,92.7300033569336,91.72000122070312,92.38999938964844,85.96490478515625,360200,LECO
2018-01-04,94.5199966430664,95.55999755859375,93.75,94.3499984741211,87.78858947753906,455100,LECO
2018-01-05,94.36000061035156,95.05999755859375,93.80000305175781,94.98999786376953,88.38410186767578,303600,LECO
2018-01-08,94.97000122070312,96.73999786376953,94.87999725341797,96.36000061035156,89.65882873535156,571800,LECO
2018-01-09,96.55000305175781,96.94000244140625,95.83000183105469,96.30999755859375,89.6123046875,307800,LECO
2018-01-10,96.29000091552734,96.48999786376953,95.06999969482422,95.72000122070312,89.06332397460938,303400,LECO
2018-01-11,96.05000305175781,97.54000091552734,95.26000213623047,97.47000122070312,90.6916275024414,501500,LECO
2018-01-12,97.7300033569336,98.58000183105469,97.2300033569336,97.87000274658203,91.06380462646484,496900,LECO
2018-01-16,99.83999633789062,100.68000030517578,98.55999755859375,99.02999877929688,92.14314270019531,659800,LECO
2018-01-17,99.4000015258789,99.58000183105469,98.44999694824219,98.54000091552734,91.68721771240234,428000,LECO
2018-01-18,98.5199966430664,99.48999786376953,98.47000122070312,98.91999816894531,92.0407943725586,289900,LECO
2018-01-19,99.45999908447266,100.1500015258789,99.26000213623047,100.01000213623047,93.05497741699219,373700,LECO
2018-01-22,99.62000274658203,100.23999786376953,98.86000061035156,100.12999725341797,93.16664123535156,249600,LECO
2018-01-23,100.0999984741211,100.62000274658203,99.5999984741211,99.80999755859375,92.86888885498047,437100,LECO
2018-01-24,100.36000061035156,101.33999633789062,99.45999908447266,100.08999633789062,93.12940979003906,523300,LECO
2018-01-25,100.05000305175781,100.11000061035156,98.44999694824219,99.81999969482422,92.8781967163086,489900,LECO
2018-01-26,100.02999877929688,100.29000091552734,99.01000213623047,99.56999969482422,92.64559173583984,394800,LECO
2018-01-29,99.2300033569336,100.30000305175781,99.0999984741211,99.22000122070312,92.31991577148438,237900,LECO
2018-01-30,98.5,99.19999694824219,97.55999755859375,98.66999816894531,91.80817413330078,339600,LECO
2018-01-31,99.0999984741211,99.25,97.3499984741211,97.56999969482422,90.78466796875,730900,LECO
2018-02-01,97.66999816894531,99.05000305175781,97.04000091552734,97.86000061035156,91.05449676513672,268400,LECO
2018-02-02,97.12000274658203,97.16000366210938,94.61000061035156,95.05999755859375,88.44922637939453,387200,LECO
2018-02-05,93.87000274658203,94.54000091552734,89.8499984741211,90.48999786376953,84.19703674316406,476600,LECO
2018-02-06,89.0999984741211,91.4800033569336,87.37999725341797,90.6500015258789,84.34591674804688,809200,LECO
2018-02-07,90.22000122070312,91.5999984741211,89.88999938964844,90.0,83.7411117553711,400600,LECO
2018-02-08,90.05000305175781,90.05000305175781,86.41000366210938,86.44000244140625,80.42869567871094,410200,LECO
2018-02-09,87.30999755859375,87.9000015258789,83.7699966430664,86.81999969482422,80.7822494506836,702100,LECO
2018-02-12,86.76000213623047,89.05000305175781,86.76000213623047,88.58000183105469,82.41986083984375,569000,LECO
2018-02-13,88.23999786376953,89.19999694824219,87.0999984741211,89.08000183105469,82.88510131835938,451400,LECO
2018-02-14,86.87999725341797,91.0999984741211,85.27999877929688,90.51000213623047,84.21563720703125,1182100,LECO
2018-02-15,91.61000061035156,93.5,91.61000061035156,93.41000366210938,86.91397857666016,698700,LECO
2018-02-16,93.30000305175781,94.05000305175781,91.16000366210938,91.23999786376953,84.89488220214844,498200,LECO
2018-02-20,90.62000274658203,91.94000244140625,89.87999725341797,90.20999908447266,83.93650817871094,531200,LECO
2018-02-21,90.52999877929688,92.0999984741211,90.2699966430664,90.69999694824219,84.3924331665039,564600,LECO
2018-02-22,91.2300033569336,92.7300033569336,91.19999694824219,91.44999694824219,85.09028625488281,396500,LECO
2018-02-23,92.19999694824219,92.19999694824219,90.30999755859375,91.56999969482422,85.2019271850586,275500,LECO
2018-02-26,91.75,91.7699966430664,90.20999908447266,91.30000305175781,84.95071411132812,364400,LECO
2018-02-27,91.26000213623047,91.52999877929688,89.5,89.52999877929688,83.30379486083984,361500,LECO
2018-02-28,89.77999877929688,90.29000091552734,87.48999786376953,87.54000091552734,81.45218658447266,539400,LECO
2018-03-01,87.75,88.26000213623047,85.55999755859375,86.31999969482422,80.3170394897461,436100,LECO
2018-03-02,85.5999984741211,86.87000274658203,85.01000213623047,86.7300033569336,80.69853973388672,347900,LECO
2018-03-05,86.36000061035156,88.41999816894531,86.2699966430664,88.05000305175781,81.9267349243164,307600,LECO
2018-03-06,88.56999969482422,89.68000030517578,87.93000030517578,89.45999908447266,83.23865509033203,434900,LECO
2018-03-07,88.3499984741211,90.08999633789062,88.3499984741211,89.8499984741211,83.60153198242188,375400,LECO
2018-03-08,90.16000366210938,91.73999786376953,89.44999694824219,91.31999969482422,84.96930694580078,639500,LECO
2018-03-09,91.70999908447266,93.75,91.12000274658203,93.12999725341797,86.65343475341797,342100,LECO
2018-03-12,93.41999816894531,93.91999816894531,92.5199966430664,93.06999969482422,86.59761047363281,371200,LECO
2018-03-13,95.0,95.5199966430664,93.48999786376953,93.77999877929688,87.25823974609375,901900,LECO
2018-03-14,93.91000366210938,95.36000061035156,87.08000183105469,92.38999938964844,85.96490478515625,303500,LECO
2018-03-15,92.68000030517578,93.83999633789062,91.7300033569336,92.20999908447266,85.79741668701172,319000,LECO
2018-03-16,92.20999908447266,93.62999725341797,92.0,93.30999755859375,86.8209228515625,488400,LECO
2018-03-19,92.80000305175781,93.7699966430664,91.98999786376953,93.52999877929688,87.02562713623047,383900,LECO
2018-03-20,93.52999877929688,95.19999694824219,92.95999908447266,93.23999786376953,86.75579071044922,306100,LECO
2018-03-21,93.12000274658203,94.7300033569336,93.06999969482422,94.22000122070312,87.66764068603516,186900,LECO
2018-03-22,93.19999694824219,94.16999816894531,90.5999984741211,90.77999877929688,84.46686553955078,288400,LECO
2018-03-23,90.76000213623047,90.76000213623047,88.79000091552734,88.91000366210938,82.72691345214844,235400,LECO
2018-03-26,90.30000305175781,91.31999969482422,89.31999969482422,91.26000213623047,84.91349792480469,215900,LECO
2018-03-27,91.44000244140625,92.31999969482422,88.83999633789062,89.44000244140625,83.22005462646484,256900,LECO
2018-03-28,89.37000274658203,90.45999908447266,88.12000274658203,88.79000091552734,82.9770736694336,217800,LECO
2018-03-29,89.38999938964844,90.48999786376953,89.33000183105469,89.94999694824219,84.0611343383789,376200,LECO
2018-04-02,89.80000305175781,90.08999633789062,86.86000061035156,87.69999694824219,81.95843505859375,372200,LECO
2018-04-03,87.91999816894531,89.62000274658203,87.9000015258789,89.27999877929688,83.43499755859375,438300,LECO
2018-04-04,87.8499984741211,90.0,87.55000305175781,89.83999633789062,83.95832824707031,494700,LECO
2018-04-05,90.19000244140625,91.62000274658203,90.0,91.12000274658203,85.154541015625,322600,LECO
2018-04-06,90.44000244140625,90.83000183105469,87.19000244140625,88.05999755859375,82.29486083984375,354300,LECO
2018-04-09,88.45999908447266,89.16999816894531,87.83999633789062,87.91999816894531,82.16402435302734,336400,LECO
2018-04-10,89.3499984741211,90.95999908447266,89.1500015258789,90.33000183105469,84.416259765625,303400,LECO
2018-04-11,89.94000244140625,90.36000061035156,89.16999816894531,89.66000366210938,83.79012298583984,269100,LECO
2018-04-12,90.58999633789062,91.55000305175781,90.04000091552734,90.7300033569336,84.7900619506836,316500,LECO
2018-04-13,91.13999938964844,91.55000305175781,89.81999969482422,90.30999755859375,84.39755249023438,511700,LECO
2018-04-16,91.06999969482422,91.80999755859375,90.63999938964844,91.48999786376953,85.50031280517578,412700,LECO
2018-04-17,92.4000015258789,93.18000030517578,91.72000122070312,92.77999877929688,86.70586395263672,333200,LECO
2018-04-18,93.0,93.9000015258789,92.5999984741211,92.98999786376953,86.902099609375,247400,LECO
2018-04-19,92.94000244140625,93.23999786376953,92.01000213623047,92.95999908447266,86.87406158447266,375000,LECO
2018-04-20,92.95999908447266,93.16000366210938,91.69000244140625,92.62000274658203,86.55633544921875,482000,LECO
2018-04-23,91.69999694824219,93.06999969482422,86.7699966430664,86.83999633789062,81.15473175048828,914000,LECO
2018-04-24,86.87000274658203,89.43000030517578,83.30000305175781,85.54000091552734,79.93984985351562,1106600,LECO
2018-04-25,85.55000305175781,85.9800033569336,83.58000183105469,85.05000305175781,79.48193359375,776500,LECO
2018-04-26,85.1500015258789,85.61000061035156,83.37000274658203,84.77999877929688,79.22960662841797,663800,LECO
2018-04-27,84.44999694824219,84.54000091552734,83.4000015258789,84.20999908447266,78.6969223022461,356800,LECO
2018-04-30,84.3499984741211,84.62000274658203,82.83999633789062,82.87000274658203,77.44465637207031,416100,LECO
2018-05-01,83.0,83.87000274658203,81.94000244140625,83.68000030517578,78.20161437988281,364200,LECO
2018-05-02,83.3499984741211,85.31999969482422,83.3499984741211,83.55999755859375,78.0894775390625,449600,LECO
2018-05-03,83.44000244140625,85.97000122070312,81.4800033569336,83.91000366210938,78.41655731201172,356000,LECO
2018-05-04,83.41999816894531,85.73999786376953,83.12000274658203,85.29000091552734,79.70620727539062,172500,LECO
2018-05-07,84.58000183105469,86.55999755859375,84.58000183105469,85.8499984741211,80.22955322265625,461500,LECO
2018-05-08,85.97000122070312,86.66000366210938,85.77999877929688,86.06999969482422,80.43515014648438,437800,LECO
2018-05-09,86.69999694824219,86.88999938964844,85.7699966430664,86.30999755859375,80.65943908691406,327500,LECO
2018-05-10,86.41000366210938,87.33999633789062,86.3499984741211,86.81999969482422,81.13603973388672,221600,LECO
2018-05-11,87.0199966430664,88.2300033569336,86.80999755859375,87.79000091552734,82.04254913330078,474500,LECO
2018-05-14,88.18000030517578,88.80000305175781,87.79000091552734,87.97000122070312,82.21074676513672,598700,LECO
2018-05-15,87.44000244140625,88.25,87.0199966430664,88.19000244140625,82.41637420654297,223800,LECO
2018-05-16,88.0999984741211,89.05000305175781,87.86000061035156,88.19999694824219,82.42569732666016,244500,LECO
2018-05-17,89.0,89.19999694824219,88.5,88.80999755859375,82.9957504272461,271700,LECO
2018-05-18,88.63999938964844,89.54000091552734,88.63999938964844,89.25,83.4069595336914,255200,LECO
2018-05-21,89.75,91.2699966430664,89.68000030517578,91.0999984741211,85.1358413696289,259700,LECO
2018-05-22,91.41000366210938,91.61000061035156,89.58999633789062,89.73999786376953,83.86487579345703,301900,LECO
2018-05-23,89.20999908447266,89.56999969482422,88.5,89.23999786376953,83.39761352539062,201400,LECO
2018-05-24,89.25,89.66999816894531,88.66000366210938,89.26000213623047,83.41631317138672,165900,LECO
2018-05-25,88.77999877929688,89.19000244140625,87.75,88.1500015258789,82.37897491455078,133500,LECO
2018-05-29,87.51000213623047,88.22000122070312,86.44999694824219,87.30999755859375,81.59395599365234,428300,LECO
2018-05-30,87.4800033569336,90.81999969482422,87.47000122070312,90.7300033569336,84.7900619506836,585600,LECO
2018-05-31,90.41000366210938,91.12999725341797,89.29000091552734,89.5999984741211,83.73403930664062,582100,LECO
2018-06-01,90.3499984741211,91.93000030517578,90.27999877929688,90.69000244140625,84.752685546875,481100,LECO
2018-06-04,90.93000030517578,91.83000183105469,90.48999786376953,90.81999969482422,84.8741683959961,577100,LECO
2018-06-05,90.70999908447266,91.72000122070312,90.70999908447266,91.5199966430664,85.52835083007812,371500,LECO
2018-06-06,91.66999816894531,92.48999786376953,91.18000030517578,92.12999725341797,86.09843444824219,452700,LECO
2018-06-07,92.36000061035156,93.37999725341797,92.30999755859375,93.0,86.91146087646484,342100,LECO
2018-06-08,92.87999725341797,93.5199966430664,92.87999725341797,93.4000015258789,87.28527069091797,537900,LECO
2018-06-11,93.37000274658203,94.38999938964844,92.83000183105469,92.94000244140625,86.85537719726562,369500,LECO
2018-06-12,92.98999786376953,93.62000274658203,92.44000244140625,93.56999969482422,87.44414520263672,267100,LECO
2018-06-13,93.62000274658203,93.62000274658203,92.66000366210938,92.70999908447266,86.64044952392578,320700,LECO
2018-06-14,93.05000305175781,93.61000061035156,92.98999786376953,93.30000305175781,87.19181060791016,239000,LECO
2018-06-15,92.73999786376953,93.43000030517578,92.27999877929688,93.37000274658203,87.25723266601562,551100,LECO
2018-06-18,92.41999816894531,93.33999633789062,92.41999816894531,93.18000030517578,87.07967376708984,265100,LECO
2018-06-19,92.26000213623047,92.76000213623047,90.26000213623047,90.94999694824219,84.99566650390625,326000,LECO
2018-06-20,91.72000122070312,92.25,90.0,90.94999694824219,84.99566650390625,206200,LECO
2018-06-21,90.62999725341797,90.66999816894531,88.61000061035156,89.01000213623047,83.18267059326172,375600,LECO
2018-06-22,89.70999908447266,90.13999938964844,88.45999908447266,88.61000061035156,82.80886840820312,474100,LECO
2018-06-25,88.16999816894531,89.44000244140625,86.7300033569336,87.23999786376953,81.52854919433594,384800,LECO
2018-06-26,87.0999984741211,87.73999786376953,86.83000183105469,87.16000366210938,81.45379638671875,396300,LECO
2018-06-27,87.25,89.1500015258789,86.6500015258789,86.9000015258789,81.2108154296875,481700,LECO
2018-06-28,86.58999633789062,87.27999877929688,85.66000366210938,86.70999908447266,81.39856719970703,351000,LECO
2018-06-29,86.95999908447266,88.6500015258789,86.95999908447266,87.76000213623047,82.38423156738281,434300,LECO
2018-07-02,86.83000183105469,88.04000091552734,86.2699966430664,87.23999786376953,81.89610290527344,242700,LECO
2018-07-03,87.62999725341797,87.8499984741211,86.77999877929688,86.94000244140625,81.6144790649414,167800,LECO
2018-07-05,87.66999816894531,87.69000244140625,86.55000305175781,87.44999694824219,82.09322357177734,346000,LECO
2018-07-06,87.66999816894531,88.16000366210938,86.77999877929688,87.75,82.37484741210938,224400,LECO
2018-07-09,88.08999633789062,89.73999786376953,88.08999633789062,89.61000061035156,84.12092590332031,188500,LECO
2018-07-10,89.94999694824219,90.75,89.30999755859375,90.13999938964844,84.61845397949219,202200,LECO
2018-07-11,89.31999969482422,89.73999786376953,88.56999969482422,89.08999633789062,83.63278198242188,239000,LECO
2018-07-12,89.29000091552734,89.7300033569336,88.69999694824219,89.6500015258789,84.1584701538086,195400,LECO
2018-07-13,89.5,91.62999725341797,89.5,90.52999877929688,84.98456573486328,297100,LECO
2018-07-16,90.58000183105469,90.58000183105469,89.08000183105469,89.26000213623047,83.7923583984375,222800,LECO
2018-07-17,89.26000213623047,90.25,89.18000030517578,89.66000366210938,84.16786193847656,259000,LECO
2018-07-18,89.63999938964844,90.86000061035156,89.63999938964844,90.63999938964844,85.08782196044922,263400,LECO
2018-07-19,90.83999633789062,91.87999725341797,90.13999938964844,91.66000366210938,86.04534149169922,320200,LECO
2018-07-20,91.4000015258789,92.95999908447266,91.33000183105469,92.27999877929688,86.62736511230469,466700,LECO
2018-07-23,91.3499984741211,92.0,88.25,89.51000213623047,84.02703857421875,769100,LECO
2018-07-24,90.7300033569336,92.22000122070312,90.36000061035156,90.83999633789062,85.27558135986328,371700,LECO
2018-07-25,90.94000244140625,92.30000305175781,90.56999969482422,92.08999633789062,86.4489974975586,413300,LECO
2018-07-26,91.91999816894531,93.66000366210938,91.91999816894531,92.98999786376953,87.29388427734375,263900,LECO
2018-07-27,93.0,93.30000305175781,91.44000244140625,92.31999969482422,86.6649169921875,282600,LECO
2018-07-30,92.43000030517578,93.73999786376953,91.7300033569336,91.75,86.12983703613281,244300,LECO
2018-07-31,91.5,94.31999969482422,90.88999938964844,93.94000244140625,88.18568420410156,600700,LECO
2018-08-01,93.44999694824219,94.4800033569336,91.72000122070312,91.9800033569336,86.34574890136719,380400,LECO
2018-08-02,91.37000274658203,93.47000122070312,91.33000183105469,92.58000183105469,86.90900421142578,284100,LECO
2018-08-03,92.68000030517578,93.76000213623047,92.47000122070312,93.33000183105469,87.6130599975586,257600,LECO
2018-08-06,90.80000305175781,94.30000305175781,90.80000305175781,93.87999725341797,88.12934875488281,368200,LECO
2018-08-07,90.80000305175781,95.83000183105469,90.80000305175781,94.19999694824219,88.42974853515625,345600,LECO
2018-08-08,94.4000015258789,94.4000015258789,92.83999633789062,93.4000015258789,87.67876434326172,285300,LECO
2018-08-09,93.22000122070312,94.16000366210938,92.47000122070312,92.87000274658203,87.18123626708984,244300,LECO
2018-08-10,92.3499984741211,92.56999969482422,91.30000305175781,91.86000061035156,86.23310089111328,250500,LECO
2018-08-13,91.9800033569336,92.48999786376953,90.86000061035156,91.12999725341797,85.54780578613281,213800,LECO
2018-08-14,91.44999694824219,92.51000213623047,91.41000366210938,91.54000091552734,85.93269348144531,186000,LECO
2018-08-15,90.88999938964844,91.36000061035156,89.68000030517578,91.27999877929688,85.68862915039062,329800,LECO
2018-08-16,91.7300033569336,92.55000305175781,91.4800033569336,92.13999938964844,86.49593353271484,298200,LECO
2018-08-17,92.12000274658203,93.91999816894531,92.12000274658203,93.44999694824219,87.7257080078125,275600,LECO
2018-08-20,93.55999755859375,94.29000091552734,93.5,93.79000091552734,88.04487609863281,223900,LECO
2018-08-21,93.9800033569336,94.5199966430664,93.75,94.08999633789062,88.32650756835938,256000,LECO
2018-08-22,93.7300033569336,93.7300033569336,92.41999816894531,92.97000122070312,87.27510070800781,317100,LECO
2018-08-23,92.87999725341797,92.9000015258789,91.76000213623047,92.16999816894531,86.52410125732422,272300,LECO
2018-08-24,92.5999984741211,92.70999908447266,91.94000244140625,92.4800033569336,86.81512451171875,164000,LECO
2018-08-27,92.83000183105469,94.31999969482422,92.83000183105469,93.87000274658203,88.11997985839844,192000,LECO
2018-08-28,94.01000213623047,94.68000030517578,92.69999694824219,93.55999755859375,87.82894897460938,309500,LECO
2018-08-29,94.08000183105469,95.38999938964844,93.5199966430664,94.73999786376953,88.93667602539062,323300,LECO
2018-08-30,94.75,94.86000061035156,93.69000244140625,93.94000244140625,88.18568420410156,250900,LECO
2018-08-31,93.76000213623047,94.4800033569336,93.44999694824219,94.16000366210938,88.39220428466797,266900,LECO
2018-09-04,94.04000091552734,94.43000030517578,92.87000274658203,93.5999984741211,87.86652374267578,241400,LECO
2018-09-05,93.37000274658203,94.06999969482422,92.36000061035156,93.23999786376953,87.528564453125,1162900,LECO
2018-09-06,93.19000244140625,93.86000061035156,92.37000274658203,92.55000305175781,86.88084411621094,767100,LECO
2018-09-07,92.2300033569336,92.4000015258789,90.72000122070312,91.44999694824219,85.84822082519531,878100,LECO
2018-09-10,91.58000183105469,93.02999877929688,91.25,92.29000091552734,86.63677215576172,1357200,LECO
2018-09-11,92.02999877929688,92.27999877929688,91.4000015258789,92.08999633789062,86.4489974975586,670100,LECO
2018-09-12,92.23999786376953,93.68000030517578,91.75,93.0999984741211,87.39714813232422,851300,LECO
2018-09-13,93.76000213623047,95.18000030517578,93.69999694824219,94.52999877929688,88.73954772949219,481600,LECO
2018-09-14,94.37000274658203,95.77999877929688,94.37000274658203,95.31999969482422,89.48114776611328,500300,LECO
2018-09-17,95.30999755859375,95.93000030517578,94.45999908447266,94.86000061035156,89.04933166503906,852100,LECO
2018-09-18,94.87000274658203,95.47000122070312,93.80999755859375,95.2699966430664,89.43421173095703,716200,LECO
2018-09-19,95.54000091552734,96.68000030517578,95.54000091552734,96.11000061035156,90.22277069091797,255700,LECO
2018-09-20,96.72000122070312,97.2300033569336,96.29000091552734,97.0,91.0582504272461,330800,LECO
2018-09-21,97.30000305175781,97.93000030517578,97.22000122070312,97.62999725341797,91.64966583251953,998500,LECO
2018-09-24,97.04000091552734,97.41000366210938,94.94999694824219,96.13999938964844,90.25092315673828,541600,LECO
2018-09-25,96.47000122070312,96.66999816894531,94.97000122070312,95.13999938964844,89.31218719482422,459500,LECO
2018-09-26,95.0,95.47000122070312,94.05999755859375,94.23999786376953,88.46730041503906,303700,LECO
2018-09-27,94.0,94.79000091552734,93.48999786376953,93.94999694824219,88.56156921386719,261900,LECO
2018-09-28,93.66999816894531,94.4000015258789,93.23999786376953,93.44000244140625,88.08082580566406,438200,LECO
2018-10-01,94.0999984741211,94.88999938964844,93.38999938964844,93.83000183105469,88.44847106933594,335400,LECO
2018-10-02,93.9800033569336,94.44999694824219,93.55000305175781,94.18000030517578,88.77838897705078,636000,LECO
2018-10-03,94.73999786376953,95.55999755859375,93.97000122070312,94.62000274658203,89.19314575195312,739900,LECO
2018-10-04,94.31999969482422,94.9000015258789,93.16999816894531,93.66000366210938,88.2882080078125,169500,LECO
2018-10-05,93.68000030517578,93.9000015258789,90.83000183105469,91.62000274658203,86.36521911621094,380100,LECO
2018-10-08,90.9800033569336,91.51000213623047,89.95999908447266,90.76000213623047,85.5545425415039,261700,LECO
2018-10-09,90.7699966430664,91.0999984741211,89.81999969482422,89.91000366210938,84.75328826904297,394700,LECO
2018-10-10,89.66000366210938,89.79000091552734,85.77999877929688,85.88999938964844,80.9638442993164,665400,LECO
2018-10-11,85.77999877929688,86.38999938964844,83.2300033569336,83.41000366210938,78.62610626220703,679000,LECO
2018-10-12,84.83999633789062,85.62999725341797,82.30999755859375,83.62000274658203,78.82405090332031,462000,LECO
2018-10-15,83.47000122070312,85.30999755859375,83.20999908447266,84.54000091552734,79.69127655029297,409800,LECO
2018-10-16,85.1500015258789,87.0,84.41999816894531,86.91999816894531,81.93477630615234,396400,LECO
2018-10-17,86.63999938964844,87.38999938964844,85.4800033569336,86.98999786376953,82.0007553100586,456500,LECO
2018-10-18,86.33999633789062,86.47000122070312,83.5199966430664,83.94000244140625,79.12568664550781,519600,LECO
2018-10-19,84.05000305175781,84.36000061035156,82.31999969482422,82.76000213623047,78.01336669921875,391700,LECO
2018-10-22,83.20999908447266,83.80000305175781,82.48999786376953,83.18000030517578,78.40928649902344,262600,LECO
2018-10-23,81.5,82.88999938964844,80.27999877929688,81.88999938964844,77.19326782226562,397900,LECO
2018-10-24,81.9800033569336,83.08000183105469,77.56999969482422,77.80999755859375,73.3472671508789,767300,LECO
2018-10-25,80.52999877929688,81.22000122070312,75.69000244140625,76.16999816894531,71.80133056640625,1257700,LECO
2018-10-26,77.0199966430664,77.91999816894531,75.06999969482422,76.8499984741211,72.44232940673828,654600,LECO
2018-10-29,77.69000244140625,79.87000274658203,76.63999938964844,77.16999816894531,72.74398040771484,704500,LECO
2018-10-30,77.0999984741211,79.75,77.08000183105469,79.62999725341797,75.0628890991211,556500,LECO
2018-10-31,80.68000030517578,81.62000274658203,80.16999816894531,80.91000366210938,76.26947021484375,1305500,LECO
2018-11-01,81.0,83.27999877929688,80.79000091552734,83.08000183105469,78.31502532958984,370700,LECO
2018-11-02,83.80000305175781,84.44999694824219,83.05999755859375,84.0999984741211,79.27650451660156,486500,LECO
2018-11-05,84.11000061035156,84.87999725341797,83.29000091552734,84.04000091552734,79.21995544433594,510900,LECO
2018-11-06,83.98999786376953,85.43000030517578,83.80000305175781,85.37000274658203,80.47367858886719,333600,LECO
2018-11-07,86.0,87.5999984741211,84.88999938964844,87.26000213623047,82.25526428222656,423200,LECO
2018-11-08,86.95999908447266,87.79000091552734,86.26000213623047,86.51000213623047,81.54828643798828,278300,LECO
2018-11-09,85.61000061035156,86.0,83.30000305175781,84.75,79.88922882080078,594300,LECO
2018-11-12,84.8499984741211,84.8499984741211,83.1500015258789,83.25,78.47526550292969,513700,LECO
2018-11-13,83.55999755859375,87.97000122070312,82.87999725341797,83.2699966430664,78.49411010742188,306800,LECO
2018-11-14,83.95999908447266,84.80999755859375,82.4800033569336,82.66000366210938,77.91911315917969,487500,LECO
2018-11-15,82.01000213623047,84.11000061035156,81.25,83.93000030517578,79.11626434326172,425600,LECO
2018-11-16,83.30000305175781,84.45999908447266,81.0,84.08999633789062,79.26708221435547,218700,LECO
2018-11-19,83.80999755859375,84.0999984741211,82.36000061035156,82.62999725341797,77.89080810546875,497100,LECO
2018-11-20,81.33999633789062,82.9000015258789,80.9000015258789,81.7300033569336,77.04244995117188,350100,LECO
2018-11-21,82.19000244140625,83.38999938964844,81.7300033569336,82.55999755859375,77.82484436035156,176100,LECO
2018-11-23,81.72000122070312,82.83000183105469,81.6500015258789,81.94000244140625,77.24041748046875,96500,LECO
2018-11-26,82.62999725341797,83.86000061035156,82.36000061035156,83.83999633789062,79.03142547607422,230500,LECO
2018-11-27,83.4000015258789,83.41999816894531,81.91000366210938,82.52999877929688,77.79655456542969,204800,LECO
2018-11-28,82.95999908447266,84.91999816894531,81.98999786376953,84.81999969482422,79.95521545410156,151700,LECO
2018-11-29,84.4000015258789,85.01000213623047,83.41000366210938,84.4000015258789,79.5593032836914,191500,LECO
2018-11-30,84.51000213623047,86.23999786376953,84.19999694824219,85.94999694824219,81.02040100097656,455900,LECO
2018-12-03,86.0,88.80999755859375,85.5,86.5,81.53884887695312,288600,LECO
2018-12-04,86.62000274658203,86.62000274658203,82.2300033569336,82.41000366210938,77.68345642089844,321700,LECO
2018-12-06,81.0999984741211,82.87000274658203,79.45999908447266,82.70999908447266,77.96623992919922,332800,LECO
2018-12-07,82.33000183105469,83.58999633789062,79.87000274658203,79.97000122070312,75.38338470458984,305900,LECO
2018-12-10,79.9800033569336,80.83000183105469,78.13999938964844,79.58000183105469,75.0157470703125,202700,LECO
2018-12-11,81.08000183105469,81.83000183105469,80.31999969482422,80.47000122070312,75.8547134399414,417500,LECO
2018-12-12,81.79000091552734,82.97000122070312,81.37999725341797,81.72000122070312,77.03301239013672,300900,LECO
2018-12-13,81.79000091552734,82.58999633789062,80.93000030517578,81.02999877929688,76.3825912475586,204100,LECO
2018-12-14,79.72000122070312,81.80999755859375,79.5199966430664,80.20999908447266,75.609619140625,304800,LECO
2018-12-17,80.19999694824219,81.55999755859375,78.52999877929688,79.05999755859375,74.52557373046875,376800,LECO
2018-12-18,79.94000244140625,80.98999786376953,79.30999755859375,79.95999908447266,75.37396240234375,317600,LECO
2018-12-19,79.83999633789062,80.66999816894531,76.38999938964844,77.02999877929688,72.61200714111328,349600,LECO
2018-12-20,76.58000183105469,77.41999816894531,74.83999633789062,76.1500015258789,71.782470703125,288900,LECO
2018-12-21,76.48999786376953,77.75,75.62000274658203,75.77999877929688,71.43370056152344,570100,LECO
2018-12-24,75.22000122070312,75.58000183105469,72.83000183105469,72.87999725341797,68.70001983642578,127000,LECO
2018-12-26,73.48999786376953,76.66000366210938,72.2699966430664,76.63999938964844,72.24436950683594,160200,LECO
2018-12-27,75.2699966430664,77.91000366210938,75.02999877929688,77.8499984741211,73.38497924804688,242900,LECO
2018-12-28,77.95999908447266,78.33000183105469,76.79000091552734,77.33000183105469,73.33756256103516,175200,LECO
2018-12-31,77.97000122070312,78.91000366210938,76.79000091552734,78.8499984741211,74.77908325195312,237300,LECO
2019-01-02,77.44999694824219,78.81999969482422,76.8499984741211,78.29000091552734,74.24800109863281,312500,LECO
2019-01-03,77.94999694824219,79.55000305175781,75.5,76.0199966430664,72.09518432617188,269200,LECO
2019-01-04,77.4000015258789,79.05000305175781,77.27999877929688,78.79000091552734,74.72218322753906,211000,LECO
2019-01-07,78.44000244140625,80.43000030517578,77.91000366210938,79.1500015258789,75.06359100341797,352000,LECO
2019-01-08,80.0199966430664,80.97000122070312,79.80000305175781,80.79000091552734,76.6189193725586,237700,LECO
2019-01-09,81.3499984741211,82.33999633789062,80.69000244140625,81.87999725341797,77.65264129638672,262200,LECO
2019-01-10,81.4800033569336,82.72000122070312,80.77999877929688,82.69000244140625,78.42082214355469,156300,LECO
2019-01-11,82.19999694824219,82.72000122070312,81.6500015258789,82.44000244140625,78.18374633789062,373500,LECO
2019-01-14,81.79000091552734,82.05000305175781,81.08000183105469,81.16000366210938,76.96981811523438,270900,LECO
2019-01-15,81.30999755859375,81.77999877929688,80.08000183105469,80.62999725341797,76.46717834472656,256800,LECO
2019-01-16,80.69999694824219,81.55000305175781,80.69999694824219,80.86000061035156,76.685302734375,235300,LECO
2019-01-17,80.19999694824219,82.9000015258789,80.05999755859375,82.37999725341797,78.1268310546875,264200,LECO
2019-01-18,83.08999633789062,84.45999908447266,82.63999938964844,84.22000122070312,79.871826171875,274300,LECO
2019-01-22,83.5199966430664,83.98999786376953,81.80000305175781,82.37000274658203,78.11734771728516,236600,LECO
2019-01-23,82.51000213623047,83.48999786376953,80.7699966430664,81.77999877929688,77.55780029296875,190800,LECO
2019-01-24,81.87999725341797,83.43000030517578,81.58000183105469,82.41999816894531,78.1647720336914,138800,LECO
2019-01-25,83.81999969482422,85.6500015258789,83.19999694824219,85.18000030517578,80.78226470947266,262800,LECO
2019-01-28,84.29000091552734,84.66000366210938,83.27999877929688,84.19000244140625,79.8433837890625,265200,LECO
2019-01-29,84.80000305175781,86.94000244140625,84.68000030517578,86.18000030517578,81.73064422607422,327600,LECO
2019-01-30,87.0199966430664,87.70999908447266,85.5999984741211,87.26000213623047,82.7548828125,269900,LECO
2019-01-31,86.98999786376953,87.52999877929688,85.66999816894531,86.44000244140625,81.97723388671875,452500,LECO
2019-02-01,86.44000244140625,87.2300033569336,85.5999984741211,86.7699966430664,82.29016876220703,306700,LECO
2019-02-04,86.81999969482422,88.16000366210938,86.6500015258789,87.93000030517578,83.39029693603516,252900,LECO
2019-02-05,87.91000366210938,88.58000183105469,86.61000061035156,88.2300033569336,83.67481231689453,276300,LECO
2019-02-06,88.19999694824219,88.62999725341797,87.91000366210938,88.05999755859375,83.5135726928711,199000,LECO
2019-02-07,87.58000183105469,87.87000274658203,86.37999725341797,87.44999694824219,82.9350814819336,376800,LECO
2019-02-08,87.01000213623047,88.16999816894531,86.23999786376953,87.22000122070312,82.71695709228516,234100,LECO
2019-02-11,87.4000015258789,88.08000183105469,86.66000366210938,87.54000091552734,83.02041625976562,293600,LECO
2019-02-12,88.26000213623047,90.25,88.26000213623047,90.0,85.35340881347656,295200,LECO
2019-02-13,90.20999908447266,91.20999908447266,89.80999755859375,90.22000122070312,85.56205749511719,339500,LECO
2019-02-14,88.38999938964844,88.55000305175781,85.19000244140625,87.30000305175781,82.79280853271484,1114200,LECO
2019-02-15,87.3499984741211,90.44999694824219,85.9000015258789,88.44000244140625,83.87395477294922,490300,LECO
2019-02-19,87.9000015258789,89.55999755859375,87.77999877929688,88.5,83.93084716796875,383600,LECO
2019-02-20,88.7699966430664,89.1500015258789,88.16000366210938,89.0,84.40504455566406,267500,LECO
2019-02-21,88.51000213623047,89.08000183105469,86.91000366210938,87.54000091552734,83.02041625976562,542200,LECO
2019-02-22,87.9800033569336,88.69000244140625,87.38999938964844,88.05999755859375,83.5135726928711,310500,LECO
2019-02-25,88.56999969482422,89.25,87.70999908447266,88.61000061035156,84.03519439697266,561200,LECO
2019-02-26,88.2699966430664,88.61000061035156,86.73999786376953,86.77999877929688,82.29966735839844,371100,LECO
2019-02-27,86.79000091552734,87.5199966430664,86.19000244140625,87.20999908447266,82.70746612548828,217000,LECO
2019-02-28,87.08999633789062,87.08999633789062,86.08999633789062,86.41999816894531,81.95823669433594,276400,LECO
2019-03-01,87.37000274658203,87.37000274658203,86.06999969482422,86.69000244140625,82.21431732177734,354600,LECO
2019-03-04,87.01000213623047,87.91999816894531,86.41999816894531,87.31999969482422,82.8117904663086,387500,LECO
2019-03-05,87.4800033569336,87.8499984741211,87.05999755859375,87.29000091552734,82.78333282470703,215500,LECO
2019-03-06,87.30000305175781,87.62000274658203,86.47000122070312,86.58000183105469,82.1099853515625,224500,LECO
2019-03-07,86.55000305175781,86.5999984741211,84.91000366210938,85.31999969482422,80.91505432128906,237800,LECO
2019-03-08,84.13999938964844,84.81999969482422,84.13999938964844,84.37999725341797,80.02357482910156,243100,LECO
2019-03-11,84.48999786376953,85.44000244140625,84.47000122070312,85.41000366210938,81.00040435791016,223700,LECO
2019-03-12,85.41000366210938,85.69000244140625,84.61000061035156,85.19999694824219,80.80123901367188,222800,LECO
2019-03-13,85.62999725341797,85.94999694824219,84.72000122070312,85.16999816894531,80.77278137207031,415200,LECO
2019-03-14,84.97000122070312,85.08000183105469,83.72000122070312,84.3499984741211,79.9951171875,400200,LECO
2019-03-15,84.38999938964844,85.75,83.9800033569336,84.44999694824219,80.08995056152344,718800,LECO
2019-03-18,84.58000183105469,85.73999786376953,84.04000091552734,85.70999908447266,81.28489685058594,224700,LECO
2019-03-19,86.19999694824219,86.54000091552734,85.41000366210938,85.72000122070312,81.29439544677734,266500,LECO
2019-03-20,85.52999877929688,86.25,83.94999694824219,84.37000274658203,80.01409149169922,284100,LECO
2019-03-21,84.01000213623047,85.72000122070312,84.01000213623047,85.01000213623047,80.62104797363281,245500,LECO
2019-03-22,84.5999984741211,84.62999725341797,81.44999694824219,81.51000213623047,77.30174255371094,306700,LECO
2019-03-25,81.61000061035156,82.08000183105469,81.12000274658203,81.56999969482422,77.35865020751953,217200,LECO
2019-03-26,82.33000183105469,83.19000244140625,81.9000015258789,82.5999984741211,78.33546447753906,241900,LECO
2019-03-27,82.8499984741211,83.4000015258789,82.27999877929688,83.12999725341797,78.8381118774414,262600,LECO
2019-03-28,82.91999816894531,84.20999908447266,82.81999969482422,83.44999694824219,79.59158325195312,284500,LECO
2019-03-29,84.19000244140625,84.41000366210938,83.43000030517578,83.87000274658203,79.99217224121094,291100,LECO
2019-04-01,84.75,86.37999725341797,84.75,86.04000091552734,82.06184387207031,447400,LECO
2019-04-02,86.20999908447266,87.16000366210938,85.2699966430664,86.77999877929688,82.76761627197266,362000,LECO
2019-04-03,87.58999633789062,88.87999725341797,87.26000213623047,88.0,83.93122100830078,514200,LECO
2019-04-04,88.18000030517578,88.98999786376953,87.91000366210938,88.66000366210938,84.5606918334961,355700,LECO
2019-04-05,89.04000091552734,89.87000274658203,88.93000030517578,89.61000061035156,85.4667739868164,315900,LECO
2019-04-08,89.22000122070312,89.79000091552734,88.43000030517578,89.69999694824219,85.55259704589844,403100,LECO
2019-04-09,89.37000274658203,90.23999786376953,88.61000061035156,89.19000244140625,85.06619262695312,431800,LECO
2019-04-10,89.5,89.79000091552734,88.55999755859375,88.7699966430664,84.66559600830078,278100,LECO
2019-04-11,89.0,90.1500015258789,88.56999969482422,89.81999969482422,85.66706085205078,340900,LECO
2019-04-12,90.69000244140625,91.2300033569336,89.94000244140625,90.23999786376953,86.067626953125,252800,LECO
2019-04-15,90.36000061035156,90.72000122070312,88.91000366210938,88.98999786376953,84.87542724609375,329600,LECO
2019-04-16,88.91999816894531,89.88999938964844,88.91999816894531,89.83000183105469,85.67658996582031,305400,LECO
2019-04-17,90.33000183105469,90.5999984741211,89.18000030517578,89.69999694824219,85.55259704589844,269500,LECO
2019-04-18,90.06999969482422,91.69000244140625,89.80000305175781,91.51000213623047,87.27891540527344,489000,LECO
2019-04-22,87.27999877929688,89.37999725341797,85.8499984741211,87.26000213623047,83.22543334960938,980200,LECO
2019-04-23,87.3499984741211,87.93000030517578,86.0,87.26000213623047,83.22543334960938,467900,LECO
2019-04-24,87.55999755859375,88.80000305175781,86.94999694824219,88.4000015258789,84.31271362304688,381800,LECO
2019-04-25,88.01000213623047,88.05999755859375,86.25,86.73999786376953,82.72946166992188,281800,LECO
2019-04-26,86.73999786376953,87.55000305175781,86.44000244140625,87.44999694824219,83.40664672851562,250700,LECO
2019-04-29,87.81999969482422,88.62000274658203,87.7300033569336,87.97000122070312,83.90260314941406,209400,LECO
2019-04-30,88.1500015258789,88.2699966430664,86.55000305175781,87.2699966430664,83.23495483398438,307600,LECO
2019-05-01,87.66000366210938,87.79000091552734,86.05000305175781,86.12000274658203,82.13813018798828,229000,LECO
2019-05-02,85.9800033569336,86.55000305175781,85.04000091552734,86.52999877929688,82.5291748046875,255600,LECO
2019-05-03,87.1500015258789,88.36000061035156,87.1500015258789,88.22000122070312,84.14102172851562,200500,LECO
2019-05-06,86.30999755859375,87.43000030517578,85.80999755859375,86.93000030517578,82.91067504882812,264100,LECO
2019-05-07,85.62000274658203,85.70999908447266,84.33999633789062,84.93000030517578,81.00315856933594,175200,LECO
2019-05-08,84.83999633789062,85.30000305175781,83.8499984741211,83.97000122070312,80.08753967285156,207000,LECO
2019-05-09,83.08999633789062,84.25,82.70999908447266,83.93000030517578,80.04939270019531,254000,LECO
2019-05-10,83.41000366210938,83.80999755859375,81.91000366210938,83.55999755859375,79.69649505615234,317500,LECO
2019-05-13,82.66999816894531,83.73999786376953,80.56999969482422,80.88999938964844,77.14994812011719,376400,LECO
2019-05-14,81.30000305175781,81.83999633789062,80.75,81.01000213623047,77.26439666748047,473700,LECO
2019-05-15,80.37000274658203,81.69000244140625,80.20999908447266,81.19000244140625,77.43608856201172,245400,LECO
2019-05-16,81.5999984741211,82.33000183105469,80.94000244140625,81.36000061035156,77.59822082519531,326300,LECO
2019-05-17,80.44000244140625,81.12000274658203,79.5999984741211,79.6500015258789,75.96726989746094,231300,LECO
2019-05-20,79.22000122070312,80.08999633789062,78.87999725341797,79.4800033569336,75.80514526367188,280900,LECO
2019-05-21,80.12000274658203,80.97000122070312,80.01000213623047,80.58000183105469,76.85428619384766,201700,LECO
2019-05-22,80.16999816894531,80.5199966430664,79.26000213623047,79.29000091552734,75.62391662597656,206100,LECO
2019-05-23,78.43000030517578,78.75,77.01000213623047,77.5,73.91667938232422,414200,LECO
2019-05-24,78.05999755859375,78.6500015258789,77.30000305175781,77.41000366210938,73.83084106445312,213000,LECO
2019-05-28,77.44000244140625,77.9000015258789,76.61000061035156,76.69000244140625,73.1441421508789,273800,LECO
2019-05-29,76.13999938964844,77.7699966430664,76.13999938964844,77.38999938964844,73.81177520751953,247800,LECO
2019-05-30,77.6500015258789,78.44999694824219,77.0,77.55999755859375,73.97391510009766,248700,LECO
2019-05-31,76.55000305175781,76.80000305175781,75.8499984741211,75.94000244140625,72.42881774902344,273400,LECO
2019-06-03,75.6500015258789,77.62000274658203,75.6500015258789,76.94999694824219,73.3921127319336,331700,LECO
2019-06-04,77.88999938964844,80.19999694824219,77.81999969482422,80.08999633789062,76.3869400024414,239800,LECO
2019-06-05,80.20999908447266,80.9800033569336,78.98999786376953,80.91999816894531,77.17855834960938,327000,LECO
2019-06-06,81.0,81.18000030517578,78.87999725341797,79.48999786376953,75.81466674804688,304600,LECO
2019-06-07,80.0,80.76000213623047,79.72000122070312,79.87999725341797,76.18666076660156,182300,LECO
2019-06-10,80.44999694824219,80.91000366210938,80.1500015258789,80.19000244140625,76.48231506347656,221800,LECO
2019-06-11,81.04000091552734,81.91000366210938,80.1500015258789,80.51000213623047,76.78752899169922,156500,LECO
2019-06-12,80.0,81.95999908447266,77.9800033569336,78.23999786376953,74.62247467041016,440900,LECO
2019-06-13,78.38999938964844,78.88999938964844,76.70999908447266,77.4800033569336,73.89762115478516,654300,LECO
2019-06-14,77.44000244140625,77.91999816894531,76.16000366210938,77.62999725341797,74.04067993164062,329300,LECO
2019-06-17,77.30000305175781,77.98999786376953,75.56999969482422,75.73999786376953,72.23806762695312,380600,LECO
2019-06-18,76.30000305175781,79.20999908447266,76.30000305175781,78.94000244140625,75.29010772705078,496000,LECO
2019-06-19,79.0,79.70999908447266,78.58000183105469,79.37999725341797,75.70976257324219,352700,LECO
2019-06-20,80.55999755859375,81.5199966430664,79.98999786376953,81.3499984741211,77.58867645263672,383200,LECO
2019-06-21,81.05999755859375,81.05999755859375,79.52999877929688,79.55999755859375,75.88143157958984,880400,LECO
2019-06-24,79.7699966430664,80.87999725341797,79.27999877929688,79.61000061035156,75.92912292480469,288800,LECO
2019-06-25,80.12000274658203,80.81999969482422,79.66999816894531,80.16000366210938,76.45370483398438,265000,LECO
2019-06-26,80.33999633789062,80.52999877929688,79.93000030517578,80.12999725341797,76.42509460449219,319200,LECO
2019-06-27,78.52999877929688,80.41000366210938,78.3499984741211,80.33000183105469,77.0678939819336,342500,LECO
2019-06-28,80.5,82.56999969482422,80.0,82.31999969482422,78.97706604003906,623000,LECO
2019-07-01,83.75,83.9000015258789,81.98999786376953,82.30999755859375,78.96746826171875,355100,LECO
2019-07-02,82.0199966430664,82.20999908447266,81.25,81.70999908447266,78.39183044433594,395500,LECO
2019-07-03,81.94000244140625,82.86000061035156,81.80000305175781,82.76000213623047,79.39920043945312,169600,LECO
2019-07-05,82.23999786376953,82.23999786376953,81.04000091552734,82.02999877929688,78.69884490966797,165500,LECO
2019-07-08,81.45999908447266,82.01000213623047,80.31999969482422,80.55999755859375,77.28853607177734,264100,LECO
2019-07-09,80.0,80.4000015258789,79.5,80.30999755859375,77.04869842529297,294600,LECO
2019-07-10,80.6500015258789,80.80000305175781,79.4800033569336,79.97000122070312,76.72249603271484,268000,LECO
2019-07-11,79.83999633789062,80.75,79.47000122070312,80.69000244140625,77.41326141357422,374200,LECO
2019-07-12,82.66999816894531,84.37000274658203,82.0199966430664,83.54000091552734,80.14752197265625,629100,LECO
2019-07-15,83.54000091552734,84.01000213623047,82.81999969482422,83.75,80.3489990234375,565400,LECO
2019-07-16,83.75,85.25,83.0,85.0,81.54822540283203,644500,LECO
2019-07-17,84.88999938964844,86.12000274658203,84.12999725341797,84.93000030517578,81.48108673095703,704900,LECO
2019-07-18,84.5999984741211,84.73999786376953,83.47000122070312,83.87000274658203,80.46412658691406,522000,LECO
2019-07-19,84.55000305175781,85.31999969482422,83.77999877929688,84.79000091552734,81.34675598144531,567500,LECO
2019-07-22,85.0199966430664,85.70999908447266,84.8499984741211,85.16000366210938,81.70172882080078,443300,LECO
2019-07-23,85.0,88.75,83.12000274658203,88.58999633789062,84.99243927001953,1545300,LECO
2019-07-24,88.51000213623047,90.0,87.51000213623047,89.87000274658203,86.220458984375,561700,LECO
2019-07-25,88.7699966430664,89.25,87.13999938964844,87.56999969482422,84.01386260986328,669800,LECO
2019-07-26,88.0,88.0,86.41999816894531,86.83000183105469,83.30392456054688,340900,LECO
2019-07-29,86.77999877929688,86.77999877929688,85.37000274658203,85.73999786376953,82.2581787109375,406100,LECO
2019-07-30,84.91000366210938,85.8499984741211,84.91000366210938,85.68000030517578,82.20063018798828,478300,LECO
2019-07-31,85.6500015258789,86.22000122070312,83.6500015258789,84.5199966430664,81.08772277832031,622900,LECO
2019-08-01,84.33999633789062,85.80000305175781,82.51000213623047,82.69999694824219,79.34163665771484,436100,LECO
2019-08-02,82.58000183105469,83.19999694824219,81.33000183105469,82.51000213623047,79.15934753417969,383000,LECO
2019-08-05,81.05999755859375,81.7300033569336,79.95999908447266,80.98999786376953,77.70108032226562,538300,LECO
2019-08-06,81.66000366210938,83.05999755859375,81.66000366210938,82.9000015258789,79.53350830078125,368100,LECO
2019-08-07,81.81999969482422,83.94000244140625,80.88999938964844,83.66000366210938,80.26266479492188,470600,LECO
2019-08-08,84.16999816894531,85.45999908447266,83.83999633789062,84.91000366210938,81.4618911743164,437800,LECO
2019-08-09,84.5,84.5,82.91000366210938,82.93000030517578,79.56229400634766,290400,LECO
2019-08-12,82.48999786376953,83.26000213623047,81.76000213623047,82.44999694824219,79.10179138183594,243400,LECO
2019-08-13,82.0,85.31999969482422,81.97000122070312,83.54000091552734,80.14752197265625,206900,LECO
2019-08-14,81.88999938964844,82.23999786376953,80.19000244140625,80.80000305175781,77.518798828125,213500,LECO
2019-08-15,81.16999816894531,81.27999877929688,80.20999908447266,80.79000091552734,77.50920104980469,189000,LECO
2019-08-16,81.37000274658203,82.62999725341797,81.27999877929688,82.31999969482422,78.97706604003906,145600,LECO
2019-08-19,83.62999725341797,84.0199966430664,82.43000030517578,82.86000061035156,79.49513244628906,368300,LECO
2019-08-20,82.58000183105469,82.81999969482422,81.9000015258789,82.08000183105469,78.74681091308594,216700,LECO
2019-08-21,82.91999816894531,83.22000122070312,82.44000244140625,82.6500015258789,79.29366302490234,155500,LECO
2019-08-22,82.91999816894531,83.31999969482422,82.30999755859375,82.9000015258789,79.53350830078125,138600,LECO
2019-08-23,82.62999725341797,83.08999633789062,80.76000213623047,81.06999969482422,77.77782440185547,320400,LECO
2019-08-26,82.04000091552734,82.04000091552734,79.55000305175781,80.08999633789062,76.8376235961914,362300,LECO
2019-08-27,80.87999725341797,80.9000015258789,79.33999633789062,79.61000061035156,76.37711334228516,407600,LECO
2019-08-28,79.43000030517578,80.54000091552734,78.87999725341797,79.77999877929688,76.54021453857422,406000,LECO
2019-08-29,80.91000366210938,81.69000244140625,80.54000091552734,81.4800033569336,78.17117309570312,259900,LECO
2019-08-30,82.36000061035156,82.9000015258789,81.4000015258789,82.55999755859375,79.20732116699219,489300,LECO
2019-09-03,81.80999755859375,81.94000244140625,79.0999984741211,80.75,77.47083282470703,285700,LECO
2019-09-04,81.58000183105469,81.76000213623047,80.76000213623047,81.41000366210938,78.10401153564453,265700,LECO
2019-09-05,82.27999877929688,85.06999969482422,82.27999877929688,84.2300033569336,80.80950927734375,334600,LECO
2019-09-06,84.63999938964844,85.2300033569336,83.88999938964844,84.80000305175781,81.35635375976562,278500,LECO
2019-09-09,84.87000274658203,85.77999877929688,84.41999816894531,85.69000244140625,82.21021270751953,366500,LECO
2019-09-10,85.37000274658203,87.54000091552734,85.1500015258789,87.44000244140625,83.88915252685547,354300,LECO
2019-09-11,87.7699966430664,88.33999633789062,86.12000274658203,88.11000061035156,84.53193664550781,302500,LECO
2019-09-12,88.06999969482422,88.80000305175781,87.25,88.5,84.90609741210938,273400,LECO
2019-09-13,89.11000061035156,90.08999633789062,88.31999969482422,89.33999633789062,85.71199035644531,342700,LECO
2019-09-16,88.86000061035156,89.25,88.25,89.16000366210938,85.53929901123047,226800,LECO
2019-09-17,88.51000213623047,89.55000305175781,88.0,89.41000366210938,85.7791519165039,314700,LECO
2019-09-18,87.12000274658203,89.0999984741211,85.20999908447266,88.73999786376953,85.1363525390625,599700,LECO
2019-09-19,88.87000274658203,89.18000030517578,87.91999816894531,88.2300033569336,84.6470718383789,311600,LECO
2019-09-20,88.30999755859375,88.63999938964844,86.16000366210938,86.36000061035156,82.8530044555664,798300,LECO
2019-09-23,85.69000244140625,87.41000366210938,85.58999633789062,87.05000305175781,83.51499938964844,180000,LECO
2019-09-24,87.12000274658203,87.70999908447266,85.0999984741211,85.48999786376953,82.01834106445312,229700,LECO
2019-09-25,85.45999908447266,86.87000274658203,85.38999938964844,86.63999938964844,83.12163543701172,308200,LECO
2019-09-26,86.44999694824219,86.83000183105469,85.61000061035156,86.0999984741211,82.60356903076172,211500,LECO
2019-09-27,86.22000122070312,86.56999969482422,85.41000366210938,86.01000213623047,82.97013092041016,300600,LECO
2019-09-30,86.0199966430664,86.87999725341797,85.91000366210938,86.76000213623047,83.69361877441406,230700,LECO
2019-10-01,87.44999694824219,88.13999938964844,84.58999633789062,85.01000213623047,82.00547790527344,232600,LECO
2019-10-02,84.13999938964844,84.13999938964844,81.52999877929688,82.80999755859375,79.88323211669922,364200,LECO
2019-10-03,82.52999877929688,83.22000122070312,81.41999816894531,83.1500015258789,80.21121978759766,236100,LECO
2019-10-04,83.19999694824219,83.88999938964844,82.86000061035156,83.79000091552734,80.82860565185547,151400,LECO
2019-10-07,83.33000183105469,83.55000305175781,82.37000274658203,83.38999938964844,80.4427261352539,447000,LECO
2019-10-08,80.94999694824219,81.44000244140625,79.31999969482422,80.5999984741211,77.7513427734375,585900,LECO
2019-10-09,80.23999786376953,81.58000183105469,79.88999938964844,81.08999633789062,78.2240219116211,317600,LECO
2019-10-10,81.36000061035156,82.94000244140625,81.23999786376953,82.04000091552734,79.14044952392578,189600,LECO
2019-10-11,83.13999938964844,86.0,82.8499984741211,84.44000244140625,81.45562744140625,258500,LECO
2019-10-14,84.08999633789062,84.7300033569336,83.8499984741211,84.55000305175781,81.5617446899414,194500,LECO
2019-10-15,84.79000091552734,86.19000244140625,84.33000183105469,85.52999877929688,82.5071029663086,200200,LECO
2019-10-16,85.56999969482422,86.5,84.95999908447266,85.88999938964844,82.85437774658203,367400,LECO
2019-10-17,86.52999877929688,87.97000122070312,86.52999877929688,87.77999877929688,84.67757415771484,348300,LECO
2019-10-18,87.80000305175781,88.11000061035156,87.22000122070312,87.52999877929688,84.43640899658203,305500,LECO
2019-10-21,87.51000213623047,88.72000122070312,86.7300033569336,87.06999969482422,83.99268341064453,268700,LECO
2019-10-22,87.19000244140625,88.47000122070312,86.1500015258789,88.2300033569336,85.11167907714844,383600,LECO
2019-10-23,89.02999877929688,90.48999786376953,87.88999938964844,90.44999694824219,87.25320434570312,333400,LECO
2019-10-24,90.55000305175781,90.72000122070312,89.04000091552734,89.3499984741211,86.19210052490234,264000,LECO
2019-10-25,89.41000366210938,92.12000274658203,88.97000122070312,91.87999725341797,88.63267517089844,356100,LECO
2019-10-28,91.86000061035156,93.06999969482422,91.41999816894531,91.88999938964844,88.64231872558594,497700,LECO
2019-10-29,91.55000305175781,94.38999938964844,91.30000305175781,94.31999969482422,90.98643493652344,525100,LECO
2019-10-30,89.62000274658203,91.98999786376953,88.29000091552734,89.72000122070312,86.54901885986328,713100,LECO
2019-10-31,88.97000122070312,89.80000305175781,86.86000061035156,89.56999969482422,86.4043197631836,795900,LECO
2019-11-01,90.33999633789062,91.87999725341797,90.08000183105469,91.45999908447266,88.2275161743164,453900,LECO
2019-11-04,92.08999633789062,94.45999908447266,92.08999633789062,94.02999877929688,90.70668029785156,532700,LECO
2019-11-05,93.86000061035156,94.54000091552734,92.6500015258789,92.86000061035156,89.57804107666016,310400,LECO
2019-11-06,92.9800033569336,92.9800033569336,91.79000091552734,92.29000091552734,89.0281753540039,258300,LECO
2019-11-07,92.63999938964844,93.54000091552734,91.80000305175781,92.0199966430664,88.76771545410156,305100,LECO
2019-11-08,92.0,92.06999969482422,91.20999908447266,92.02999877929688,88.7773666381836,290800,LECO
2019-11-11,91.4800033569336,92.30999755859375,91.05999755859375,91.45999908447266,88.2275161743164,162600,LECO
2019-11-12,91.43000030517578,92.12000274658203,91.18000030517578,92.08000183105469,88.82559967041016,279400,LECO
2019-11-13,91.55000305175781,91.7300033569336,90.61000061035156,90.80000305175781,87.5908432006836,156600,LECO
2019-11-14,90.48999786376953,91.2300033569336,90.48999786376953,90.91999816894531,87.70660400390625,139800,LECO
2019-11-15,91.37999725341797,91.8499984741211,90.91999816894531,91.7699966430664,88.52655792236328,235000,LECO
2019-11-18,91.23999786376953,91.7300033569336,90.93000030517578,91.69999694824219,88.45902252197266,331000,LECO
2019-11-19,92.19999694824219,92.26000213623047,91.13999938964844,91.4000015258789,88.16963195800781,165000,LECO
2019-11-20,90.91000366210938,91.6500015258789,89.55000305175781,90.58000183105469,87.37862396240234,362200,LECO
2019-11-21,91.0,91.45999908447266,90.55999755859375,91.01000213623047,87.79341888427734,197600,LECO
2019-11-22,91.30999755859375,92.45999908447266,90.70999908447266,92.41000366210938,89.14393615722656,239700,LECO
2019-11-25,92.98999786376953,93.83999633789062,92.31999969482422,93.18000030517578,89.88673400878906,288200,LECO
2019-11-26,93.0199966430664,93.76000213623047,92.3499984741211,92.93000030517578,89.64556121826172,251900,LECO
2019-11-27,93.05999755859375,93.94999694824219,92.56999969482422,93.45999908447266,90.15682983398438,202600,LECO
2019-11-29,93.31999969482422,93.55999755859375,92.04000091552734,92.26000213623047,88.9992446899414,92500,LECO
2019-12-02,92.6500015258789,93.33999633789062,91.54000091552734,91.58999633789062,88.35291290283203,136200,LECO
2019-12-03,90.56999969482422,91.19999694824219,89.73999786376953,90.30000305175781,87.10850524902344,302400,LECO
2019-12-04,91.13999938964844,92.11000061035156,90.48999786376953,90.87999725341797,87.66801452636719,219600,LECO
2019-12-05,91.3499984741211,92.0999984741211,91.0,91.8499984741211,88.60372924804688,215200,LECO
2019-12-06,93.01000213623047,93.47000122070312,92.37999725341797,92.44000244140625,89.1728744506836,244200,LECO
2019-12-09,92.70999908447266,92.77999877929688,91.66000366210938,92.23999786376953,88.97994232177734,257200,LECO
2019-12-10,91.9800033569336,93.30999755859375,91.83999633789062,92.95999908447266,89.67449951171875,247000,LECO
2019-12-11,92.87000274658203,94.8499984741211,92.30999755859375,94.61000061035156,91.26618194580078,231700,LECO
2019-12-12,94.55999755859375,96.31999969482422,93.80000305175781,95.95999908447266,92.56847381591797,237200,LECO
2019-12-13,95.77999877929688,96.55000305175781,93.80000305175781,94.25,90.91890716552734,272100,LECO
2019-12-16,95.08000183105469,96.79000091552734,94.62999725341797,95.91000366210938,92.52023315429688,434600,LECO
2019-12-17,96.30000305175781,96.66000366210938,95.43000030517578,96.0999984741211,92.70352172851562,266700,LECO
2019-12-18,96.3499984741211,96.7300033569336,95.2699966430664,96.61000061035156,93.19549560546875,230600,LECO
2019-12-19,96.80000305175781,97.0999984741211,96.1500015258789,96.7699966430664,93.34984588623047,259000,LECO
2019-12-20,96.9000015258789,97.94000244140625,96.19000244140625,97.80000305175781,94.34344482421875,1271200,LECO
2019-12-23,98.13999938964844,98.31999969482422,95.93000030517578,97.16000366210938,93.72606658935547,266800,LECO
2019-12-24,97.36000061035156,97.80999755859375,96.75,97.16000366210938,93.72606658935547,107600,LECO
2019-12-26,96.94999694824219,97.80000305175781,96.94999694824219,97.73999786376953,94.28555297851562,138400,LECO
2019-12-27,97.91000366210938,98.08999633789062,97.37000274658203,97.5199966430664,94.07332611083984,130200,LECO
2019-12-30,97.20999908447266,97.5199966430664,96.18000030517578,97.1500015258789,94.18968200683594,148700,LECO
2019-12-31,97.02999877929688,97.75,96.6500015258789,96.7300033569336,93.78248596191406,205200,LECO
2020-01-02,97.52999877929688,98.16000366210938,96.1500015258789,98.16000366210938,95.16890716552734,386500,LECO
2020-01-03,96.7300033569336,97.37000274658203,96.06999969482422,97.2300033569336,94.26724243164062,228900,LECO
2020-01-06,96.33000183105469,97.2300033569336,96.23999786376953,97.06999969482422,94.11211395263672,239900,LECO
2020-01-07,97.05999755859375,97.44999694824219,95.94000244140625,97.01000213623047,94.05394744873047,199400,LECO
2020-01-08,96.83999633789062,98.02999877929688,96.83999633789062,97.33000183105469,94.36419677734375,225300,LECO
2020-01-09,97.55999755859375,97.91000366210938,97.20999908447266,97.76000213623047,94.78108978271484,215700,LECO
2020-01-10,97.80000305175781,97.91999816894531,96.36000061035156,96.58000183105469,93.63704681396484,215100,LECO
2020-01-13,96.55000305175781,97.01000213623047,96.20999908447266,96.7300033569336,93.78248596191406,362500,LECO
2020-01-14,96.98999786376953,97.18000030517578,96.0199966430664,96.37000274658203,93.4334487915039,215200,LECO
2020-01-15,96.04000091552734,96.62000274658203,95.19000244140625,95.83999633789062,92.91959381103516,383100,LECO
2020-01-16,96.44000244140625,97.45999908447266,96.23999786376953,97.45999908447266,94.49022674560547,200600,LECO
2020-01-17,97.44999694824219,97.79000091552734,96.6500015258789,96.83000183105469,93.87943267822266,156500,LECO
2020-01-21,96.36000061035156,96.36000061035156,95.18000030517578,95.38999938964844,92.48330688476562,229500,LECO
2020-01-22,95.7300033569336,96.13999938964844,94.3499984741211,94.52999877929688,91.6495132446289,208500,LECO
2020-01-23,94.36000061035156,95.25,93.33000183105469,94.79000091552734,91.90159606933594,277000,LECO
2020-01-24,94.98999786376953,94.98999786376953,92.93000030517578,93.04000091552734,90.20491790771484,268300,LECO
2020-01-27,91.2699966430664,92.41999816894531,90.80999755859375,91.2699966430664,88.48884582519531,366300,LECO
2020-01-28,91.7300033569336,93.6500015258789,91.37000274658203,93.12999725341797,90.29216766357422,257300,LECO
2020-01-29,93.48999786376953,94.0,92.93000030517578,92.9800033569336,90.1467514038086,160100,LECO
2020-01-30,92.33000183105469,93.13999938964844,91.7300033569336,92.93000030517578,90.09827423095703,320000,LECO
2020-01-31,92.47000122070312,92.47000122070312,88.94000244140625,89.18000030517578,86.46253967285156,566000,LECO
2020-02-03,89.87000274658203,92.0,89.43000030517578,91.08000183105469,88.30464172363281,307000,LECO
2020-02-04,92.66999816894531,94.06999969482422,92.58000183105469,93.55000305175781,90.69937133789062,251200,LECO
2020-02-05,94.77999877929688,95.2300033569336,94.0999984741211,94.63999938964844,91.75615692138672,239600,LECO
2020-02-06,95.27999877929688,95.27999877929688,93.13999938964844,93.37999725341797,90.53455352783203,246700,LECO
2020-02-07,92.69000244140625,93.02999877929688,91.80000305175781,92.23999786376953,89.42928314208984,250700,LECO
2020-02-10,91.87000274658203,92.58000183105469,91.41999816894531,92.52999877929688,89.71044921875,316100,LECO
2020-02-11,93.06999969482422,94.37000274658203,93.06999969482422,93.80999755859375,90.95145416259766,332900,LECO
2020-02-12,94.62999725341797,95.18000030517578,93.55000305175781,94.69999694824219,91.8143310546875,481100,LECO
2020-02-13,97.58999633789062,98.19000244140625,92.94999694824219,93.08000183105469,90.24369812011719,740600,LECO
2020-02-14,93.41000366210938,94.70999908447266,92.33999633789062,92.58000183105469,89.75892639160156,323600,LECO
2020-02-18,91.87000274658203,92.4000015258789,90.5199966430664,91.30999755859375,88.52763366699219,317300,LECO
2020-02-19,91.87000274658203,92.08999633789062,88.8499984741211,89.62999725341797,86.8988265991211,684800,LECO
2020-02-20,89.56999969482422,90.72000122070312,89.23999786376953,89.75,87.01516723632812,323700,LECO
2020-02-21,89.4000015258789,89.61000061035156,87.9000015258789,88.13999938964844,85.45423126220703,339100,LECO
2020-02-24,85.05000305175781,87.13999938964844,84.51000213623047,85.56999969482422,82.96253967285156,484400,LECO
2020-02-25,85.98999786376953,86.31999969482422,83.16000366210938,83.26000213623047,80.7229232788086,425900,LECO
2020-02-26,83.9800033569336,85.45999908447266,82.94999694824219,83.04000091552734,80.50963592529297,464600,LECO
2020-02-27,81.16000366210938,85.1500015258789,80.01000213623047,82.18000030517578,79.67584228515625,645100,LECO
2020-02-28,79.80999755859375,82.08999633789062,79.31999969482422,81.88999938964844,79.39468383789062,665200,LECO
2020-03-02,82.62999725341797,85.33999633789062,81.76000213623047,85.11000061035156,82.51654815673828,498900,LECO
2020-03-03,84.97000122070312,87.04000091552734,83.05000305175781,84.5999984741211,82.0220947265625,630800,LECO
2020-03-04,86.68000030517578,86.68000030517578,84.69000244140625,86.30999755859375,83.67999267578125,402000,LECO
2020-03-05,84.20999908447266,84.98999786376953,81.9800033569336,82.62999725341797,80.11212158203125,318400,LECO
2020-03-06,79.91999816894531,82.4000015258789,79.30999755859375,81.44999694824219,78.96807098388672,292900,LECO
2020-03-09,76.2300033569336,78.9800033569336,70.01000213623047,72.08000183105469,69.88360595703125,724400,LECO
2020-03-10,74.30999755859375,77.0,72.6500015258789,76.81999969482422,74.47917175292969,656700,LECO
2020-03-11,74.30000305175781,75.44999694824219,71.41000366210938,71.9000015258789,69.70909118652344,385200,LECO
2020-03-12,66.83000183105469,70.95999908447266,64.18000030517578,68.83999633789062,66.74232482910156,691900,LECO
2020-03-13,72.75,76.73999786376953,71.31999969482422,76.16999816894531,73.8489761352539,842400,LECO
2020-03-16,73.41999816894531,77.97000122070312,68.52999877929688,69.08999633789062,66.9847183227539,820800,LECO
2020-03-17,70.36000061035156,74.86000061035156,68.44999694824219,73.0999984741211,70.87252044677734,679200,LECO
2020-03-18,67.0,71.80000305175781,65.4000015258789,70.41999816894531,68.27417755126953,824000,LECO
2020-03-19,69.61000061035156,72.98999786376953,66.95999908447266,68.05999755859375,65.98609924316406,679500,LECO
2020-03-20,68.16999816894531,69.1500015258789,64.23999786376953,64.79000091552734,62.81574249267578,836700,LECO
2020-03-23,64.66000366210938,65.83000183105469,59.29999923706055,59.9900016784668,58.16200637817383,796500,LECO
2020-03-24,62.95000076293945,65.4000015258789,61.5099983215332,64.61000061035156,62.64122009277344,736000,LECO
2020-03-25,65.08000183105469,72.0,63.9900016784668,68.5999984741211,66.5096435546875,673800,LECO
2020-03-26,69.45999908447266,73.33999633789062,68.23999786376953,73.01000213623047,70.78527069091797,391800,LECO
2020-03-27,70.5999984741211,71.81999969482422,68.66000366210938,69.2699966430664,67.15922546386719,376600,LECO
2020-03-30,68.97000122070312,70.66000366210938,68.12999725341797,69.88999938964844,68.24307250976562,412900,LECO
2020-03-31,69.76000213623047,69.95999908447266,67.41999816894531,69.0,67.3740463256836,569500,LECO
2020-04-01,66.43000030517578,66.43000030517578,62.970001220703125,64.2300033569336,62.716453552246094,479900,LECO
2020-04-02,63.91999816894531,67.51000213623047,63.369998931884766,66.41000366210938,64.84507751464844,484100,LECO
2020-04-03,66.43000030517578,67.77999877929688,64.2699966430664,66.31999969482422,64.75719451904297,349000,LECO
2020-04-06,68.8499984741211,72.3499984741211,68.70999908447266,72.04000091552734,70.3424072265625,403700,LECO
2020-04-07,74.44000244140625,77.0199966430664,72.62999725341797,72.73999786376953,71.02591705322266,470400,LECO
2020-04-08,73.91999816894531,78.12000274658203,73.0,77.72000122070312,75.88855743408203,489600,LECO
2020-04-09,79.22000122070312,80.69999694824219,76.69999694824219,78.0999984741211,76.25960540771484,328700,LECO
2020-04-13,77.38999938964844,77.38999938964844,74.20999908447266,74.76000213623047,72.9983139038086,339200,LECO
2020-04-14,76.23999786376953,77.31999969482422,75.23999786376953,76.58999633789062,74.78519439697266,287900,LECO
2020-04-15,73.81999969482422,74.68000030517578,72.73999786376953,73.08000183105469,71.35791015625,282700,LECO
2020-04-16,73.08999633789062,75.02999877929688,72.2300033569336,74.87999725341797,73.11548614501953,281200,LECO
2020-04-17,77.0999984741211,78.25,75.19000244140625,75.73999786376953,73.95521545410156,326800,LECO
2020-04-20,74.12000274658203,74.94000244140625,72.7699966430664,73.80000305175781,72.06094360351562,373900,LECO
2020-04-21,72.02999877929688,73.2300033569336,71.30000305175781,72.66000366210938,70.94780731201172,211900,LECO
2020-04-22,74.08999633789062,74.58999633789062,73.0,73.91000366210938,72.16834259033203,192000,LECO
2020-04-23,74.7300033569336,76.37000274658203,74.31999969482422,74.56999969482422,72.81279754638672,254600,LECO
2020-04-24,75.25,76.72000122070312,73.70999908447266,76.02999877929688,74.2383804321289,443400,LECO
2020-04-27,77.43000030517578,81.62000274658203,74.81999969482422,80.7300033569336,78.82763671875,603500,LECO
2020-04-28,82.19999694824219,83.1500015258789,79.4800033569336,80.98999786376953,79.08150482177734,470000,LECO
2020-04-29,82.63999938964844,83.91000366210938,82.04000091552734,83.2699966430664,81.30776977539062,333000,LECO
2020-04-30,82.37000274658203,82.37000274658203,80.47000122070312,80.51000213623047,78.6128158569336,681600,LECO
2020-05-01,79.19999694824219,79.19999694824219,76.48999786376953,76.88999938964844,75.07811737060547,303200,LECO
2020-05-04,75.86000061035156,76.93000030517578,75.19000244140625,76.45999908447266,74.65825653076172,323600,LECO
2020-05-05,77.58999633789062,78.38999938964844,77.0999984741211,77.30000305175781,75.47846221923828,252700,LECO
2020-05-06,77.98999786376953,77.98999786376953,75.66999816894531,75.69000244140625,73.90638732910156,256300,LECO
2020-05-07,76.86000061035156,78.19999694824219,75.4800033569336,76.61000061035156,74.80471801757812,368900,LECO
2020-05-08,78.16000366210938,78.88999938964844,76.61000061035156,78.69000244140625,76.83570861816406,198100,LECO
2020-05-11,77.69000244140625,78.45999908447266,76.08000183105469,77.62999725341797,75.80067443847656,460300,LECO
2020-05-12,78.08000183105469,78.08000183105469,74.54000091552734,74.63999938964844,72.88114929199219,285900,LECO
2020-05-13,74.0999984741211,74.94000244140625,69.72000122070312,70.91999816894531,69.24880981445312,462400,LECO
2020-05-14,69.2300033569336,72.26000213623047,68.12000274658203,72.12999725341797,70.43028259277344,346800,LECO
2020-05-15,71.80000305175781,74.05999755859375,70.72000122070312,73.08999633789062,71.36766052246094,938500,LECO
2020-05-18,75.43000030517578,79.44000244140625,74.8499984741211,78.52999877929688,76.67948150634766,411300,LECO
2020-05-19,78.2699966430664,79.41999816894531,77.70999908447266,78.08000183105469,76.24008178710938,342400,LECO
2020-05-20,79.47000122070312,80.58000183105469,78.88999938964844,79.45999908447266,77.58755493164062,232900,LECO
2020-05-21,78.62000274658203,80.05000305175781,78.62000274658203,79.3499984741211,77.48014068603516,322400,LECO
2020-05-22,79.62999725341797,79.87000274658203,77.93000030517578,79.69000244140625,77.8121337890625,302400,LECO
2020-05-26,82.16999816894531,84.27999877929688,81.0,83.81999969482422,81.84481811523438,323800,LECO
2020-05-27,85.0,86.5999984741211,84.75,85.88999938964844,83.86604309082031,278400,LECO
2020-05-28,86.87000274658203,86.87000274658203,82.69000244140625,83.27999877929688,81.31753540039062,228500,LECO
2020-05-29,82.80999755859375,84.63999938964844,81.02999877929688,82.16999816894531,80.23369598388672,250800,LECO
2020-06-01,82.5999984741211,83.5,81.86000061035156,82.7699966430664,80.81954956054688,213000,LECO
2020-06-02,83.83000183105469,84.43000030517578,83.0999984741211,83.44999694824219,81.48353576660156,168100,LECO
2020-06-03,83.94999694824219,86.16999816894531,83.94999694824219,85.68000030517578,83.66099548339844,199300,LECO
2020-06-04,85.0999984741211,86.19999694824219,84.20999908447266,86.1500015258789,84.11991882324219,311900,LECO
2020-06-05,88.66999816894531,90.22000122070312,87.66999816894531,89.58999633789062,87.47884368896484,271100,LECO
2020-06-08,88.5,92.5,88.23999786376953,91.72000122070312,89.55866241455078,392100,LECO
2020-06-09,90.37000274658203,91.9000015258789,89.68000030517578,90.66999816894531,88.53339385986328,383600,LECO
2020-06-10,90.63999938964844,90.63999938964844,87.38999938964844,87.44000244140625,85.37952423095703,362100,LECO
2020-06-11,83.97000122070312,84.62999725341797,80.05000305175781,80.13999938964844,78.25153350830078,420600,LECO
2020-06-12,83.29000091552734,84.12999725341797,79.13999938964844,81.79000091552734,79.86265563964844,441600,LECO
2020-06-15,79.08000183105469,83.0,78.95999908447266,82.36000061035156,80.41922760009766,297400,LECO
2020-06-16,85.86000061035156,85.97000122070312,83.0,83.80000305175781,81.8252944946289,279600,LECO
2020-06-17,84.01000213623047,84.72000122070312,82.73999786376953,84.51000213623047,82.5185546875,395400,LECO
2020-06-18,84.70999908447266,84.86000061035156,83.33999633789062,83.61000061035156,81.63976287841797,400400,LECO
2020-06-19,85.33999633789062,85.33999633789062,82.19000244140625,83.51000213623047,81.54212188720703,793700,LECO
2020-06-22,83.16999816894531,83.16999816894531,81.33000183105469,82.69000244140625,80.74144744873047,266600,LECO
2020-06-23,84.05999755859375,84.05999755859375,81.83999633789062,82.20999908447266,80.27275848388672,263900,LECO
2020-06-24,81.8499984741211,81.8499984741211,79.56999969482422,80.27999877929688,78.38823699951172,212400,LECO
2020-06-25,79.4000015258789,80.86000061035156,79.08000183105469,80.70999908447266,78.80810546875,240000,LECO
2020-06-26,80.05999755859375,81.69000244140625,79.66999816894531,81.05000305175781,79.14009857177734,1028400,LECO
2020-06-29,81.30000305175781,82.95999908447266,81.08000183105469,82.8499984741211,81.38971710205078,210800,LECO
2020-06-30,82.80999755859375,84.80999755859375,82.0199966430664,84.23999786376953,82.7552261352539,311700,LECO
2020-07-01,84.55999755859375,84.55999755859375,82.30000305175781,82.51000213623047,81.05571746826172,215100,LECO
2020-07-02,84.0199966430664,85.16999816894531,83.29000091552734,83.9800033569336,82.49981689453125,172800,LECO
2020-07-06,85.41999816894531,85.93000030517578,84.25,85.29000091552734,83.7867202758789,251400,LECO
2020-07-07,84.41999816894531,85.33000183105469,83.9800033569336,84.41999816894531,82.93205261230469,213900,LECO
2020-07-08,84.9000015258789,85.69000244140625,84.05000305175781,85.55999755859375,84.05196380615234,400100,LECO
2020-07-09,85.63999938964844,85.75,83.54000091552734,83.81999969482422,82.3426284790039,195900,LECO
2020-07-10,84.04000091552734,84.66999816894531,83.58999633789062,84.31999969482422,82.83381652832031,234100,LECO
2020-07-13,85.04000091552734,86.79000091552734,84.72000122070312,86.27999877929688,84.75926971435547,302100,LECO
2020-07-14,86.30999755859375,88.36000061035156,85.38999938964844,88.19999694824219,86.64542388916016,380500,LECO
2020-07-15,89.77999877929688,90.25,88.05000305175781,89.83999633789062,88.25651550292969,267700,LECO
2020-07-16,89.81999969482422,91.01000213623047,88.81999969482422,89.54000091552734,87.9618148803711,268600,LECO
2020-07-17,90.08999633789062,90.94999694824219,89.23999786376953,89.3499984741211,87.7751693725586,329900,LECO
2020-07-20,88.62000274658203,89.12999725341797,87.36000061035156,88.08000183105469,86.52754974365234,172300,LECO
2020-07-21,88.9000015258789,89.91999816894531,88.4000015258789,89.5999984741211,88.02075958251953,221700,LECO
2020-07-22,89.44999694824219,90.37999725341797,89.44999694824219,90.18000030517578,88.59053039550781,296700,LECO
2020-07-23,90.23999786376953,92.2300033569336,89.77999877929688,90.98999786376953,89.3862533569336,442600,LECO
2020-07-24,91.62000274658203,92.37999725341797,90.4800033569336,91.52999877929688,89.91673278808594,342900,LECO
2020-07-27,93.98999786376953,96.08999633789062,91.08999633789062,93.73999786376953,92.08778381347656,727800,LECO
2020-07-28,93.51000213623047,94.2300033569336,90.37000274658203,90.41000366210938,88.81647491455078,602000,LECO
2020-07-29,90.37000274658203,92.62000274658203,90.37000274658203,91.70999908447266,90.09356689453125,1069400,LECO
2020-07-30,90.29000091552734,90.95999908447266,89.13999938964844,90.95999908447266,89.35678100585938,328900,LECO
2020-07-31,90.95999908447266,91.83999633789062,88.37999725341797,90.38999938964844,88.79682159423828,572000,LECO
2020-08-03,91.1500015258789,92.73999786376953,90.31999969482422,91.95999908447266,90.33915710449219,342800,LECO
2020-08-04,91.6500015258789,92.45999908447266,91.26000213623047,92.27999877929688,90.65351104736328,242700,LECO
2020-08-05,92.5,93.97000122070312,92.48999786376953,93.55999755859375,91.91095733642578,174600,LECO
2020-08-06,93.93000030517578,93.93000030517578,93.13999938964844,93.4800033569336,91.8323745727539,213700,LECO
2020-08-07,93.43000030517578,95.27999877929688,93.02999877929688,95.23999786376953,93.56134033203125,222800,LECO
2020-08-10,95.5,97.3499984741211,92.33999633789062,96.81999969482422,95.1135025024414,513900,LECO
2020-08-11,97.79000091552734,98.94000244140625,92.9000015258789,98.05999755859375,96.33163452148438,415600,LECO
2020-08-12,98.88999938964844,98.88999938964844,97.51000213623047,98.12999725341797,96.40040588378906,274300,LECO
2020-08-13,97.80000305175781,97.97000122070312,96.83999633789062,97.38999938964844,95.67344665527344,197500,LECO
2020-08-14,96.16999816894531,98.05999755859375,96.04000091552734,97.44000244140625,95.72257232666016,197500,LECO
2020-08-17,97.58000183105469,98.25,96.98999786376953,97.69999694824219,95.97798156738281,135000,LECO
2020-08-18,97.4000015258789,97.79000091552734,96.58999633789062,96.66999816894531,94.96614074707031,167200,LECO
2020-08-19,97.01000213623047,97.38999938964844,95.86000061035156,96.18000030517578,94.48477935791016,206000,LECO
2020-08-20,95.0199966430664,95.98999786376953,94.6500015258789,95.58999633789062,93.9051742553711,182400,LECO
2020-08-21,95.44999694824219,96.30000305175781,95.33999633789062,96.19999694824219,94.50442504882812,176200,LECO
2020-08-24,97.1500015258789,97.91000366210938,96.61000061035156,97.16000366210938,95.447509765625,254100,LECO
2020-08-25,97.48999786376953,97.56999969482422,96.08999633789062,96.72000122070312,95.01526641845703,192200,LECO
2020-08-26,96.76000213623047,97.79000091552734,95.97000122070312,97.26000213623047,95.54573822021484,272300,LECO
2020-08-27,97.77999877929688,98.0,97.04000091552734,97.27999877929688,95.56539154052734,142000,LECO
2020-08-28,97.77999877929688,98.23999786376953,96.94999694824219,98.19999694824219,96.46916961669922,152100,LECO
2020-08-31,97.62000274658203,99.0,96.69000244140625,96.70999908447266,95.00543975830078,196200,LECO
2020-09-01,97.08000183105469,98.05999755859375,96.37000274658203,97.58000183105469,95.86009979248047,365200,LECO
2020-09-02,97.86000061035156,98.97000122070312,97.5999984741211,98.44999694824219,96.71477508544922,411500,LECO
2020-09-03,98.62000274658203,98.63999938964844,93.70999908447266,94.45999908447266,92.79509735107422,329600,LECO
2020-09-04,95.62999725341797,96.2300033569336,94.47000122070312,94.69999694824219,93.0308609008789,331300,LECO
2020-09-08,93.94000244140625,93.94000244140625,92.0999984741211,92.4800033569336,90.8499984741211,268700,LECO
2020-09-09,93.11000061035156,94.56999969482422,93.0199966430664,94.12000274658203,92.4610824584961,279700,LECO
2020-09-10,94.18000030517578,94.18000030517578,91.69999694824219,91.97000122070312,90.34898376464844,216100,LECO
2020-09-11,92.3499984741211,92.95999908447266,91.58999633789062,92.72000122070312,91.08576965332031,313300,LECO
2020-09-14,93.33999633789062,94.08999633789062,92.87999725341797,93.88999938964844,92.23513793945312,371600,LECO
2020-09-15,94.37999725341797,94.75,93.0999984741211,93.58999633789062,91.94042205810547,227000,LECO
2020-09-16,94.48999786376953,94.48999786376953,92.47000122070312,92.81999969482422,91.18399810791016,335700,LECO
2020-09-17,91.97000122070312,93.93000030517578,90.68000030517578,93.38999938964844,91.74395751953125,337100,LECO
2020-09-18,94.18000030517578,94.18000030517578,91.22000122070312,91.72000122070312,90.1033935546875,561700,LECO
2020-09-21,90.0,90.0,87.7699966430664,88.69999694824219,87.13660430908203,353300,LECO
2020-09-22,88.81999969482422,91.69000244140625,87.94999694824219,88.80999755859375,87.24468231201172,343200,LECO
2020-09-23,88.8499984741211,89.86000061035156,87.45999908447266,87.63999938964844,86.09530639648438,369000,LECO
2020-09-24,87.41999816894531,89.87000274658203,86.87999725341797,88.75,87.18572998046875,241600,LECO
2020-09-25,88.05000305175781,89.44000244140625,87.80999755859375,88.93000030517578,87.36256408691406,185000,LECO
2020-09-28,90.23999786376953,92.0999984741211,90.08000183105469,91.41999816894531,89.80867767333984,311900,LECO
2020-09-29,90.86000061035156,91.72000122070312,90.47000122070312,91.27999877929688,90.15435791015625,266400,LECO
2020-09-30,91.83000183105469,93.0199966430664,91.37999725341797,92.04000091552734,90.90499114990234,473700,LECO
2020-10-01,92.12000274658203,93.0999984741211,90.26000213623047,90.94999694824219,89.82843017578125,319400,LECO
2020-10-02,89.33000183105469,92.88999938964844,89.33000183105469,91.87999725341797,90.74696350097656,265100,LECO
2020-10-05,92.94000244140625,95.13999938964844,92.91999816894531,94.9000015258789,93.72972106933594,222800,LECO
2020-10-06,95.38999938964844,97.0199966430664,94.61000061035156,94.81999969482422,93.65070343017578,350700,LECO
2020-10-07,96.19999694824219,97.48999786376953,91.38999938964844,95.62999725341797,94.45072174072266,183800,LECO
2020-10-08,96.70999908447266,96.81999969482422,93.91000366210938,96.27999877929688,95.09269714355469,149300,LECO
2020-10-09,96.9800033569336,97.05999755859375,95.55999755859375,95.9800033569336,94.7964096069336,167800,LECO
2020-10-12,97.41000366210938,98.97000122070312,96.76000213623047,97.94999694824219,96.74211120605469,287600,LECO
2020-10-13,96.66000366210938,98.36000061035156,96.66000366210938,98.01000213623047,96.8013687133789,259500,LECO
2020-10-14,98.19000244140625,100.4000015258789,98.19000244140625,98.62999725341797,97.4137191772461,224300,LECO
2020-10-15,97.48999786376953,100.7300033569336,97.12000274658203,100.41000366210938,99.1717758178711,234100,LECO
2020-10-16,100.0199966430664,101.51000213623047,100.0199966430664,100.87999725341797,99.63597106933594,198400,LECO
2020-10-19,102.69999694824219,102.69999694824219,100.44000244140625,100.77999877929688,99.5372085571289,262200,LECO
2020-10-20,101.83999633789062,102.77999877929688,101.47000122070312,101.9800033569336,100.722412109375,227400,LECO
2020-10-21,102.63999938964844,103.62000274658203,101.44000244140625,101.66000366210938,100.40636444091797,324600,LECO
2020-10-22,102.1500015258789,104.06999969482422,102.0,103.87000274658203,102.58910369873047,232800,LECO
2020-10-23,104.8499984741211,106.19999694824219,104.19999694824219,105.54000091552734,104.23851013183594,362100,LECO
2020-10-26,104.02999877929688,104.02999877929688,102.02999877929688,102.72000122070312,101.45328521728516,389900,LECO
2020-10-27,99.6500015258789,102.2699966430664,98.98999786376953,101.58999633789062,100.33721923828125,468400,LECO
2020-10-28,100.73999786376953,101.7300033569336,99.51000213623047,100.0,98.7668228149414,474700,LECO
2020-10-29,100.30000305175781,101.66000366210938,98.54000091552734,101.31999969482422,100.07054901123047,350600,LECO
2020-10-30,100.86000061035156,101.9000015258789,100.43000030517578,101.81999969482422,100.56438446044922,465600,LECO
2020-11-02,103.25,105.3499984741211,102.66000366210938,104.93000030517578,103.63603210449219,335100,LECO
2020-11-03,105.9800033569336,108.30000305175781,105.48999786376953,107.8499984741211,106.52001953125,275800,LECO
2020-11-04,105.37000274658203,106.30000305175781,102.72000122070312,102.79000091552734,101.52242279052734,341900,LECO
2020-11-05,103.98999786376953,107.0,103.8499984741211,105.77999877929688,104.47555541992188,268000,LECO
2020-11-06,106.45999908447266,106.52999877929688,104.91000366210938,105.06999969482422,103.77430725097656,172600,LECO
2020-11-09,110.26000213623047,111.93000030517578,108.13999938964844,108.23999786376953,106.90522003173828,326400,LECO
2020-11-10,108.98999786376953,112.06999969482422,108.20999908447266,111.16999816894531,109.79907989501953,279800,LECO
2020-11-11,111.63999938964844,112.38999938964844,109.66000366210938,112.31999969482422,110.93490600585938,252800,LECO
2020-11-12,111.87999725341797,112.33999633789062,110.6500015258789,111.2300033569336,109.85834503173828,481400,LECO
2020-11-13,111.9000015258789,114.83000183105469,111.9000015258789,114.52999877929688,113.11764526367188,305100,LECO
2020-11-16,115.1500015258789,118.44000244140625,115.0199966430664,117.79000091552734,116.33744812011719,334900,LECO
2020-11-17,116.73999786376953,116.77999877929688,114.36000061035156,116.16000366210938,114.72754669189453,223400,LECO
2020-11-18,116.7699966430664,117.43000030517578,114.5,114.58999633789062,113.17691040039062,196000,LECO
2020-11-19,114.0,114.7300033569336,113.43000030517578,114.62999725341797,113.21641540527344,185700,LECO
2020-11-20,114.91999816894531,114.94000244140625,112.87000274658203,113.29000091552734,111.8929443359375,287400,LECO
2020-11-23,114.36000061035156,115.0,113.56999969482422,114.02999877929688,112.62380981445312,149600,LECO
2020-11-24,115.5999984741211,116.41000366210938,114.36000061035156,115.62999725341797,114.2040786743164,246700,LECO
2020-11-25,115.37000274658203,115.37000274658203,113.48999786376953,114.19000244140625,112.78184509277344,187300,LECO
2020-11-27,114.70999908447266,115.2300033569336,112.87000274658203,115.01000213623047,113.59173583984375,69400,LECO
2020-11-30,115.19999694824219,115.73999786376953,113.38999938964844,115.0,113.58184814453125,204500,LECO
2020-12-01,116.41000366210938,116.55000305175781,115.05000305175781,116.0,114.56951904296875,210600,LECO
2020-12-02,115.44000244140625,116.43000030517578,114.7300033569336,114.94999694824219,113.53246307373047,165800,LECO
2020-12-03,114.80000305175781,115.76000213623047,113.93000030517578,114.2300033569336,112.82135009765625,177000,LECO
2020-12-04,115.22000122070312,117.91999816894531,114.77999877929688,117.91999816894531,116.4658432006836,187900,LECO
2020-12-07,117.79000091552734,118.4800033569336,117.3499984741211,118.26000213623047,116.80165100097656,235100,LECO
2020-12-08,118.27999877929688,119.62999725341797,118.0,119.51000213623047,118.0362319946289,181800,LECO
2020-12-09,119.98999786376953,121.13999938964844,118.25,120.08999633789062,118.60907745361328,282800,LECO
2020-12-10,119.7699966430664,120.43000030517578,118.56999969482422,119.5,118.02635192871094,501500,LECO
2020-12-11,118.9000015258789,120.76000213623047,118.36000061035156,120.70999908447266,119.22144317626953,294300,LECO
2020-12-14,122.37999725341797,122.51000213623047,118.27999877929688,118.27999877929688,116.82140350341797,174000,LECO
2020-12-15,119.5199966430664,121.1500015258789,118.61000061035156,120.16000366210938,118.67822265625,169300,LECO
2020-12-16,120.5999984741211,120.5999984741211,118.4800033569336,118.98999786376953,117.52264404296875,180600,LECO
2020-12-17,119.48999786376953,119.83999633789062,118.44999694824219,119.16000366210938,117.6905517578125,193100,LECO
2020-12-18,119.54000091552734,120.13999938964844,117.6500015258789,118.72000122070312,117.2559814453125,565700,LECO
2020-12-21,117.30999755859375,119.0999984741211,116.0199966430664,118.81999969482422,117.35474395751953,301700,LECO
2020-12-22,118.87999725341797,119.41000366210938,118.05999755859375,118.38999938964844,116.9300537109375,106300,LECO
2020-12-23,119.2300033569336,119.44000244140625,118.05999755859375,118.8499984741211,117.3843765258789,152200,LECO
2020-12-24,119.62000274658203,119.62000274658203,117.75,118.80999755859375,117.3448715209961,72200,LECO
2020-12-28,119.06999969482422,119.51000213623047,117.38999938964844,117.94999694824219,116.49546813964844,178300,LECO
2020-12-29,118.08999633789062,118.6500015258789,114.63999938964844,116.0,114.56951904296875,179500,LECO
2020-12-30,115.87999725341797,117.43000030517578,115.87999725341797,116.5999984741211,115.67066955566406,127800,LECO
2020-12-31,116.8499984741211,117.4800033569336,115.66000366210938,116.25,115.32347106933594,195200,LECO
2021-01-04,116.69000244140625,116.87999725341797,112.68000030517578,113.7300033569336,112.82355499267578,234300,LECO
2021-01-05,113.7300033569336,115.7300033569336,113.7300033569336,115.05000305175781,114.1330337524414,207100,LECO
2021-01-06,116.76000213623047,121.5199966430664,116.76000213623047,120.66000366210938,119.69831848144531,386800,LECO
2021-01-07,121.08999633789062,123.01000213623047,119.9800033569336,122.52999877929688,121.55340576171875,236100,LECO
2021-01-08,122.5199966430664,123.0,119.3499984741211,121.5,120.53162384033203,183500,LECO
2021-01-11,120.73999786376953,122.19999694824219,120.41000366210938,121.94999694824219,120.97803497314453,179700,LECO
2021-01-12,122.44999694824219,123.41999816894531,121.16000366210938,121.80000305175781,120.82923126220703,132600,LECO
2021-01-13,121.66000366210938,121.66000366210938,118.69999694824219,118.80000305175781,117.85314178466797,172400,LECO
2021-01-14,118.93000030517578,120.05999755859375,118.08999633789062,118.47000122070312,117.52577209472656,168800,LECO
2021-01-15,117.58999633789062,121.13999938964844,114.80999755859375,118.25,117.30752563476562,404800,LECO
2021-01-19,119.54000091552734,121.19000244140625,119.2699966430664,119.98999786376953,119.03365325927734,366800,LECO
2021-01-20,119.75,122.4800033569336,119.31999969482422,122.13999938964844,121.16651916503906,276600,LECO
2021-01-21,122.44999694824219,122.44999694824219,120.48999786376953,120.9800033569336,120.0157699584961,174500,LECO
2021-01-22,120.69000244140625,123.73999786376953,119.87999725341797,123.4000015258789,122.41647338867188,299800,LECO
2021-01-25,122.81999969482422,125.23999786376953,121.0199966430664,121.47000122070312,120.50186157226562,319500,LECO
2021-01-26,121.94000244140625,121.94000244140625,118.08999633789062,119.1500015258789,118.20035552978516,246500,LECO
2021-01-27,117.20999908447266,119.19999694824219,114.62999725341797,117.47000122070312,116.53373718261719,316300,LECO
2021-01-28,118.98999786376953,119.52999877929688,117.0,117.22000122070312,116.28572845458984,274700,LECO
2021-01-29,116.91000366210938,117.22000122070312,113.91000366210938,114.5,113.58740997314453,618600,LECO
2021-02-01,116.70999908447266,117.06999969482422,113.72000122070312,115.77999877929688,114.85721588134766,215800,LECO
2021-02-02,116.41000366210938,117.47000122070312,115.1500015258789,116.83999633789062,115.90876007080078,220500,LECO
2021-02-03,116.94000244140625,116.94000244140625,115.18000030517578,115.8499984741211,114.92665100097656,140700,LECO
2021-02-04,116.12000274658203,117.08999633789062,114.06999969482422,114.33000183105469,113.41876983642578,354900,LECO
2021-02-05,114.98999786376953,115.86000061035156,113.86000061035156,115.20999908447266,114.291748046875,419700,LECO
2021-02-08,117.51000213623047,117.51000213623047,115.52999877929688,116.18000030517578,115.25402069091797,377300,LECO
2021-02-09,116.2699966430664,116.44999694824219,114.38999938964844,115.51000213623047,114.58936309814453,283700,LECO
2021-02-10,115.9800033569336,117.2300033569336,115.75,116.69000244140625,115.75996398925781,201100,LECO
2021-02-11,117.12000274658203,117.54000091552734,114.5,116.36000061035156,115.43258666992188,354700,LECO
2021-02-12,114.37999725341797,116.01000213623047,110.5199966430664,115.75,114.82745361328125,461000,LECO
2021-02-16,117.02999877929688,117.72000122070312,114.79000091552734,116.56999969482422,115.64091491699219,262100,LECO
2021-02-17,116.0199966430664,116.80000305175781,114.12000274658203,114.2699966430664,113.35923767089844,256100,LECO
2021-02-18,114.33000183105469,114.91000366210938,112.44000244140625,113.20999908447266,112.30769348144531,219500,LECO
2021-02-19,114.30000305175781,116.13999938964844,114.30000305175781,115.41000366210938,114.49015808105469,200100,LECO
2021-02-22,114.80999755859375,117.4000015258789,114.66999816894531,116.12999725341797,115.20441436767578,255400,LECO
2021-02-23,115.8499984741211,117.44999694824219,115.25,117.06999969482422,116.13693237304688,202400,LECO
2021-02-24,116.66999816894531,119.58999633789062,116.1500015258789,119.12999725341797,118.18051147460938,179400,LECO
2021-02-25,118.66999816894531,119.5,117.23999786376953,117.62999725341797,116.69245910644531,131600,LECO
2021-02-26,117.75,119.88999938964844,116.94999694824219,118.11000061035156,117.16864013671875,344500,LECO
2021-03-01,119.88999938964844,121.62999725341797,119.88999938964844,120.36000061035156,119.40071105957031,203800,LECO
2021-03-02,120.11000061035156,120.12000274658203,118.58999633789062,119.4800033569336,118.52771759033203,153200,LECO
2021-03-03,119.83000183105469,121.23999786376953,118.7300033569336,119.52999877929688,118.57731628417969,148500,LECO
2021-03-04,119.94999694824219,119.94999694824219,113.91999816894531,115.19999694824219,114.28182983398438,261500,LECO
2021-03-05,116.08000183105469,119.94000244140625,114.48999786376953,119.68000030517578,118.72612762451172,240000,LECO
2021-03-08,120.56999969482422,123.0999984741211,119.12999725341797,121.83000183105469,120.85899353027344,220900,LECO
2021-03-09,122.69000244140625,122.72000122070312,119.36000061035156,119.44999694824219,118.49796295166016,195300,LECO
2021-03-10,120.97000122070312,121.98999786376953,119.48999786376953,121.3499984741211,120.3828125,194400,LECO
2021-03-11,121.87999725341797,123.25,120.91000366210938,122.37999725341797,121.40460968017578,207700,LECO
2021-03-12,122.66999816894531,123.83999633789062,121.98999786376953,123.54000091552734,122.55536651611328,174300,LECO
2021-03-15,123.62000274658203,126.81999969482422,122.62999725341797,126.63999938964844,125.63065338134766,297200,LECO
2021-03-16,126.20999908447266,126.5199966430664,123.01000213623047,124.7300033569336,123.73587799072266,251400,LECO
2021-03-17,123.7699966430664,126.29000091552734,122.80000305175781,125.95999908447266,124.95606994628906,231700,LECO
2021-03-18,126.08999633789062,129.0399932861328,125.43000030517578,125.56999969482422,124.56918334960938,171900,LECO
2021-03-19,125.02999877929688,126.0,123.58999633789062,124.0,123.0116958618164,505500,LECO
2021-03-22,124.4800033569336,124.4800033569336,121.95999908447266,123.69000244140625,122.70417022705078,144800,LECO
2021-03-23,122.79000091552734,123.7300033569336,120.5199966430664,120.76000213623047,119.79752349853516,172100,LECO
2021-03-24,121.69000244140625,123.73999786376953,120.5199966430664,121.76000213623047,120.78955078125,181000,LECO
2021-03-25,121.12000274658203,123.68000030517578,118.62999725341797,122.98999786376953,122.0097427368164,169900,LECO
2021-03-26,123.63999938964844,125.31999969482422,122.75,124.58000183105469,123.58707427978516,175800,LECO
2021-03-29,124.55999755859375,125.98999786376953,120.06999969482422,123.72000122070312,122.73393249511719,168300,LECO
2021-03-30,123.58000183105469,124.94999694824219,122.93000030517578,124.16999816894531,123.69021606445312,174100,LECO
2021-03-31,124.19999694824219,125.69000244140625,122.48999786376953,122.94000244140625,122.46497344970703,283300,LECO
2021-04-01,123.37999725341797,123.75,122.30999755859375,123.70999908447266,123.23199462890625,201200,LECO
2021-04-05,124.25,125.0,123.19000244140625,124.45999908447266,123.97909545898438,170900,LECO
2021-04-06,124.80999755859375,125.18000030517578,123.6500015258789,123.88999938964844,123.41130065917969,251100,LECO
2021-04-07,124.01000213623047,124.01000213623047,121.18000030517578,121.5999984741211,121.13014221191406,152800,LECO
2021-04-08,121.5999984741211,121.61000061035156,119.62000274658203,120.43000030517578,119.96466827392578,233700,LECO
2021-04-09,120.66999816894531,122.4000015258789,120.4000015258789,122.13999938964844,121.66806030273438,155100,LECO
2021-04-12,122.51000213623047,122.6500015258789,121.29000091552734,122.55999755859375,122.08643341064453,172600,LECO
2021-04-13,122.5,123.47000122070312,119.68000030517578,120.2300033569336,119.76544189453125,139900,LECO
2021-04-14,120.77999877929688,123.2300033569336,120.58000183105469,122.58000183105469,122.10636138916016,186400,LECO
2021-04-15,122.77999877929688,123.2300033569336,121.80999755859375,123.05999755859375,122.58450317382812,179500,LECO
2021-04-16,123.7699966430664,125.06999969482422,123.01000213623047,123.76000213623047,123.28179931640625,258000,LECO
2021-04-19,123.91000366210938,125.37999725341797,123.16999816894531,125.29000091552734,124.8058853149414,249100,LECO
2021-04-20,125.2300033569336,126.33000183105469,123.77999877929688,124.52999877929688,124.04882049560547,241700,LECO
2021-04-21,124.7300033569336,127.25,124.7300033569336,125.9800033569336,125.49322509765625,225200,LECO
2021-04-22,126.18000030517578,126.8499984741211,124.94000244140625,125.19000244140625,124.7062759399414,134500,LECO
2021-04-23,125.19000244140625,127.44999694824219,125.13999938964844,126.4800033569336,125.99129486083984,203900,LECO
2021-04-26,127.37000274658203,128.99000549316406,126.30999755859375,126.8499984741211,126.35985565185547,288200,LECO
2021-04-27,126.8499984741211,130.14999389648438,125.58999633789062,129.63999938964844,129.1390838623047,447700,LECO
2021-04-28,131.99000549316406,131.99000549316406,129.50999450683594,130.27000427246094,129.7666473388672,392200,LECO
2021-04-29,130.60000610351562,132.72999572753906,130.3699951171875,132.14999389648438,131.63937377929688,316500,LECO
2021-04-30,131.69000244140625,132.13999938964844,127.56999969482422,128.0500030517578,127.55522918701172,460300,LECO
2021-05-03,128.77000427246094,130.75,127.68000030517578,129.52999877929688,129.02951049804688,210400,LECO
2021-05-04,128.8300018310547,132.14999389648438,128.8300018310547,131.82000732421875,131.3106689453125,237600,LECO
2021-05-05,132.22999572753906,132.77000427246094,130.77999877929688,131.97000122070312,131.4600830078125,178600,LECO
2021-05-06,132.77999877929688,133.6199951171875,131.5500030517578,133.61000061035156,133.09373474121094,154700,LECO
2021-05-07,132.82000732421875,135.02999877929688,131.97000122070312,133.89999389648438,133.3826141357422,212000,LECO
2021-05-10,134.75,136.0399932861328,134.07000732421875,134.89999389648438,134.37875366210938,183600,LECO
2021-05-11,132.86000061035156,133.9499969482422,131.35000610351562,132.1199951171875,131.6094970703125,184000,LECO
2021-05-12,131.27999877929688,132.42999267578125,126.98999786376953,127.1500015258789,126.65869903564453,207900,LECO
2021-05-13,127.1500015258789,131.92999267578125,127.13999938964844,131.4499969482422,130.94207763671875,253700,LECO
2021-05-14,132.41000366210938,133.74000549316406,131.42999267578125,132.2899932861328,131.77883911132812,157000,LECO
2021-05-17,132.25999450683594,132.47999572753906,130.3300018310547,131.13999938964844,130.63328552246094,138100,LECO
2021-05-18,130.94000244140625,131.41000366210938,128.36000061035156,128.3699951171875,127.87398529052734,171800,LECO
2021-05-19,127.4000015258789,128.3699951171875,125.5199966430664,128.3699951171875,127.87398529052734,220700,LECO
2021-05-20,128.22999572753906,128.7100067138672,127.7300033569336,127.91999816894531,127.42572784423828,152000,LECO
2021-05-21,128.8300018310547,129.07000732421875,127.43000030517578,128.16000366210938,127.66480255126953,143000,LECO
2021-05-24,129.27000427246094,129.27000427246094,127.83000183105469,128.6199951171875,128.12301635742188,142200,LECO
2021-05-25,128.49000549316406,129.91000366210938,127.19999694824219,127.25,126.75831604003906,163400,LECO
2021-05-26,127.22000122070312,128.3000030517578,126.55000305175781,128.3000030517578,127.80426025390625,155800,LECO
2021-05-27,128.8000030517578,129.52999877929688,128.36000061035156,129.05999755859375,128.5613250732422,273100,LECO
2021-05-28,129.30999755859375,129.75999450683594,128.36000061035156,128.5800018310547,128.0831756591797,163500,LECO
2021-06-01,129.75999450683594,131.4600067138672,128.0800018310547,130.94000244140625,130.43406677246094,211300,LECO
2021-06-02,130.97999572753906,132.1300048828125,129.10000610351562,129.30999755859375,128.8103485107422,137100,LECO
2021-06-03,129.33999633789062,130.25,127.4000015258789,129.9199981689453,129.41799926757812,142900,LECO
2021-06-04,130.25,131.41000366210938,129.7100067138672,130.77000427246094,130.2647247314453,90900,LECO
2021-06-07,130.7100067138672,131.85000610351562,128.63999938964844,128.8699951171875,128.37205505371094,116400,LECO
2021-06-08,128.6300048828125,130.49000549316406,127.4000015258789,130.3699951171875,129.8662567138672,147700,LECO
2021-06-09,130.0399932861328,130.25999450683594,128.39999389648438,128.88999938964844,128.39198303222656,91900,LECO
2021-06-10,129.4499969482422,129.91000366210938,128.41000366210938,128.52999877929688,128.0333709716797,128900,LECO
2021-06-11,129.16000366210938,129.5800018310547,128.02999877929688,128.88999938964844,128.39198303222656,119100,LECO
2021-06-14,128.7100067138672,128.7100067138672,126.0,126.61000061035156,126.12078857421875,224600,LECO
2021-06-15,126.44999694824219,128.22000122070312,126.2699966430664,127.98999786376953,127.49545288085938,162200,LECO
2021-06-16,127.4000015258789,127.66000366210938,125.69999694824219,125.88999938964844,125.40357208251953,133700,LECO
2021-06-17,126.11000061035156,126.11000061035156,121.66000366210938,123.47000122070312,122.992919921875,186100,LECO
2021-06-18,122.33000183105469,125.18000030517578,121.80000305175781,123.63999938964844,123.16226196289062,646000,LECO
2021-06-21,124.66000366210938,127.9000015258789,123.68000030517578,127.69000244140625,127.19661712646484,319000,LECO
2021-06-22,129.17999267578125,129.49000549316406,127.16000366210938,128.80999755859375,128.31228637695312,328700,LECO
2021-06-23,129.05999755859375,130.6699981689453,128.42999267578125,129.94000244140625,129.43792724609375,234000,LECO
2021-06-24,130.6999969482422,132.3699951171875,130.0500030517578,131.99000549316406,131.48001098632812,282100,LECO
2021-06-25,132.0,133.07000732421875,131.41000366210938,132.16000366210938,131.64935302734375,1045300,LECO
2021-06-28,132.16000366210938,133.00999450683594,130.61000061035156,131.99000549316406,131.48001098632812,218500,LECO
2021-06-29,131.97999572753906,132.5500030517578,131.0800018310547,132.0800018310547,132.0800018310547,327600,LECO
2021-06-30,131.57000732421875,132.07000732421875,130.0500030517578,131.7100067138672,131.7100067138672,402800,LECO
2021-07-01,132.36000061035156,133.11000061035156,131.8800048828125,132.27000427246094,132.27000427246094,392200,LECO
2021-07-02,132.36000061035156,134.7100067138672,131.86000061035156,134.52000427246094,134.52000427246094,288700,LECO
2021-07-06,134.33999633789062,134.33999633789062,132.6199951171875,133.39999389648438,133.39999389648438,458200,LECO
2021-07-07,132.91000366210938,134.99000549316406,132.6300048828125,134.52999877929688,134.52999877929688,175400,LECO
2021-07-08,132.64999389648438,133.94000244140625,131.1199951171875,132.83999633789062,132.83999633789062,229500,LECO
2021-07-09,134.11000061035156,135.39999389648438,133.94000244140625,134.6999969482422,134.6999969482422,178600,LECO
2021-07-12,134.0399932861328,135.80999755859375,133.4199981689453,135.75,135.75,181100,LECO
2021-07-13,135.67999267578125,135.85000610351562,134.3300018310547,134.80999755859375,134.80999755859375,151700,LECO
2021-07-14,135.2899932861328,135.9600067138672,133.42999267578125,134.66000366210938,134.66000366210938,162800,LECO
2021-07-15,133.8699951171875,135.77000427246094,133.4499969482422,135.13999938964844,135.13999938964844,142200,LECO
2021-07-16,135.99000549316406,135.99000549316406,134.0,134.2899932861328,134.2899932861328,189800,LECO
2021-07-19,132.32000732421875,134.25,129.94000244140625,131.25,131.25,239200,LECO
2021-07-20,131.91000366210938,135.75,131.91000366210938,135.05999755859375,135.05999755859375,266100,LECO
2021-07-21,135.58999633789062,137.19000244140625,134.66000366210938,135.72999572753906,135.72999572753906,180500,LECO
2021-07-22,135.97999572753906,136.17999267578125,133.6300048828125,134.6199951171875,134.6199951171875,139200,LECO
2021-07-23,135.33999633789062,136.00999450683594,133.99000549316406,135.91000366210938,135.91000366210938,188600,LECO
2021-07-26,136.25999450683594,137.64999389648438,134.33999633789062,137.24000549316406,137.24000549316406,297900,LECO
2021-07-27,135.91000366210938,136.14999389648438,132.50999450683594,135.80999755859375,135.80999755859375,410600,LECO
2021-07-28,136.8300018310547,137.22000122070312,135.0,136.72999572753906,136.72999572753906,254800,LECO
2021-07-29,137.80999755859375,139.60000610351562,136.99000549316406,138.50999450683594,138.50999450683594,225500,LECO
2021-07-30,137.8300018310547,140.0,137.5500030517578,139.42999267578125,139.42999267578125,529500,LECO
2021-08-02,140.25,141.1199951171875,137.3000030517578,137.42999267578125,137.42999267578125,284900,LECO
2021-08-03,138.22999572753906,139.61000061035156,136.24000549316406,139.58999633789062,139.58999633789062,218000,LECO
2021-08-04,139.05999755859375,139.94000244140625,137.0800018310547,137.19000244140625,137.19000244140625,132000,LECO
2021-08-05,138.41000366210938,138.97000122070312,137.42999267578125,138.80999755859375,138.80999755859375,169700,LECO
2021-08-06,139.33999633789062,140.1300048828125,138.3800048828125,139.50999450683594,139.50999450683594,209400,LECO
2021-08-09,143.25999450683594,143.25999450683594,138.25999450683594,139.75,139.75,175700,LECO
2021-08-10,140.27999877929688,143.0800018310547,139.8000030517578,141.9499969482422,141.9499969482422,233900,LECO
2021-08-11,142.6199951171875,143.16000366210938,141.6999969482422,142.60000610351562,142.60000610351562,174600,LECO
2021-08-12,143.0399932861328,143.27000427246094,141.99000549316406,142.5500030517578,142.5500030517578,148000,LECO
2021-08-13,142.49000549316406,143.3000030517578,141.75,141.85000610351562,141.85000610351562,171000,LECO
2021-08-16,141.6300048828125,142.2100067138672,140.6300048828125,141.58999633789062,141.58999633789062,152200,LECO
2021-08-17,140.80999755859375,140.86000061035156,138.4600067138672,140.10000610351562,140.10000610351562,134400,LECO
2021-08-18,139.41000366210938,140.22999572753906,137.69000244140625,137.75999450683594,137.75999450683594,121100,LECO
2021-08-19,136.17999267578125,137.5,135.60000610351562,136.57000732421875,136.57000732421875,155600,LECO
2021-08-20,136.52999877929688,137.4499969482422,136.10000610351562,136.35000610351562,136.35000610351562,193700,LECO
2021-08-23,136.11000061035156,137.5800018310547,136.11000061035156,136.8300018310547,136.8300018310547,193400,LECO
2021-08-24,137.27000427246094,138.5800018310547,136.97999572753906,138.3300018310547,138.3300018310547,165300,LECO
2021-08-25,138.14999389648438,139.97999572753906,137.7100067138672,138.75,138.75,161000,LECO
2021-08-26,139.00999450683594,139.19000244140625,137.7899932861328,138.19000244140625,138.19000244140625,119700,LECO
2021-08-27,138.7899932861328,140.83999633789062,138.66000366210938,140.36000061035156,140.36000061035156,197400,LECO
2021-08-30,140.6199951171875,141.69000244140625,140.1999969482422,141.4600067138672,141.4600067138672,118900,LECO
2021-08-31,141.4600067138672,141.6300048828125,139.22000122070312,139.61000061035156,139.61000061035156,152300,LECO
2021-09-01,140.19000244140625,140.19000244140625,136.24000549316406,137.1300048828125,137.1300048828125,246300,LECO
2021-09-02,137.77999877929688,138.4199981689453,136.72999572753906,137.8000030517578,137.8000030517578,144000,LECO
2021-09-03,137.42999267578125,138.0,136.1999969482422,136.3800048828125,136.3800048828125,83300,LECO
2021-09-07,135.89999389648438,135.89999389648438,133.47999572753906,134.05999755859375,134.05999755859375,185900,LECO
2021-09-08,133.89999389648438,136.17999267578125,133.66000366210938,135.6699981689453,135.6699981689453,264600,LECO
2021-09-09,135.38999938964844,136.5399932861328,133.55999755859375,134.2100067138672,134.2100067138672,145500,LECO
2021-09-10,135.0500030517578,135.69000244140625,133.3300018310547,133.3300018310547,133.3300018310547,169600,LECO
2021-09-13,134.47999572753906,134.47999572753906,132.1999969482422,134.1199951171875,134.1199951171875,159100,LECO
2021-09-14,134.69000244140625,134.88999938964844,130.85000610351562,131.3800048828125,131.3800048828125,287300,LECO
2021-09-15,131.55999755859375,134.50999450683594,131.22999572753906,134.4499969482422,134.4499969482422,269400,LECO
2021-09-16,134.99000549316406,135.36000061035156,132.57000732421875,133.42999267578125,133.42999267578125,184700,LECO
2021-09-17,133.8300018310547,133.8300018310547,131.5800018310547,132.5,132.5,626000,LECO
2021-09-20,130.1999969482422,131.3300018310547,128.72000122070312,131.16000366210938,131.16000366210938,261900,LECO
2021-09-21,131.64999389648438,131.83999633789062,129.80999755859375,130.52000427246094,130.52000427246094,181900,LECO
2021-09-22,131.27000427246094,133.02000427246094,131.27000427246094,132.02000427246094,132.02000427246094,185100,LECO
2021-09-23,132.72999572753906,134.3699951171875,131.74000549316406,133.6199951171875,133.6199951171875,304500,LECO
2021-09-24,133.3300018310547,133.97999572753906,133.02999877929688,133.14999389648438,133.14999389648438,158200,LECO
2021-09-27,133.02999877929688,134.88999938964844,133.02999877929688,133.6300048828125,133.6300048828125,166900,LECO
2021-09-28,133.4199981689453,133.75,130.6999969482422,131.72000122070312,131.72000122070312,198600,LECO
2021-09-29,131.8000030517578,132.85000610351562,130.16000366210938,132.13999938964844,132.13999938964844,170900,LECO
2021-09-30,132.80999755859375,133.77000427246094,128.5399932861328,128.7899932861328,128.7899932861328,414300,LECO
2021-10-01,129.05999755859375,131.17999267578125,127.9000015258789,130.63999938964844,130.63999938964844,289600,LECO
2021-10-04,130.52999877929688,132.8800048828125,129.77999877929688,132.24000549316406,132.24000549316406,234100,LECO
2021-10-05,132.86000061035156,134.80999755859375,131.75999450683594,134.24000549316406,134.24000549316406,229400,LECO
2021-10-06,133.36000061035156,134.58999633789062,130.9499969482422,134.4199981689453,134.4199981689453,212400,LECO
2021-10-07,135.17999267578125,136.9199981689453,135.17999267578125,136.00999450683594,136.00999450683594,141000,LECO
2021-10-08,136.24000549316406,136.5800018310547,134.6300048828125,135.72999572753906,135.72999572753906,155900,LECO
2021-10-11,135.4199981689453,135.97999572753906,133.22000122070312,133.3000030517578,133.3000030517578,128100,LECO
2021-10-12,133.36000061035156,134.30999755859375,131.6699981689453,131.8300018310547,131.8300018310547,146400,LECO
2021-10-13,132.11000061035156,133.22999572753906,131.10000610351562,132.47000122070312,132.47000122070312,149500,LECO
2021-10-14,133.33999633789062,136.7100067138672,133.05999755859375,136.39999389648438,136.39999389648438,135900,LECO
2021-10-15,137.35000610351562,139.22999572753906,135.49000549316406,138.80999755859375,138.80999755859375,175800,LECO
2021-10-18,138.5,139.94000244140625,137.39999389648438,139.5500030517578,139.5500030517578,190900,LECO
2021-10-19,139.1999969482422,140.44000244140625,138.9499969482422,140.11000061035156,140.11000061035156,114600,LECO
2021-10-20,140.8000030517578,144.9199981689453,140.00999450683594,144.57000732421875,144.57000732421875,295900,LECO
2021-10-21,143.94000244140625,145.7100067138672,143.0800018310547,145.69000244140625,145.69000244140625,164000,LECO
2021-10-22,146.4499969482422,147.02999877929688,144.32000732421875,144.50999450683594,144.50999450683594,145900,LECO
2021-10-25,144.07000732421875,146.2899932861328,143.41000366210938,145.61000061035156,145.61000061035156,214300,LECO
2021-10-26,146.02999877929688,147.0800018310547,144.7100067138672,145.5399932861328,145.5399932861328,227600,LECO
2021-10-27,145.30999755859375,146.35000610351562,143.8800048828125,143.94000244140625,143.94000244140625,303800,LECO
2021-10-28,143.55999755859375,143.57000732421875,138.47000122070312,140.39999389648438,140.39999389648438,304400,LECO
2021-10-29,141.02999877929688,143.22999572753906,140.1199951171875,142.39999389648438,142.39999389648438,354600,LECO
2021-11-01,142.82000732421875,144.3800048828125,140.94000244140625,142.91000366210938,142.91000366210938,234300,LECO
2021-11-02,142.92999267578125,144.86000061035156,141.74000549316406,144.0399932861328,144.0399932861328,202500,LECO
2021-11-03,143.74000549316406,144.00999450683594,139.9600067138672,141.42999267578125,141.42999267578125,200700,LECO
2021-11-04,141.8699951171875,143.92999267578125,141.27000427246094,142.2899932861328,142.2899932861328,156300,LECO
2021-11-05,143.6999969482422,144.3699951171875,142.64999389648438,143.30999755859375,143.30999755859375,150300,LECO
2021-11-08,143.82000732421875,144.44000244140625,142.69000244140625,144.0,144.0,176900,LECO
2021-11-09,144.02999877929688,144.7100067138672,142.4600067138672,144.00999450683594,144.00999450683594,124000,LECO
2021-11-10,143.72999572753906,144.60000610351562,142.92999267578125,143.38999938964844,143.38999938964844,93100,LECO
2021-11-11,143.85000610351562,143.85000610351562,142.27999877929688,142.8300018310547,142.8300018310547,84300,LECO
2021-11-12,143.1300048828125,144.5,142.22999572753906,144.27000427246094,144.27000427246094,82300,LECO
2021-11-15,145.1699981689453,145.82000732421875,143.6999969482422,145.7100067138672,145.7100067138672,115900,LECO
2021-11-16,145.85000610351562,146.8800048828125,144.77000427246094,145.39999389648438,145.39999389648438,152000,LECO
2021-11-17,145.38999938964844,145.80999755859375,143.6999969482422,145.60000610351562,145.60000610351562,118700,LECO
2021-11-18,145.6300048828125,146.6300048828125,144.5399932861328,144.6699981689453,144.6699981689453,153000,LECO
2021-11-19,144.85000610351562,147.42999267578125,144.85000610351562,146.0399932861328,146.0399932861328,207600,LECO
2021-11-22,146.8300018310547,148.5399932861328,145.24000549316406,145.61000061035156,145.61000061035156,227300,LECO
2021-11-23,145.85000610351562,146.5,144.27999877929688,145.72000122070312,145.72000122070312,143600,LECO
2021-11-24,145.08999633789062,146.1999969482422,144.4600067138672,145.33999633789062,145.33999633789062,85600,LECO
2021-11-26,141.5,141.8699951171875,140.0,140.2100067138672,140.2100067138672,103100,LECO
2021-11-29,141.63999938964844,141.63999938964844,138.3300018310547,139.86000061035156,139.86000061035156,115300,LECO
2021-11-30,138.63999938964844,138.63999938964844,134.1999969482422,134.9600067138672,134.9600067138672,218100,LECO
2021-12-01,137.1199951171875,139.99000549316406,131.97000122070312,132.14999389648438,132.14999389648438,313100,LECO
2021-12-02,132.8699951171875,136.64999389648438,131.92999267578125,135.6199951171875,135.6199951171875,157600,LECO
2021-12-03,135.27999877929688,139.8800048828125,133.11000061035156,134.63999938964844,134.63999938964844,125200,LECO
2021-12-06,136.52999877929688,139.89999389648438,135.47000122070312,136.0399932861328,136.0399932861328,218400,LECO
2021-12-07,137.2100067138672,138.05999755859375,135.60000610351562,136.00999450683594,136.00999450683594,191900,LECO
2021-12-08,136.42999267578125,138.00999450683594,135.50999450683594,136.5500030517578,136.5500030517578,124200,LECO
2021-12-09,135.5800018310547,137.3000030517578,134.8800048828125,135.91000366210938,135.91000366210938,159500,LECO
2021-12-10,136.63999938964844,138.11000061035156,135.2100067138672,135.97999572753906,135.97999572753906,119500,LECO
2021-12-13,135.32000732421875,136.02999877929688,133.35000610351562,133.60000610351562,133.60000610351562,239600,LECO
2021-12-14,132.7100067138672,134.2899932861328,132.1300048828125,132.74000549316406,132.74000549316406,271200,LECO
2021-12-15,133.27999877929688,134.42999267578125,131.9199981689453,134.08999633789062,134.08999633789062,274600,LECO
2021-12-16,134.25999450683594,135.57000732421875,133.17999267578125,134.7100067138672,134.7100067138672,344600,LECO
2021-12-17,133.80999755859375,137.8800048828125,133.60000610351562,135.17999267578125,135.17999267578125,1156800,LECO
2021-12-20,133.75999450683594,134.0399932861328,129.6199951171875,131.41000366210938,131.41000366210938,403400,LECO
2021-12-21,132.7100067138672,135.7899932861328,131.69000244140625,135.25,135.25,179100,LECO
2021-12-22,135.3699951171875,136.19000244140625,134.3800048828125,135.7899932861328,135.7899932861328,128100,LECO
2021-12-23,136.5800018310547,138.0,136.5800018310547,137.55999755859375,137.55999755859375,122400,LECO
2021-12-27,137.8300018310547,139.6300048828125,136.99000549316406,139.5399932861328,139.5399932861328,122200,LECO
2021-12-28,139.25999450683594,140.7899932861328,139.25999450683594,140.25999450683594,140.25999450683594,97600,LECO
2021-12-29,139.9499969482422,141.8000030517578,139.9499969482422,140.94000244140625,140.94000244140625,146500,LECO
2021-12-30,140.77000427246094,141.32000732421875,139.02999877929688,139.17999267578125,139.17999267578125,147900,LECO
