Date,Open,High,Low,Close,Adj Close,Volume,ticker
2007-01-03,33.748165130615234,34.07371139526367,33.53113555908203,33.73830032348633,28.317100524902344,13562595,DIS
2007-01-04,33.73830032348633,34.08357620239258,33.70870590209961,34.00465393066406,28.5406494140625,9806285,DIS
2007-01-05,33.80735397338867,33.975059509277344,33.53113555908203,33.72843551635742,28.308815002441406,10551445,DIS
2007-01-08,33.72843551635742,34.16249465942383,33.61005401611328,34.03424835205078,28.565488815307617,9479676,DIS
2007-01-09,34.03424835205078,34.221683502197266,33.491676330566406,33.98492431640625,28.524089813232422,11588444,DIS
2007-01-10,33.6889762878418,34.08357620239258,33.521270751953125,34.024383544921875,28.557209014892578,7305525,DIS
2007-01-11,34.1230354309082,34.55709457397461,33.98492431640625,34.517635345458984,28.971200942993164,12361379,DIS
2007-01-12,34.517635345458984,34.81358337402344,34.37952423095703,34.73466491699219,29.153358459472656,12022301,DIS
2007-01-16,34.5373649597168,34.67547607421875,34.418983459472656,34.55709457397461,29.00432014465332,11147897,DIS
2007-01-17,34.52750015258789,34.823448181152344,34.42884826660156,34.77412414550781,29.186477661132812,9946173,DIS
2007-01-18,34.823448181152344,35.4449462890625,34.77412414550781,35.366024017333984,29.683271408081055,16723872,DIS
2007-01-19,35.4449462890625,35.484405517578125,35.00101852416992,35.020748138427734,29.393474578857422,12621186,DIS
2007-01-22,34.9714241027832,35.00101852416992,34.57682418823242,34.67547607421875,29.10367774963379,8841662,DIS
2007-01-23,34.5472297668457,35.15885925292969,34.52750015258789,35.09967041015625,29.459714889526367,11278865,DIS
2007-01-24,35.09967041015625,35.26737594604492,34.793853759765625,34.87277603149414,29.269285202026367,10761683,DIS
2007-01-25,34.87277603149414,34.941829681396484,34.40911865234375,34.46831130981445,28.9298095703125,9584693,DIS
2007-01-26,34.52750015258789,34.596553802490234,34.00465393066406,34.08357620239258,28.606891632080078,10533604,DIS
2007-01-29,34.03424835205078,34.596553802490234,33.975059509277344,34.21181869506836,28.714527130126953,11190370,DIS
2007-01-30,34.172359466552734,34.61628341674805,34.15262985229492,34.566959381103516,29.01260757446289,6639736,DIS
2007-01-31,34.665611267089844,34.78398895263672,34.5373649597168,34.69520568847656,29.1202449798584,9058895,DIS
2007-02-01,34.61628341674805,34.67547607421875,34.418983459472656,34.5373649597168,28.987764358520508,8158236,DIS
2007-02-02,34.5472297668457,34.90237045288086,34.52750015258789,34.70507049560547,29.128530502319336,7773239,DIS
2007-02-05,34.92210006713867,35.01088333129883,34.67547607421875,34.78398895263672,29.194759368896484,8992296,DIS
2007-02-06,34.93196487426758,34.98128890991211,34.60641860961914,34.714935302734375,29.136804580688477,7906944,DIS
2007-02-07,34.87277603149414,35.109535217285156,34.72480010986328,35.00101852416992,29.376911163330078,12159250,DIS
2007-02-08,35.55345916748047,35.602783203125,34.47817611694336,34.81358337402344,29.219600677490234,20736442,DIS
2007-02-09,34.72480010986328,34.823448181152344,33.46207809448242,33.896141052246094,28.449573516845703,19246224,DIS
2007-02-12,34.063846588134766,34.19208908081055,33.31410598754883,33.46207809448242,28.085264205932617,18015509,DIS
2007-02-13,33.61005401611328,34.15262985229492,33.471946716308594,34.1230354309082,28.640012741088867,13023822,DIS
2007-02-14,34.1131706237793,34.34992980957031,34.05398178100586,34.28087615966797,28.77248764038086,11996452,DIS
2007-02-15,34.23154830932617,34.261146545410156,33.70870590209961,34.20195388793945,28.706249237060547,11198682,DIS
2007-02-16,34.21181869506836,34.438716888427734,33.945465087890625,34.418983459472656,28.888402938842773,9634871,DIS
2007-02-20,34.34992980957031,34.65574645996094,34.20195388793945,34.57682418823242,29.02088165283203,8818246,DIS
2007-02-21,34.35979461669922,34.764259338378906,34.28087615966797,34.665611267089844,29.095401763916016,8346782,DIS
2007-02-22,34.596553802490234,34.764259338378906,34.488040924072266,34.685340881347656,29.111967086791992,7762392,DIS
2007-02-23,34.62614822387695,34.73466491699219,34.50777053833008,34.665611267089844,29.095401763916016,7243690,DIS
2007-02-26,34.665611267089844,34.81358337402344,34.45844650268555,34.636016845703125,29.070566177368164,8214090,DIS
2007-02-27,34.28087615966797,34.52750015258789,32.209224700927734,32.65314865112305,27.406312942504883,15154283,DIS
2007-02-28,33.04774856567383,33.915870666503906,32.88004684448242,33.78762435913086,28.35849952697754,15819361,DIS
2007-03-01,33.2746467590332,34.03424835205078,33.07734680175781,33.92573547363281,28.474409103393555,13915966,DIS
2007-03-02,33.649513244628906,33.77775955200195,33.402889251708984,33.491676330566406,28.110103607177734,10056462,DIS
2007-03-05,33.097076416015625,33.649513244628906,32.96883010864258,33.26477813720703,27.91965675354004,10660821,DIS
2007-03-06,33.39302444458008,34.08357620239258,33.294376373291016,33.906005859375,28.457857131958008,11526406,DIS
2007-03-07,33.92573547363281,34.15262985229492,33.78762435913086,33.96519470214844,28.507535934448242,9520831,DIS
2007-03-08,34.15262985229492,34.35979461669922,33.93560028076172,34.221683502197266,28.722806930541992,8292043,DIS
2007-03-09,34.399253845214844,34.42884826660156,33.81721878051758,33.906005859375,28.457857131958008,11559149,DIS
2007-03-12,33.718570709228516,33.906005859375,33.46207809448242,33.73830032348633,28.317100524902344,11825950,DIS
2007-03-13,33.53113555908203,33.65938186645508,33.057613372802734,33.16613006591797,27.83686065673828,13893664,DIS
2007-03-14,33.994789123535156,33.994789123535156,32.830718994140625,33.2746467590332,27.927942276000977,10327522,DIS
2007-03-15,33.50154113769531,33.629783630371094,33.28451156616211,33.33383560180664,27.977622985839844,10048049,DIS
2007-03-16,33.44234848022461,33.6396484375,33.04774856567383,33.15626525878906,27.828584671020508,13816929,DIS
2007-03-19,33.41275405883789,33.65938186645508,33.35356521606445,33.629783630371094,28.226016998291016,7909275,DIS
2007-03-20,33.59032440185547,33.96519470214844,33.51140594482422,33.915870666503906,28.46613121032715,7285555,DIS
2007-03-21,33.8468132019043,34.77412414550781,33.797489166259766,34.69520568847656,29.1202449798584,11937557,DIS
2007-03-22,33.98492431640625,34.941829681396484,33.98492431640625,34.85304641723633,29.252721786499023,11948910,DIS
2007-03-23,34.58668899536133,34.833316802978516,34.399253845214844,34.517635345458984,28.971200942993164,7270958,DIS
2007-03-26,34.418983459472656,34.77412414550781,34.3302001953125,34.744529724121094,29.161640167236328,9948606,DIS
2007-03-27,34.52750015258789,34.636016845703125,34.172359466552734,34.19208908081055,28.697967529296875,12370198,DIS
2007-03-28,34.1230354309082,34.13290023803711,33.59032440185547,33.76789474487305,28.341934204101562,12579625,DIS
2007-03-29,34.221683502197266,34.24141311645508,33.77775955200195,33.92573547363281,28.474409103393555,7857273,DIS
2007-03-30,33.95532989501953,34.28087615966797,33.58045959472656,33.96519470214844,28.507535934448242,10662848,DIS
2007-04-02,33.93560028076172,34.04411315917969,33.77775955200195,34.00465393066406,28.5406494140625,7045920,DIS
2007-04-03,34.10330581665039,34.69520568847656,34.05398178100586,34.44858169555664,28.91324806213379,12224430,DIS
2007-04-04,34.369659423828125,34.399253845214844,33.975059509277344,34.172359466552734,28.681406021118164,10018550,DIS
2007-04-05,34.15262985229492,34.5373649597168,34.08357620239258,34.438716888427734,28.90496826171875,7685048,DIS
2007-04-09,34.438716888427734,34.5373649597168,34.3302001953125,34.438716888427734,28.90496826171875,8176280,DIS
2007-04-10,34.49790573120117,34.55709457397461,34.290740966796875,34.517635345458984,28.971200942993164,7593614,DIS
2007-04-11,34.46831130981445,34.60641860961914,33.87641143798828,34.1230354309082,28.640012741088867,12000101,DIS
2007-04-12,34.13290023803711,34.261146545410156,33.96519470214844,34.20195388793945,28.706249237060547,9242169,DIS
2007-04-13,34.20195388793945,34.399253845214844,34.04411315917969,34.25128173828125,28.747648239135742,9090218,DIS
2007-04-16,34.3302001953125,34.665611267089844,34.30060577392578,34.5472297668457,28.99604606628418,8110390,DIS
2007-04-17,34.45844650268555,34.764259338378906,34.24141311645508,34.67547607421875,29.10367774963379,8993310,DIS
2007-04-18,34.57682418823242,34.62614822387695,34.28087615966797,34.44858169555664,28.91324806213379,7423112,DIS
2007-04-19,34.47817611694336,34.5472297668457,34.10330581665039,34.44858169555664,28.91324806213379,8197567,DIS
2007-04-20,34.714935302734375,34.84318161010742,34.24141311645508,34.80371856689453,29.211313247680664,12246427,DIS
2007-04-23,34.72480010986328,34.823448181152344,34.55709457397461,34.60641860961914,29.04572296142578,6981551,DIS
2007-04-24,34.62614822387695,34.764259338378906,34.418983459472656,34.438716888427734,28.90496826171875,6938976,DIS
2007-04-25,34.596553802490234,34.95169448852539,34.38938903808594,34.84318161010742,29.244441986083984,9223923,DIS
2007-04-26,34.69520568847656,34.991153717041016,34.49790573120117,34.69520568847656,29.1202449798584,7538976,DIS
2007-04-27,34.52750015258789,34.65574645996094,34.320335388183594,34.50777053833008,28.96291732788086,6210340,DIS
2007-04-30,34.5472297668457,34.665611267089844,34.23154830932617,34.50777053833008,28.96291732788086,10169589,DIS
2007-05-01,34.61628341674805,35.020748138427734,34.61628341674805,34.991153717041016,29.368637084960938,11095590,DIS
2007-05-02,34.9714241027832,35.513999938964844,34.92210006713867,35.218048095703125,29.559070587158203,12028383,DIS
2007-05-03,35.24764633178711,35.52386474609375,35.139129638671875,35.20818328857422,29.550792694091797,8324886,DIS
2007-05-04,35.26737594604492,35.67184066772461,35.2279167175293,35.366024017333984,29.683271408081055,7428890,DIS
2007-05-07,35.49427032470703,35.80995178222656,35.435081481933594,35.57318878173828,29.857147216796875,8703497,DIS
2007-05-08,35.681705474853516,36.0763053894043,35.533729553222656,36.056575775146484,30.262866973876953,15504815,DIS
2007-05-09,35.563323974609375,35.83954620361328,35.218048095703125,35.632381439208984,29.906829833984375,14108870,DIS
2007-05-10,35.35615921020508,35.50413513183594,35.07007598876953,35.20818328857422,29.550792694091797,9787633,DIS
2007-05-11,35.257511138916016,35.681705474853516,35.24764633178711,35.58305358886719,29.865434646606445,7581348,DIS
2007-05-14,35.58305358886719,35.760623931884766,35.3956184387207,35.49427032470703,29.79091453552246,6719108,DIS
2007-05-15,35.64224624633789,35.84941101074219,35.40548324584961,35.454811096191406,29.757795333862305,7869742,DIS
2007-05-16,35.64224624633789,35.69157028198242,35.29697036743164,35.52386474609375,29.815753936767578,8476330,DIS
2007-05-17,35.47454071044922,35.74089431762695,35.30683517456055,35.50413513183594,29.79918670654297,6849569,DIS
2007-05-18,35.62251663208008,35.70143508911133,35.34629440307617,35.533729553222656,29.82402801513672,10987734,DIS
2007-05-21,35.513999938964844,36.26374053955078,35.49427032470703,35.94805908203125,30.171781539916992,12149012,DIS
2007-05-22,36.204551696777344,36.204551696777344,35.61265182495117,35.78035354614258,30.031023025512695,7247238,DIS
2007-05-23,35.78035354614258,36.2933349609375,35.760623931884766,35.987518310546875,30.20490264892578,7884034,DIS
2007-05-24,36.06644058227539,36.0763053894043,35.31669998168945,35.35615921020508,29.674991607666016,8845109,DIS
2007-05-25,35.42521667480469,35.6619758605957,35.15885925292969,35.54359436035156,29.832304000854492,6399899,DIS
2007-05-29,35.563323974609375,35.6521110534668,34.991153717041016,35.109535217285156,29.467994689941406,11589154,DIS
2007-05-30,34.88264083862305,35.49427032470703,34.793853759765625,35.42521667480469,29.732954025268555,12281703,DIS
2007-05-31,35.41535186767578,35.46467590332031,34.793853759765625,34.9615592956543,29.34379768371582,15805373,DIS
2007-06-01,34.93196487426758,35.139129638671875,34.65574645996094,34.764259338378906,29.17820167541504,12744045,DIS
2007-06-04,35.09967041015625,35.29697036743164,34.69520568847656,35.218048095703125,29.559070587158203,12621287,DIS
2007-06-05,35.27724075317383,35.40548324584961,34.73466491699219,34.793853759765625,29.20304298400879,9957729,DIS
2007-06-06,34.78398895263672,34.88264083862305,34.28087615966797,34.438716888427734,28.90496826171875,9045920,DIS
2007-06-07,34.30060577392578,34.438716888427734,33.491676330566406,33.797489166259766,28.366771697998047,13395945,DIS
2007-06-08,33.550865173339844,33.81721878051758,33.33383560180664,33.73830032348633,28.317100524902344,11568474,DIS
2007-06-11,33.81721878051758,33.975059509277344,33.65938186645508,33.718570709228516,28.300540924072266,7646629,DIS
2007-06-12,33.6396484375,33.718570709228516,33.06747817993164,33.10694122314453,27.78719139099121,9726812,DIS
2007-06-13,33.5,33.54999923706055,33.0,33.400001525878906,28.033157348632812,16055000,DIS
2007-06-14,33.40999984741211,33.970001220703125,33.400001525878906,33.790000915527344,28.360485076904297,14256200,DIS
2007-06-15,34.099998474121094,34.75,34.0,34.400001525878906,28.872467041015625,22308600,DIS
2007-06-18,34.5,34.88999938964844,34.47999954223633,34.540000915527344,28.989974975585938,13016200,DIS
2007-06-19,34.5099983215332,34.86000061035156,34.439998626708984,34.7599983215332,29.17462158203125,11318200,DIS
2007-06-20,34.7599983215332,34.7599983215332,34.15999984741211,34.189998626708984,28.69621467590332,11218300,DIS
2007-06-21,34.130001068115234,34.36000061035156,33.880001068115234,34.189998626708984,28.69621467590332,10323800,DIS
2007-06-22,34.0099983215332,34.439998626708984,33.90999984741211,34.13999938964844,28.65424346923828,15008200,DIS
2007-06-25,34.11000061035156,34.52000045776367,33.91999816894531,34.060001373291016,28.587106704711914,10094000,DIS
2007-06-26,34.20000076293945,34.290000915527344,33.86000061035156,34.060001373291016,28.587106704711914,9643600,DIS
2007-06-27,33.79999923706055,34.34000015258789,33.72999954223633,34.27000045776367,28.76335906982422,8017900,DIS
2007-06-28,34.25,34.25,33.720001220703125,33.849998474121094,28.410844802856445,11961500,DIS
2007-06-29,33.88999938964844,34.459999084472656,33.709999084472656,34.13999938964844,28.65424346923828,12019300,DIS
2007-07-02,34.380001068115234,34.720001220703125,34.20000076293945,34.52000045776367,28.973186492919922,7763800,DIS
2007-07-03,34.540000915527344,34.66999816894531,34.29999923706055,34.540000915527344,28.989974975585938,5158900,DIS
2007-07-05,34.5,34.63999938964844,34.2400016784668,34.630001068115234,29.065515518188477,7330400,DIS
2007-07-06,34.59000015258789,34.61000061035156,34.43000030517578,34.4900016784668,28.948009490966797,6726000,DIS
2007-07-09,34.540000915527344,34.61000061035156,34.380001068115234,34.459999084472656,28.922822952270508,6021500,DIS
2007-07-10,34.16999816894531,34.59000015258789,33.849998474121094,33.88999938964844,28.44441795349121,11101000,DIS
2007-07-11,33.7599983215332,34.0099983215332,33.66999816894531,33.97999954223633,28.51995849609375,9836700,DIS
2007-07-12,34.11000061035156,34.27000045776367,33.959999084472656,34.25,28.7465763092041,10820300,DIS
2007-07-13,34.099998474121094,34.56999969482422,34.0,34.369998931884766,28.84729766845703,8205500,DIS
2007-07-16,34.209999084472656,34.58000183105469,34.209999084472656,34.470001220703125,28.931222915649414,5896500,DIS
2007-07-17,34.439998626708984,34.869998931884766,34.349998474121094,34.68000030517578,29.107484817504883,11371400,DIS
2007-07-18,34.560001373291016,34.779998779296875,34.189998626708984,34.599998474121094,29.04033851623535,10280800,DIS
2007-07-19,34.65999984741211,34.83000183105469,34.400001525878906,34.470001220703125,28.931222915649414,8068900,DIS
2007-07-20,34.459999084472656,34.560001373291016,34.279998779296875,34.34000015258789,28.822113037109375,10748100,DIS
2007-07-23,34.45000076293945,35.22999954223633,34.43000030517578,35.029998779296875,29.40123748779297,11264900,DIS
2007-07-24,34.95000076293945,35.380001068115234,34.66999816894531,34.75,29.166231155395508,10447200,DIS
2007-07-25,34.90999984741211,35.189998626708984,34.75,34.93000030517578,29.317304611206055,10207300,DIS
2007-07-26,34.7599983215332,34.900001525878906,33.7400016784668,34.08000183105469,28.603891372680664,15441300,DIS
2007-07-27,34.13999938964844,34.380001068115234,33.7400016784668,33.7400016784668,28.318525314331055,12203200,DIS
2007-07-30,33.97999954223633,34.150001525878906,33.56999969482422,34.0099983215332,28.545143127441406,11459800,DIS
2007-07-31,34.0099983215332,34.06999969482422,32.9900016784668,33.0,27.697429656982422,15670600,DIS
2007-08-01,32.880001068115234,33.939998626708984,32.75,33.83000183105469,28.394062042236328,15048300,DIS
2007-08-02,33.97999954223633,34.529998779296875,33.689998626708984,34.36000061035156,28.838903427124023,11475200,DIS
2007-08-03,34.13999938964844,34.619998931884766,33.84000015258789,33.900001525878906,28.45281219482422,12642500,DIS
2007-08-06,34.0,34.38999938964844,33.83000183105469,34.29999923706055,28.788545608520508,14263800,DIS
2007-08-07,33.95000076293945,34.849998474121094,33.849998474121094,34.54999923706055,28.998371124267578,14309900,DIS
2007-08-08,34.599998474121094,34.93000030517578,33.849998474121094,34.290000915527344,28.780153274536133,13078200,DIS
2007-08-09,33.83000183105469,34.20000076293945,33.0,33.0,27.697429656982422,14932200,DIS
2007-08-10,32.56999969482422,33.41999816894531,32.06999969482422,33.15999984741211,27.831716537475586,15404100,DIS
2007-08-13,33.34000015258789,33.7400016784668,33.130001068115234,33.2400016784668,27.898868560791016,8596100,DIS
2007-08-14,33.2400016784668,33.5,32.130001068115234,32.36000061035156,27.160268783569336,11502700,DIS
2007-08-15,32.29999923706055,32.63999938964844,31.6299991607666,31.709999084472656,26.61471176147461,12764000,DIS
2007-08-16,31.350000381469727,32.630001068115234,31.25,32.58000183105469,27.344919204711914,19361900,DIS
2007-08-17,33.380001068115234,33.54999923706055,32.29999923706055,32.68000030517578,27.428844451904297,15964200,DIS
2007-08-20,32.779998779296875,33.11000061035156,32.52000045776367,32.90999984741211,27.62188720703125,10782500,DIS
2007-08-21,32.709999084472656,33.45000076293945,32.63999938964844,33.290000915527344,27.940832138061523,9959400,DIS
2007-08-22,33.58000183105469,33.68000030517578,33.11000061035156,33.56999969482422,28.175840377807617,10689800,DIS
2007-08-23,33.75,33.97999954223633,32.970001220703125,33.15999984741211,27.831716537475586,10962700,DIS
2007-08-24,33.27000045776367,33.88999938964844,33.119998931884766,33.869998931884766,28.42763328552246,7380600,DIS
2007-08-27,33.7400016784668,34.08000183105469,33.4900016784668,33.84000015258789,28.40245819091797,7100200,DIS
2007-08-28,33.75,33.790000915527344,33.06999969482422,33.20000076293945,27.86528968811035,9712800,DIS
2007-08-29,33.29999923706055,33.95000076293945,33.06999969482422,33.88999938964844,28.44441795349121,8361500,DIS
2007-08-30,33.56999969482422,33.7400016784668,33.33000183105469,33.470001220703125,28.091907501220703,7330700,DIS
2007-08-31,33.7400016784668,33.81999969482422,33.45000076293945,33.599998474121094,28.201021194458008,7075900,DIS
2007-09-04,33.5099983215332,34.29999923706055,33.5,34.130001068115234,28.645854949951172,9743200,DIS
2007-09-05,33.84000015258789,34.099998474121094,33.7400016784668,34.040000915527344,28.570322036743164,10641700,DIS
2007-09-06,34.220001220703125,34.47999954223633,33.869998931884766,34.40999984741211,28.88086700439453,8150700,DIS
2007-09-07,33.93000030517578,34.15999984741211,33.470001220703125,33.59000015258789,28.192625045776367,9909900,DIS
2007-09-10,33.59000015258789,33.869998931884766,33.22999954223633,33.560001373291016,28.16744613647461,5500100,DIS
2007-09-11,33.630001068115234,33.70000076293945,33.290000915527344,33.4900016784668,28.10869598388672,7714800,DIS
2007-09-12,33.529998779296875,33.81999969482422,33.40999984741211,33.720001220703125,28.301734924316406,8113000,DIS
2007-09-13,33.79999923706055,33.900001525878906,33.439998626708984,33.52000045776367,28.133878707885742,6968700,DIS
2007-09-14,33.31999969482422,33.849998474121094,33.0,33.560001373291016,28.16744613647461,8797900,DIS
2007-09-17,33.36000061035156,33.45000076293945,33.060001373291016,33.380001068115234,28.016366958618164,7205200,DIS
2007-09-18,33.540000915527344,34.70000076293945,33.400001525878906,34.58000183105469,29.02355194091797,13653100,DIS
2007-09-19,34.810001373291016,34.95000076293945,34.540000915527344,34.560001373291016,29.00675392150879,10549400,DIS
2007-09-20,34.66999816894531,34.75,33.79999923706055,34.040000915527344,28.570322036743164,10201900,DIS
2007-09-21,34.060001373291016,34.88999938964844,34.040000915527344,34.599998474121094,29.04033851623535,14708900,DIS
2007-09-24,34.599998474121094,34.599998474121094,34.20000076293945,34.31999969482422,28.80532455444336,8089600,DIS
2007-09-25,34.20000076293945,34.31999969482422,33.68000030517578,34.06999969482422,28.595495223999023,9942600,DIS
2007-09-26,34.27000045776367,34.58000183105469,34.189998626708984,34.52000045776367,28.973186492919922,8417300,DIS
2007-09-27,34.47999954223633,34.4900016784668,34.119998931884766,34.209999084472656,28.712993621826172,6974400,DIS
2007-09-28,34.2599983215332,34.41999816894531,33.93000030517578,34.38999938964844,28.864076614379883,8016200,DIS
2007-10-01,34.380001068115234,34.90999984741211,34.380001068115234,34.650001525878906,29.082305908203125,8662100,DIS
2007-10-02,34.650001525878906,35.0099983215332,34.599998474121094,34.77000045776367,29.183021545410156,9403000,DIS
2007-10-03,34.599998474121094,34.970001220703125,34.540000915527344,34.720001220703125,29.141050338745117,5716800,DIS
2007-10-04,34.88999938964844,35.06999969482422,34.83000183105469,34.900001525878906,29.292133331298828,5580700,DIS
2007-10-05,35.09000015258789,35.599998474121094,35.029998779296875,35.470001220703125,29.77054214477539,7324700,DIS
2007-10-08,35.470001220703125,35.689998626708984,35.130001068115234,35.27000045776367,29.602678298950195,4791700,DIS
2007-10-09,35.15999984741211,35.45000076293945,35.099998474121094,35.45000076293945,29.753753662109375,7273700,DIS
2007-10-10,35.45000076293945,35.54999923706055,35.060001373291016,35.279998779296875,29.611068725585938,4715700,DIS
2007-10-11,35.5,35.630001068115234,34.900001525878906,35.0099983215332,29.384450912475586,6109800,DIS
2007-10-12,35.20000076293945,35.58000183105469,35.150001525878906,35.470001220703125,29.77054214477539,5474100,DIS
2007-10-15,35.369998931884766,35.4900016784668,34.86000061035156,35.13999938964844,29.493562698364258,6688100,DIS
2007-10-16,35.130001068115234,35.34000015258789,34.939998626708984,35.0099983215332,29.384450912475586,8072600,DIS
2007-10-17,35.2599983215332,35.59000015258789,35.13999938964844,35.380001068115234,29.695005416870117,9032300,DIS
2007-10-18,35.310001373291016,35.400001525878906,34.709999084472656,34.779998779296875,29.19140625,8503300,DIS
2007-10-19,34.54999923706055,34.77000045776367,33.77000045776367,33.810001373291016,28.377273559570312,11195000,DIS
2007-10-22,33.68000030517578,34.790000915527344,33.56999969482422,34.68000030517578,29.107484817504883,9859200,DIS
2007-10-23,34.81999969482422,34.959999084472656,34.58000183105469,34.88999938964844,29.283737182617188,6380800,DIS
2007-10-24,34.54999923706055,35.11000061035156,34.36000061035156,35.060001373291016,29.426420211791992,7848700,DIS
2007-10-25,34.97999954223633,35.0,34.13999938964844,34.45000076293945,28.91443634033203,10633300,DIS
2007-10-26,34.619998931884766,34.720001220703125,33.939998626708984,34.380001068115234,28.855684280395508,11462400,DIS
2007-10-29,34.4900016784668,34.810001373291016,34.20000076293945,34.68000030517578,29.107484817504883,7164000,DIS
2007-10-30,34.47999954223633,34.56999969482422,34.25,34.290000915527344,28.780153274536133,4885800,DIS
2007-10-31,34.0099983215332,34.72999954223633,34.0099983215332,34.630001068115234,29.065515518188477,7818200,DIS
2007-11-01,34.5099983215332,34.709999084472656,33.31999969482422,33.79999923706055,28.368885040283203,11121700,DIS
2007-11-02,34.2599983215332,34.2599983215332,33.52000045776367,33.91999816894531,28.469600677490234,8945500,DIS
2007-11-05,33.400001525878906,34.2599983215332,33.400001525878906,33.880001068115234,28.436025619506836,7983900,DIS
2007-11-06,33.86000061035156,34.18000030517578,33.619998931884766,34.08000183105469,28.603891372680664,6594500,DIS
2007-11-07,33.529998779296875,34.029998779296875,33.310001373291016,33.5,28.117082595825195,7564100,DIS
2007-11-08,33.439998626708984,33.83000183105469,32.88999938964844,33.630001068115234,28.226200103759766,12136700,DIS
2007-11-09,32.810001373291016,33.20000076293945,32.060001373291016,32.7400016784668,27.479209899902344,14932200,DIS
2007-11-12,32.0,32.720001220703125,32.0,32.02000045776367,26.874900817871094,13316400,DIS
2007-11-13,32.220001220703125,33.06999969482422,32.060001373291016,33.0099983215332,27.705825805664062,11447600,DIS
2007-11-14,33.13999938964844,33.13999938964844,31.75,31.860000610351562,26.7406063079834,15313300,DIS
2007-11-15,31.799999237060547,32.84000015258789,31.75,32.400001525878906,27.193843841552734,10539500,DIS
2007-11-16,32.59000015258789,32.70000076293945,32.0099983215332,32.529998779296875,27.302947998046875,9347700,DIS
2007-11-19,32.2599983215332,32.29999923706055,31.149999618530273,31.25,26.228622436523438,14612100,DIS
2007-11-20,31.469999313354492,31.889999389648438,31.020000457763672,31.549999237060547,26.480419158935547,9425700,DIS
2007-11-21,31.350000381469727,31.700000762939453,31.1200008392334,31.5,26.438451766967773,8661400,DIS
2007-11-23,31.649999618530273,31.899999618530273,31.489999771118164,31.84000015258789,26.723819732666016,3548500,DIS
2007-11-26,31.90999984741211,31.959999084472656,31.200000762939453,31.239999771118164,26.220233917236328,7337600,DIS
2007-11-27,31.3799991607666,31.81999969482422,30.68000030517578,31.719999313354492,26.623104095458984,14270700,DIS
2007-11-28,31.889999389648438,32.959999084472656,31.670000076293945,32.689998626708984,27.43724250793457,12798400,DIS
2007-11-29,32.650001525878906,32.90999984741211,32.380001068115234,32.810001373291016,27.5379581451416,7761400,DIS
2007-11-30,33.4900016784668,33.4900016784668,32.93000030517578,33.150001525878906,27.82332420349121,11958400,DIS
2007-12-03,33.060001373291016,33.5,32.83000183105469,33.040000915527344,27.73100471496582,9049100,DIS
2007-12-04,32.90999984741211,33.06999969482422,32.439998626708984,32.75,27.48760223388672,9322200,DIS
2007-12-05,32.5,32.9900016784668,32.2599983215332,32.75,27.784528732299805,7463500,DIS
2007-12-06,32.7400016784668,32.88999938964844,32.25,32.720001220703125,27.759078979492188,7927400,DIS
2007-12-07,32.720001220703125,33.0,32.65999984741211,32.790000915527344,27.818471908569336,8023900,DIS
2007-12-10,32.81999969482422,32.970001220703125,32.27000045776367,32.349998474121094,27.445175170898438,12255800,DIS
2007-12-11,32.349998474121094,32.5099983215332,31.709999084472656,31.760000228881836,26.94463348388672,13925600,DIS
2007-12-12,32.27000045776367,32.70000076293945,31.969999313354492,32.279998779296875,27.38578987121582,10617700,DIS
2007-12-13,32.08000183105469,32.88999938964844,32.029998779296875,32.7599983215332,27.793010711669922,11704100,DIS
2007-12-14,32.900001525878906,33.22999954223633,32.54999923706055,33.0099983215332,28.00511360168457,11888200,DIS
2007-12-17,32.869998931884766,33.25,32.689998626708984,32.9900016784668,27.988147735595703,12023200,DIS
2007-12-18,32.90999984741211,33.29999923706055,32.61000061035156,33.02000045776367,28.013595581054688,11937200,DIS
2007-12-19,32.959999084472656,33.13999938964844,32.08000183105469,32.2599983215332,27.36882209777832,11035600,DIS
2007-12-20,32.43000030517578,32.5,32.130001068115234,32.33000183105469,27.428213119506836,9591800,DIS
2007-12-21,32.650001525878906,33.04999923706055,32.25,32.939998626708984,27.945722579956055,20408900,DIS
2007-12-24,32.959999084472656,33.40999984741211,32.95000076293945,33.2400016784668,28.20024299621582,3458100,DIS
2007-12-26,33.029998779296875,33.20000076293945,32.72999954223633,32.81999969482422,27.84391975402832,5029400,DIS
2007-12-27,32.63999938964844,32.900001525878906,32.34000015258789,32.43000030517578,27.51305389404297,6700400,DIS
2007-12-28,32.77000045776367,32.79999923706055,32.27000045776367,32.41999816894531,27.504566192626953,5621800,DIS
2007-12-31,32.41999816894531,32.52000045776367,32.2400016784668,32.279998779296875,27.38578987121582,5447900,DIS
2008-01-02,32.31999969482422,32.630001068115234,31.690000534057617,31.84000015258789,27.01250457763672,9269900,DIS
2008-01-03,31.8799991607666,32.02000045776367,31.65999984741211,31.770000457763672,26.953121185302734,9681100,DIS
2008-01-04,31.0,31.68000030517578,31.0,31.1299991607666,26.4101505279541,9550700,DIS
2008-01-07,31.3799991607666,31.489999771118164,30.90999984741211,31.15999984741211,26.43560218811035,10742900,DIS
2008-01-08,31.25,31.5,30.459999084472656,30.540000915527344,25.909610748291016,13014300,DIS
2008-01-09,30.56999969482422,30.59000015258789,29.200000762939453,30.15999984741211,25.587217330932617,24858700,DIS
2008-01-10,29.899999618530273,30.940000534057617,29.899999618530273,30.670000076293945,26.019899368286133,12240900,DIS
2008-01-11,30.450000762939453,30.8799991607666,30.209999084472656,30.31999969482422,25.722963333129883,11671000,DIS
2008-01-14,30.5,30.75,30.1200008392334,30.350000381469727,25.748414993286133,8717400,DIS
2008-01-15,30.219999313354492,30.280000686645508,29.579999923706055,29.850000381469727,25.324222564697266,12043800,DIS
2008-01-16,29.65999984741211,30.270000457763672,29.329999923706055,29.829999923706055,25.3072509765625,18819600,DIS
2008-01-17,29.899999618530273,30.040000915527344,28.690000534057617,28.770000457763672,24.40797233581543,20109200,DIS
2008-01-18,29.0,29.309999465942383,28.25,28.510000228881836,24.187389373779297,16355300,DIS
2008-01-22,27.18000030517578,28.479999542236328,26.299999237060547,28.1200008392334,23.856523513793945,20538100,DIS
2008-01-23,27.100000381469727,28.540000915527344,27.09000015258789,28.520000457763672,24.195873260498047,22041300,DIS
2008-01-24,28.579999923706055,29.309999465942383,28.350000381469727,29.229999542236328,24.79822540283203,14847200,DIS
2008-01-25,29.530000686645508,29.860000610351562,28.600000381469727,28.68000030517578,24.33161735534668,11966600,DIS
2008-01-28,28.75,29.469999313354492,28.5,29.3700008392334,24.91699981689453,10421800,DIS
2008-01-29,28.729999542236328,29.200000762939453,28.1200008392334,28.799999237060547,24.433422088623047,23011500,DIS
2008-01-30,29.059999465942383,29.979999542236328,29.059999465942383,29.40999984741211,24.95093536376953,16609200,DIS
2008-01-31,29.040000915527344,30.170000076293945,28.84000015258789,29.84000015258789,25.31573486328125,15074200,DIS
2008-02-01,30.75,30.799999237060547,30.18000030517578,30.65999984741211,26.011409759521484,13988600,DIS
2008-02-04,31.049999237060547,31.049999237060547,30.6200008392334,30.899999618530273,26.21502685546875,11835300,DIS
2008-02-05,30.989999771118164,30.989999771118164,30.049999237060547,30.06999969482422,25.510868072509766,19217700,DIS
2008-02-06,31.899999618530273,32.18000030517578,31.100000381469727,31.5,26.72405242919922,31176300,DIS
2008-02-07,31.260000228881836,31.920000076293945,31.110000610351562,31.719999313354492,26.91069984436035,16612800,DIS
2008-02-08,31.610000610351562,32.29999923706055,31.610000610351562,32.119998931884766,27.25005340576172,15161400,DIS
2008-02-11,32.27000045776367,32.27000045776367,31.520000457763672,31.93000030517578,27.08885955810547,9082000,DIS
2008-02-12,32.060001373291016,32.439998626708984,31.770000457763672,32.029998779296875,27.17369270324707,14314100,DIS
2008-02-13,32.06999969482422,32.959999084472656,32.06999969482422,32.779998779296875,27.809980392456055,14445500,DIS
2008-02-14,32.720001220703125,32.849998474121094,32.15999984741211,32.31999969482422,27.41973114013672,11997100,DIS
2008-02-15,32.15999984741211,32.70000076293945,32.029998779296875,32.4900016784668,27.563955307006836,15225700,DIS
2008-02-19,32.529998779296875,32.779998779296875,32.119998931884766,32.189998626708984,27.30944061279297,10609500,DIS
2008-02-20,31.969999313354492,32.66999816894531,31.889999389648438,32.58000183105469,27.64031410217285,10207100,DIS
2008-02-21,32.630001068115234,32.88999938964844,32.20000076293945,32.27000045776367,27.377309799194336,10305200,DIS
2008-02-22,32.25,32.63999938964844,31.799999237060547,32.56999969482422,27.631826400756836,8812400,DIS
2008-02-25,32.81999969482422,33.09000015258789,32.4900016784668,32.88999938964844,27.903308868408203,13567800,DIS
2008-02-26,32.75,33.209999084472656,32.720001220703125,32.88999938964844,27.903308868408203,10340600,DIS
2008-02-27,32.7599983215332,33.22999954223633,32.61000061035156,33.099998474121094,28.08146858215332,10319600,DIS
2008-02-28,32.93000030517578,33.189998626708984,32.439998626708984,32.540000915527344,27.60637092590332,11221100,DIS
2008-02-29,32.130001068115234,32.849998474121094,32.130001068115234,32.40999984741211,27.496084213256836,14575900,DIS
2008-03-03,32.61000061035156,32.709999084472656,32.11000061035156,32.40999984741211,27.496084213256836,8283100,DIS
2008-03-04,32.15999984741211,32.25,31.3799991607666,31.8700008392334,27.03795623779297,15907700,DIS
2008-03-05,31.899999618530273,32.150001525878906,31.520000457763672,31.639999389648438,26.842830657958984,9692200,DIS
2008-03-06,31.549999237060547,31.739999771118164,31.190000534057617,31.25,26.511959075927734,10529000,DIS
2008-03-07,31.110000610351562,31.25,30.559999465942383,30.760000228881836,26.09625244140625,12750400,DIS
2008-03-10,30.81999969482422,30.81999969482422,30.280000686645508,30.459999084472656,25.841733932495117,12622400,DIS
2008-03-11,31.0,31.209999084472656,30.610000610351562,31.190000534057617,26.4610595703125,14520900,DIS
2008-03-12,31.260000228881836,31.81999969482422,31.200000762939453,31.40999984741211,26.647701263427734,9646200,DIS
2008-03-13,31.209999084472656,31.579999923706055,30.81999969482422,31.329999923706055,26.579832077026367,10556200,DIS
2008-03-14,31.329999923706055,31.360000610351562,30.43000030517578,30.780000686645508,26.113218307495117,11421400,DIS
2008-03-17,30.139999389648438,30.850000381469727,30.049999237060547,30.459999084472656,25.841733932495117,12626300,DIS
2008-03-18,30.770000457763672,31.729999542236328,30.770000457763672,31.719999313354492,26.91069984436035,13788400,DIS
2008-03-19,31.690000534057617,31.899999618530273,31.229999542236328,31.239999771118164,26.503475189208984,11737100,DIS
2008-03-20,31.280000686645508,31.979999542236328,31.25,31.899999618530273,27.063405990600586,13802300,DIS
2008-03-24,32.0,32.15999984741211,31.799999237060547,32.040000915527344,27.18218421936035,10536000,DIS
2008-03-25,31.989999771118164,32.2400016784668,31.84000015258789,32.08000183105469,27.21611785888672,8547300,DIS
2008-03-26,31.90999984741211,32.040000915527344,31.530000686645508,31.760000228881836,26.94463348388672,9219700,DIS
2008-03-27,31.8799991607666,31.959999084472656,31.309999465942383,31.3799991607666,26.62224578857422,9569900,DIS
2008-03-28,31.59000015258789,31.780000686645508,31.0,31.0,26.299867630004883,11021000,DIS
2008-03-31,31.040000915527344,31.479999542236328,30.989999771118164,31.3799991607666,26.62224578857422,11352000,DIS
2008-04-01,31.520000457763672,32.02000045776367,31.520000457763672,31.90999984741211,27.071889877319336,15649900,DIS
2008-04-02,32.0,32.38999938964844,31.459999084472656,31.559999465942383,26.774953842163086,13072500,DIS
2008-04-03,31.43000030517578,31.700000762939453,31.149999618530273,31.530000686645508,26.74950408935547,8981100,DIS
2008-04-04,31.520000457763672,31.6200008392334,31.059999465942383,31.239999771118164,26.503475189208984,12519000,DIS
2008-04-07,31.40999984741211,31.729999542236328,31.209999084472656,31.520000457763672,26.741024017333984,9732500,DIS
2008-04-08,31.360000610351562,31.399999618530273,30.950000762939453,31.06999969482422,26.35924530029297,13068800,DIS
2008-04-09,31.1200008392334,31.209999084472656,30.610000610351562,30.850000381469727,26.172603607177734,10508200,DIS
2008-04-10,30.790000915527344,31.559999465942383,30.719999313354492,31.350000381469727,26.59679412841797,12183000,DIS
2008-04-11,31.040000915527344,31.489999771118164,30.149999618530273,30.18000030517578,25.60419273376465,15488300,DIS
2008-04-14,30.229999542236328,30.3799991607666,29.829999923706055,30.040000915527344,25.48541831970215,9476300,DIS
2008-04-15,30.06999969482422,30.100000381469727,29.56999969482422,29.93000030517578,25.392099380493164,10320500,DIS
2008-04-16,30.1200008392334,30.3799991607666,29.81999969482422,30.31999969482422,25.722963333129883,10606400,DIS
2008-04-17,30.239999771118164,30.889999389648438,30.239999771118164,30.780000686645508,26.113218307495117,13438900,DIS
2008-04-18,30.850000381469727,31.549999237060547,30.850000381469727,31.329999923706055,26.579832077026367,11513500,DIS
2008-04-21,31.100000381469727,31.5,31.049999237060547,31.459999084472656,26.69011688232422,8797300,DIS
2008-04-22,31.389999389648438,31.420000076293945,31.170000076293945,31.290000915527344,26.545894622802734,8461400,DIS
2008-04-23,31.469999313354492,31.68000030517578,31.110000610351562,31.639999389648438,26.842830657958984,15000000,DIS
2008-04-24,31.850000381469727,32.20000076293945,31.690000534057617,31.940000534057617,27.09734344482422,12009500,DIS
2008-04-25,32.040000915527344,32.45000076293945,31.950000762939453,32.36000061035156,27.45366668701172,11949900,DIS
2008-04-28,32.54999923706055,32.61000061035156,32.209999084472656,32.43000030517578,27.51305389404297,7648600,DIS
2008-04-29,32.31999969482422,32.880001068115234,32.209999084472656,32.7599983215332,27.793010711669922,10179700,DIS
2008-04-30,32.779998779296875,33.029998779296875,32.33000183105469,32.43000030517578,27.51305389404297,13077000,DIS
2008-05-01,32.45000076293945,33.41999816894531,32.41999816894531,33.29999923706055,28.251144409179688,12246700,DIS
2008-05-02,33.5,33.79999923706055,33.29999923706055,33.4900016784668,28.41233253479004,8708000,DIS
2008-05-05,33.720001220703125,33.720001220703125,33.119998931884766,33.290000915527344,28.242660522460938,10193300,DIS
2008-05-06,33.439998626708984,33.779998779296875,32.790000915527344,33.72999954223633,28.615943908691406,15123000,DIS
2008-05-07,34.209999084472656,34.95000076293945,34.04999923706055,34.70000076293945,29.43888282775879,30876600,DIS
2008-05-08,34.7599983215332,34.79999923706055,34.33000183105469,34.560001373291016,29.320110321044922,18859600,DIS
2008-05-09,34.099998474121094,34.470001220703125,34.029998779296875,34.29999923706055,29.09952735900879,13434900,DIS
2008-05-12,34.150001525878906,34.79999923706055,34.040000915527344,34.77000045776367,29.498266220092773,9176400,DIS
2008-05-13,34.58000183105469,34.779998779296875,34.220001220703125,34.33000183105469,29.124982833862305,11067300,DIS
2008-05-14,34.5,34.97999954223633,34.33000183105469,34.79999923706055,29.523719787597656,9867400,DIS
2008-05-15,34.650001525878906,35.0,34.52000045776367,34.9900016784668,29.68490982055664,11357100,DIS
2008-05-16,34.970001220703125,35.02000045776367,34.470001220703125,34.90999984741211,29.617034912109375,12728900,DIS
2008-05-19,34.790000915527344,34.939998626708984,34.470001220703125,34.720001220703125,29.455848693847656,12365200,DIS
2008-05-20,34.5,34.599998474121094,33.97999954223633,34.09000015258789,28.921367645263672,12635300,DIS
2008-05-21,33.95000076293945,34.09000015258789,33.5,33.65999984741211,28.556562423706055,11358100,DIS
2008-05-22,33.779998779296875,33.779998779296875,33.349998474121094,33.61000061035156,28.514142990112305,7735300,DIS
2008-05-23,33.52000045776367,33.599998474121094,33.18000030517578,33.22999954223633,28.191761016845703,8951300,DIS
2008-05-27,33.310001373291016,33.7400016784668,33.2599983215332,33.63999938964844,28.539594650268555,9309100,DIS
2008-05-28,33.65999984741211,34.150001525878906,33.65999984741211,33.86000061035156,28.726242065429688,14201800,DIS
2008-05-29,33.86000061035156,34.349998474121094,33.7400016784668,33.810001373291016,28.683815002441406,12570800,DIS
2008-05-30,33.97999954223633,34.04999923706055,33.47999954223633,33.599998474121094,28.505657196044922,12779000,DIS
2008-06-02,33.5,33.59000015258789,33.04999923706055,33.29999923706055,28.251144409179688,10323300,DIS
2008-06-03,33.47999954223633,33.5099983215332,33.0,33.18000030517578,28.149337768554688,11060000,DIS
2008-06-04,33.150001525878906,34.59000015258789,33.150001525878906,34.349998474121094,29.14194679260254,24630200,DIS
2008-06-05,34.31999969482422,34.709999084472656,34.099998474121094,34.4900016784668,29.26072120666504,11640300,DIS
2008-06-06,34.13999938964844,34.29999923706055,32.970001220703125,33.0099983215332,28.00511360168457,16597800,DIS
2008-06-09,33.31999969482422,33.34000015258789,32.84000015258789,33.18000030517578,28.149337768554688,10011900,DIS
2008-06-10,32.88999938964844,34.0,32.88999938964844,33.83000183105469,28.700790405273438,16606900,DIS
2008-06-11,33.75,33.939998626708984,33.25,33.27000045776367,28.225690841674805,12419500,DIS
2008-06-12,33.529998779296875,33.70000076293945,33.119998931884766,33.2400016784668,28.20024299621582,13138800,DIS
2008-06-13,33.47999954223633,33.95000076293945,33.349998474121094,33.93000030517578,28.78562355041504,9153300,DIS
2008-06-16,33.77000045776367,33.900001525878906,33.38999938964844,33.650001525878906,28.548076629638672,10955100,DIS
2008-06-17,33.849998474121094,33.86000061035156,33.099998474121094,33.11000061035156,28.08995246887207,9163100,DIS
2008-06-18,32.970001220703125,33.349998474121094,32.77000045776367,32.95000076293945,27.95421028137207,12078500,DIS
2008-06-19,32.959999084472656,33.119998931884766,32.56999969482422,32.88999938964844,27.903308868408203,13913000,DIS
2008-06-20,32.63999938964844,32.72999954223633,31.940000534057617,31.940000534057617,27.09734344482422,21345000,DIS
2008-06-23,32.130001068115234,32.439998626708984,32.040000915527344,32.38999938964844,27.47911262512207,10850800,DIS
2008-06-24,32.25,32.5,31.959999084472656,32.220001220703125,27.334896087646484,17528500,DIS
2008-06-25,32.400001525878906,32.84000015258789,32.29999923706055,32.4900016784668,27.563955307006836,16132100,DIS
2008-06-26,32.15999984741211,32.290000915527344,31.520000457763672,31.530000686645508,26.74950408935547,19848000,DIS
2008-06-27,31.530000686645508,31.920000076293945,31.43000030517578,31.56999969482422,26.7834415435791,20844300,DIS
2008-06-30,31.700000762939453,32.150001525878906,31.139999389648438,31.200000762939453,26.469541549682617,15850700,DIS
2008-07-01,30.90999984741211,31.079999923706055,30.399999618530273,31.049999237060547,26.34227752685547,17144900,DIS
2008-07-02,31.110000610351562,31.25,30.700000762939453,30.709999084472656,26.053829193115234,13633000,DIS
2008-07-03,30.920000076293945,31.200000762939453,30.739999771118164,30.899999618530273,26.21502685546875,6952000,DIS
2008-07-07,30.0,30.6200008392334,29.739999771118164,30.079999923706055,25.519351959228516,21977600,DIS
2008-07-08,30.0,30.0,29.309999465942383,29.950000762939453,25.409061431884766,26083200,DIS
2008-07-09,29.959999084472656,29.979999542236328,29.530000686645508,29.540000915527344,25.061227798461914,13575400,DIS
2008-07-10,29.59000015258789,29.780000686645508,29.25,29.600000381469727,25.11212730407715,11366700,DIS
2008-07-11,29.260000228881836,29.56999969482422,28.799999237060547,29.200000762939453,24.77277374267578,14948400,DIS
2008-07-14,29.59000015258789,29.8700008392334,29.06999969482422,29.100000381469727,24.687936782836914,14277500,DIS
2008-07-15,28.81999969482422,29.780000686645508,28.549999237060547,29.43000030517578,24.96790313720703,16665800,DIS
2008-07-16,29.5,30.600000381469727,29.049999237060547,30.43000030517578,25.816286087036133,18261000,DIS
2008-07-17,30.5,31.229999542236328,30.1200008392334,31.200000762939453,26.469541549682617,17998800,DIS
2008-07-18,31.290000915527344,31.290000915527344,30.65999984741211,30.899999618530273,26.21502685546875,14004500,DIS
2008-07-21,30.959999084472656,31.0,30.3799991607666,30.489999771118164,25.867189407348633,9782000,DIS
2008-07-22,30.420000076293945,30.549999237060547,29.969999313354492,30.40999984741211,25.799318313598633,21715300,DIS
2008-07-23,30.6200008392334,31.190000534057617,30.399999618530273,31.149999618530273,26.427120208740234,13220100,DIS
2008-07-24,31.139999389648438,31.479999542236328,30.700000762939453,31.020000457763672,26.316829681396484,11780800,DIS
2008-07-25,31.219999313354492,31.520000457763672,31.0,31.100000381469727,26.38469696044922,12842800,DIS
2008-07-28,31.329999923706055,31.329999923706055,30.459999084472656,30.5,25.875669479370117,13658900,DIS
2008-07-29,30.600000381469727,31.1200008392334,30.40999984741211,30.920000076293945,26.23199462890625,13298000,DIS
2008-07-30,31.239999771118164,31.770000457763672,30.889999389648438,31.670000076293945,26.8682804107666,18219700,DIS
2008-07-31,30.549999237060547,30.8700008392334,30.1299991607666,30.350000381469727,25.748414993286133,25577400,DIS
2008-08-01,30.5,30.700000762939453,29.829999923706055,30.079999923706055,25.519351959228516,15120700,DIS
2008-08-04,30.110000610351562,30.59000015258789,30.049999237060547,30.3700008392334,25.765382766723633,11445500,DIS
2008-08-05,30.520000457763672,31.399999618530273,30.399999618530273,31.309999465942383,26.562862396240234,15540000,DIS
2008-08-06,31.1299991607666,31.6200008392334,30.84000015258789,31.420000076293945,26.656187057495117,12841000,DIS
2008-08-07,31.1200008392334,31.270000457763672,30.920000076293945,30.920000076293945,26.23199462890625,10696400,DIS
2008-08-08,31.0,32.119998931884766,30.950000762939453,32.029998779296875,27.17369270324707,14759800,DIS
2008-08-11,31.969999313354492,33.41999816894531,31.84000015258789,32.79999923706055,27.826953887939453,21907300,DIS
2008-08-12,32.86000061035156,32.91999816894531,32.060001373291016,32.15999984741211,27.28399085998535,14848700,DIS
2008-08-13,32.119998931884766,32.20000076293945,31.520000457763672,31.739999771118164,26.92766571044922,11051300,DIS
2008-08-14,31.670000076293945,32.619998931884766,31.450000762939453,32.33000183105469,27.428213119506836,11535200,DIS
2008-08-15,32.470001220703125,32.91999816894531,32.34000015258789,32.5,27.572439193725586,11487700,DIS
2008-08-18,32.540000915527344,32.599998474121094,31.809999465942383,32.08000183105469,27.21611785888672,10246000,DIS
2008-08-19,31.84000015258789,32.060001373291016,31.579999923706055,31.75,26.93614959716797,8781900,DIS
2008-08-20,31.860000610351562,32.20000076293945,31.399999618530273,31.81999969482422,26.99553680419922,12415000,DIS
2008-08-21,31.649999618530273,32.0,31.31999969482422,31.829999923706055,27.0040225982666,6966700,DIS
2008-08-22,32.119998931884766,32.380001068115234,31.8799991607666,32.20000076293945,27.31792640686035,7954900,DIS
2008-08-25,31.969999313354492,32.09000015258789,31.399999618530273,31.600000381469727,26.80889129638672,8071300,DIS
2008-08-26,31.520000457763672,31.8700008392334,31.440000534057617,31.709999084472656,26.902212142944336,6506600,DIS
2008-08-27,31.459999084472656,32.099998474121094,31.40999984741211,31.760000228881836,26.94463348388672,7317600,DIS
2008-08-28,31.889999389648438,32.66999816894531,31.770000457763672,32.59000015258789,27.648794174194336,9675200,DIS
2008-08-29,32.369998931884766,32.75,32.310001373291016,32.349998474121094,27.445175170898438,9062800,DIS
2008-09-02,32.7400016784668,33.369998931884766,32.29999923706055,32.439998626708984,27.52153205871582,11843700,DIS
2008-09-03,32.31999969482422,32.540000915527344,31.969999313354492,32.5099983215332,27.580921173095703,9554000,DIS
2008-09-04,32.439998626708984,32.439998626708984,31.489999771118164,31.540000915527344,26.75798797607422,11444300,DIS
2008-09-05,31.450000762939453,31.549999237060547,30.8700008392334,31.360000610351562,26.605283737182617,9012200,DIS
2008-09-08,31.989999771118164,33.04999923706055,31.920000076293945,32.91999816894531,27.92875862121582,20362900,DIS
2008-09-09,32.869998931884766,33.29999923706055,32.43000030517578,32.43000030517578,27.51305389404297,15312400,DIS
2008-09-10,32.599998474121094,33.22999954223633,32.47999954223633,32.77000045776367,27.801498413085938,13883700,DIS
2008-09-11,32.59000015258789,33.0,32.20000076293945,32.939998626708984,27.945722579956055,14011700,DIS
2008-09-12,32.77000045776367,33.45000076293945,32.599998474121094,33.2599983215332,28.217206954956055,11213500,DIS
2008-09-15,32.59000015258789,33.290000915527344,32.25,32.36000061035156,27.45366668701172,15191900,DIS
2008-09-16,31.739999771118164,32.88999938964844,31.5,32.5099983215332,27.580921173095703,18550900,DIS
2008-09-17,32.099998474121094,33.0,31.90999984741211,32.189998626708984,27.30944061279297,22284700,DIS
2008-09-18,32.25,33.7400016784668,32.060001373291016,33.439998626708984,28.36991310119629,22442900,DIS
2008-09-19,34.0099983215332,34.849998474121094,33.25,34.38999938964844,29.175880432128906,28430600,DIS
2008-09-22,33.849998474121094,34.04999923706055,32.84000015258789,32.90999984741211,27.92027473449707,18394300,DIS
2008-09-23,32.880001068115234,33.31999969482422,32.150001525878906,32.529998779296875,27.597885131835938,13450900,DIS
2008-09-24,32.59000015258789,32.59000015258789,31.6299991607666,31.770000457763672,26.953121185302734,13600300,DIS
2008-09-25,32.0,32.880001068115234,31.969999313354492,32.470001220703125,27.546985626220703,13356400,DIS
2008-09-26,31.940000534057617,32.810001373291016,31.940000534057617,32.75,27.784528732299805,9546400,DIS
2008-09-29,32.20000076293945,32.95000076293945,29.25,29.729999542236328,25.2224178314209,26696900,DIS
2008-09-30,30.34000015258789,30.850000381469727,29.479999542236328,30.690000534057617,26.036863327026367,16589100,DIS
2008-10-01,30.299999237060547,30.799999237060547,29.90999984741211,30.68000030517578,26.028379440307617,11020900,DIS
2008-10-02,30.420000076293945,30.809999465942383,29.899999618530273,29.959999084472656,25.417543411254883,11783300,DIS
2008-10-03,30.170000076293945,31.059999465942383,29.459999084472656,29.540000915527344,25.061227798461914,17468400,DIS
2008-10-06,28.84000015258789,29.030000686645508,26.299999237060547,28.260000228881836,23.975292205810547,35803300,DIS
2008-10-07,27.809999465942383,28.350000381469727,26.209999084472656,26.56999969482422,22.541526794433594,27859500,DIS
2008-10-08,25.510000228881836,27.1200008392334,24.93000030517578,25.68000030517578,21.786470413208008,28972100,DIS
2008-10-09,25.6200008392334,26.290000915527344,23.75,23.799999237060547,20.191505432128906,24391800,DIS
2008-10-10,22.59000015258789,24.420000076293945,21.25,23.040000915527344,19.546741485595703,37801900,DIS
2008-10-13,23.709999084472656,26.84000015258789,23.5,26.719999313354492,22.668785095214844,20772800,DIS
2008-10-14,27.959999084472656,28.0,25.040000915527344,25.68000030517578,21.786470413208008,20214300,DIS
2008-10-15,25.110000610351562,25.229999542236328,23.280000686645508,23.3700008392334,19.826702117919922,18089100,DIS
2008-10-16,23.3700008392334,24.600000381469727,22.06999969482422,24.270000457763672,20.590248107910156,21418200,DIS
2008-10-17,23.690000534057617,25.850000381469727,23.440000534057617,24.75,20.99747085571289,17985900,DIS
2008-10-20,24.959999084472656,26.549999237060547,24.59000015258789,26.549999237060547,22.524560928344727,14070800,DIS
2008-10-21,26.100000381469727,26.18000030517578,25.09000015258789,25.309999465942383,21.472564697265625,14680800,DIS
2008-10-22,24.68000030517578,24.68000030517578,22.31999969482422,23.049999237060547,19.555219650268555,20567900,DIS
2008-10-23,22.940000534057617,23.639999389648438,21.889999389648438,23.399999618530273,19.852155685424805,17445800,DIS
2008-10-24,21.739999771118164,23.200000762939453,21.5,22.610000610351562,19.18193244934082,16247600,DIS
2008-10-27,22.020000457763672,22.549999237060547,21.360000610351562,21.3700008392334,18.129932403564453,15081300,DIS
2008-10-28,21.989999771118164,24.229999542236328,21.520000457763672,23.90999984741211,20.284826278686523,21845500,DIS
2008-10-29,23.75,25.399999618530273,23.5,23.969999313354492,20.33573341369629,17071300,DIS
2008-10-30,24.920000076293945,25.549999237060547,24.170000076293945,25.329999923706055,21.489534378051758,14182600,DIS
2008-10-31,25.020000457763672,26.469999313354492,24.940000534057617,25.90999984741211,21.98159408569336,17466700,DIS
2008-11-03,25.850000381469727,25.850000381469727,24.190000534057617,25.040000915527344,21.24350357055664,19742300,DIS
2008-11-04,25.290000915527344,26.239999771118164,25.290000915527344,26.020000457763672,22.074914932250977,16761900,DIS
2008-11-05,25.90999984741211,25.969999313354492,24.100000381469727,24.229999542236328,20.55631446838379,15063300,DIS
2008-11-06,24.1299991607666,24.270000457763672,22.31999969482422,22.809999465942383,19.351608276367188,23027700,DIS
2008-11-07,21.549999237060547,24.200000762939453,21.40999984741211,23.360000610351562,19.818218231201172,28705700,DIS
2008-11-10,23.899999618530273,23.899999618530273,21.65999984741211,22.079999923706055,18.73229217529297,16363000,DIS
2008-11-11,21.770000457763672,22.40999984741211,20.489999771118164,21.780000686645508,18.477771759033203,23171800,DIS
2008-11-12,21.360000610351562,21.709999084472656,20.030000686645508,20.15999984741211,17.1033935546875,21258600,DIS
2008-11-13,20.299999237060547,21.75,19.579999923706055,21.649999618530273,18.36748695373535,24066200,DIS
2008-11-14,21.139999389648438,22.389999389648438,20.940000534057617,21.079999923706055,17.8839054107666,16888600,DIS
2008-11-17,20.079999923706055,20.739999771118164,19.579999923706055,19.739999771118164,16.74707794189453,20652300,DIS
2008-11-18,19.920000076293945,20.979999542236328,19.860000610351562,20.670000076293945,17.53607177734375,21954000,DIS
2008-11-19,20.559999465942383,21.030000686645508,19.93000030517578,19.940000534057617,16.916751861572266,22433000,DIS
2008-11-20,19.59000015258789,20.149999618530273,18.600000381469727,18.729999542236328,15.890210151672363,26921200,DIS
2008-11-21,19.239999771118164,21.1299991607666,18.780000686645508,21.1200008392334,17.9178409576416,28131800,DIS
2008-11-24,21.360000610351562,22.90999984741211,20.600000381469727,22.200000762939453,18.83409309387207,24042800,DIS
2008-11-25,22.299999237060547,22.68000030517578,21.299999237060547,22.030000686645508,18.68987464904785,20331500,DIS
2008-11-26,21.299999237060547,22.770000457763672,20.940000534057617,22.5,19.088611602783203,13904000,DIS
2008-11-28,22.420000076293945,22.540000915527344,21.81999969482422,22.520000457763672,19.105571746826172,7577100,DIS
2008-12-01,22.040000915527344,22.1299991607666,20.270000457763672,20.329999923706055,17.24761962890625,17969200,DIS
2008-12-02,20.649999618530273,21.549999237060547,20.299999237060547,21.459999084472656,18.20629119873047,20051200,DIS
2008-12-03,20.600000381469727,22.0,20.56999969482422,21.940000534057617,18.61351776123047,16331800,DIS
2008-12-04,21.540000915527344,22.559999465942383,21.459999084472656,21.790000915527344,18.48625946044922,17198700,DIS
2008-12-05,21.510000228881836,22.84000015258789,20.8700008392334,22.770000457763672,19.31767463684082,17945000,DIS
2008-12-08,23.0,26.100000381469727,22.90999984741211,24.920000076293945,21.141695022583008,34087700,DIS
2008-12-09,24.079999923706055,24.8799991607666,23.31999969482422,23.530000686645508,19.962444305419922,26341900,DIS
2008-12-10,23.850000381469727,24.200000762939453,23.299999237060547,23.700000762939453,20.106672286987305,16276200,DIS
2008-12-11,23.40999984741211,23.65999984741211,22.579999923706055,22.81999969482422,19.650285720825195,14827300,DIS
2008-12-12,22.1200008392334,22.860000610351562,21.93000030517578,22.610000610351562,19.46945571899414,15025300,DIS
2008-12-15,22.93000030517578,22.979999542236328,22.34000015258789,22.770000457763672,19.60723304748535,12908800,DIS
2008-12-16,23.040000915527344,24.170000076293945,22.56999969482422,23.780000686645508,20.476947784423828,22276500,DIS
2008-12-17,23.56999969482422,23.940000534057617,23.139999389648438,23.579999923706055,20.304725646972656,14715400,DIS
2008-12-18,23.670000076293945,23.899999618530273,22.5,22.829999923706055,19.658899307250977,18351500,DIS
2008-12-19,23.0,23.200000762939453,22.18000030517578,22.43000030517578,19.3144588470459,21133800,DIS
2008-12-22,22.40999984741211,22.530000686645508,21.280000686645508,21.93000030517578,18.883909225463867,12596900,DIS
2008-12-23,22.18000030517578,22.5,21.760000228881836,21.850000381469727,18.815021514892578,9381100,DIS
2008-12-24,21.90999984741211,22.209999084472656,21.790000915527344,21.989999771118164,18.93557357788086,3507200,DIS
2008-12-26,22.290000915527344,22.420000076293945,21.959999084472656,22.18000030517578,19.099184036254883,3069100,DIS
2008-12-29,22.149999618530273,22.149999618530273,21.149999618530273,21.469999313354492,18.487802505493164,7411700,DIS
2008-12-30,21.479999542236328,22.5,21.3799991607666,22.479999542236328,19.35751724243164,11105200,DIS
2008-12-31,22.56999969482422,22.950000762939453,22.520000457763672,22.690000534057617,19.538341522216797,9012100,DIS
2009-01-02,22.760000228881836,24.030000686645508,22.5,23.920000076293945,20.597496032714844,9796600,DIS
2009-01-05,23.510000228881836,24.0,23.290000915527344,23.5,20.2358341217041,11675100,DIS
2009-01-06,23.809999465942383,24.829999923706055,23.799999237060547,24.309999465942383,20.933319091796875,12070800,DIS
2009-01-07,23.889999389648438,23.889999389648438,22.920000076293945,23.18000030517578,19.960283279418945,12300700,DIS
2009-01-08,23.100000381469727,23.219999313354492,22.510000228881836,22.899999618530273,19.719175338745117,12600700,DIS
2009-01-09,23.1200008392334,23.1200008392334,22.229999542236328,22.309999465942383,19.21112632751465,11489700,DIS
2009-01-12,22.299999237060547,22.479999542236328,21.610000610351562,21.860000610351562,18.82362937927246,11259800,DIS
2009-01-13,21.520000457763672,21.93000030517578,21.030000686645508,21.200000762939453,18.255308151245117,15502200,DIS
2009-01-14,20.93000030517578,21.200000762939453,20.420000076293945,20.799999237060547,17.910865783691406,15482600,DIS
2009-01-15,20.799999237060547,21.610000610351562,19.950000762939453,21.360000610351562,18.393083572387695,18169700,DIS
2009-01-16,21.670000076293945,22.139999389648438,20.780000686645508,21.459999084472656,18.479190826416016,16294800,DIS
2009-01-20,21.459999084472656,21.65999984741211,20.149999618530273,20.239999771118164,17.428646087646484,19725000,DIS
2009-01-21,20.84000015258789,21.309999465942383,20.459999084472656,21.229999542236328,18.281139373779297,17181900,DIS
2009-01-22,20.790000915527344,21.200000762939453,20.469999313354492,20.969999313354492,18.057254791259766,16007900,DIS
2009-01-23,20.43000030517578,20.969999313354492,19.979999542236328,20.610000610351562,17.747257232666016,15436900,DIS
2009-01-26,21.079999923706055,21.420000076293945,20.5,20.860000610351562,17.96253204345703,10840400,DIS
2009-01-27,20.90999984741211,21.5,20.850000381469727,21.25,18.298362731933594,12696600,DIS
2009-01-28,21.639999389648438,22.399999618530273,21.600000381469727,22.280000686645508,19.1852970123291,13079500,DIS
2009-01-29,21.93000030517578,22.020000457763672,21.1200008392334,21.25,18.298362731933594,11295500,DIS
2009-01-30,21.309999465942383,21.649999618530273,20.510000228881836,20.68000030517578,17.807533264160156,15484400,DIS
2009-02-02,20.079999923706055,20.5,19.84000015258789,20.200000762939453,17.394207000732422,16499500,DIS
2009-02-03,20.780000686645508,20.790000915527344,19.760000228881836,20.6200008392334,17.75586700439453,27402700,DIS
2009-02-04,19.59000015258789,20.09000015258789,18.709999084472656,19.0,16.36088752746582,48826100,DIS
2009-02-05,18.8700008392334,19.299999237060547,18.170000076293945,18.709999084472656,16.11117172241211,34993800,DIS
2009-02-06,18.760000228881836,19.639999389648438,18.649999618530273,19.450000762939453,16.748382568359375,20471300,DIS
2009-02-09,19.81999969482422,19.81999969482422,19.100000381469727,19.440000534057617,16.73977279663086,15404300,DIS
2009-02-10,19.280000686645508,19.440000534057617,18.639999389648438,18.760000228881836,16.154226303100586,22253200,DIS
2009-02-11,18.950000762939453,18.979999542236328,18.260000228881836,18.5,15.930336952209473,19154300,DIS
2009-02-12,18.329999923706055,18.8799991607666,18.030000686645508,18.829999923706055,16.214502334594727,20367000,DIS
2009-02-13,18.719999313354492,18.899999618530273,18.399999618530273,18.520000457763672,15.947558403015137,11804200,DIS
2009-02-17,18.06999969482422,18.110000610351562,17.719999313354492,17.84000015258789,15.36201286315918,21996100,DIS
2009-02-18,17.950000762939453,18.010000228881836,17.530000686645508,17.6299991607666,15.181181907653809,18669100,DIS
2009-02-19,17.780000686645508,18.010000228881836,17.219999313354492,17.690000534057617,15.23284912109375,19575900,DIS
2009-02-20,17.25,17.8799991607666,17.1299991607666,17.530000686645508,15.095071792602539,22969800,DIS
2009-02-23,17.709999084472656,17.84000015258789,16.920000076293945,16.969999313354492,14.61285400390625,15134700,DIS
2009-02-24,17.110000610351562,18.149999618530273,16.969999313354492,17.920000076293945,15.430899620056152,16498400,DIS
2009-02-25,17.780000686645508,17.799999237060547,17.030000686645508,17.360000610351562,14.948685646057129,16146500,DIS
2009-02-26,17.540000915527344,17.600000381469727,16.84000015258789,16.860000610351562,14.518135070800781,12636900,DIS
2009-02-27,16.68000030517578,17.1299991607666,16.420000076293945,16.770000457763672,14.44063663482666,18621000,DIS
2009-03-02,16.479999542236328,16.549999237060547,15.899999618530273,16.049999237060547,13.820642471313477,17103200,DIS
2009-03-03,16.15999984741211,16.690000534057617,15.989999771118164,16.360000610351562,14.08758544921875,19551300,DIS
2009-03-04,16.520000457763672,17.219999313354492,16.09000015258789,16.940000534057617,14.587020874023438,15800100,DIS
2009-03-05,16.5,16.600000381469727,15.850000381469727,15.989999771118164,13.768978118896484,17038600,DIS
2009-03-06,15.84000015258789,16.420000076293945,15.319999694824219,15.829999923706055,13.63120174407959,20629300,DIS
2009-03-09,15.479999542236328,16.239999771118164,15.460000038146973,15.59000015258789,13.424537658691406,14569200,DIS
2009-03-10,15.229999542236328,16.6200008392334,15.140000343322754,16.610000610351562,14.302863121032715,24287100,DIS
2009-03-11,16.760000228881836,16.979999542236328,16.3799991607666,16.59000015258789,14.285638809204102,14956900,DIS
2009-03-12,16.799999237060547,17.489999771118164,16.56999969482422,17.43000030517578,15.00896167755127,16768100,DIS
2009-03-13,17.639999389648438,17.639999389648438,17.010000228881836,17.1299991607666,14.750630378723145,17520000,DIS
2009-03-16,17.270000457763672,17.690000534057617,17.1200008392334,17.209999084472656,14.8195219039917,18963300,DIS
2009-03-17,17.200000762939453,17.829999923706055,17.15999984741211,17.81999969482422,15.344792366027832,11424200,DIS
2009-03-18,17.719999313354492,18.3700008392334,17.5,18.110000610351562,15.594510078430176,16190600,DIS
2009-03-19,18.149999618530273,18.299999237060547,17.479999542236328,17.700000762939453,15.241456985473633,17370100,DIS
2009-03-20,17.799999237060547,17.979999542236328,17.079999923706055,17.450000762939453,15.026185035705566,17766600,DIS
2009-03-23,17.829999923706055,18.920000076293945,17.739999771118164,18.920000076293945,16.2919979095459,15830500,DIS
2009-03-24,18.09000015258789,18.700000762939453,18.040000915527344,18.290000915527344,15.74950885772705,16570800,DIS
2009-03-25,18.34000015258789,18.8799991607666,17.860000610351562,18.530000686645508,15.95617389678955,16019200,DIS
2009-03-26,18.68000030517578,19.139999389648438,18.399999618530273,19.059999465942383,16.412553787231445,15556800,DIS
2009-03-27,18.809999465942383,18.950000762939453,18.399999618530273,18.59000015258789,16.00783348083496,13962400,DIS
2009-03-30,18.1200008392334,18.260000228881836,17.540000915527344,17.850000381469727,15.370627403259277,13150500,DIS
2009-03-31,18.059999465942383,18.489999771118164,17.81999969482422,18.15999984741211,15.637564659118652,14704500,DIS
2009-04-01,17.920000076293945,18.81999969482422,17.84000015258789,18.790000915527344,16.180057525634766,12933600,DIS
2009-04-02,19.25,20.5,19.149999618530273,20.209999084472656,17.402814865112305,25194100,DIS
2009-04-03,19.90999984741211,20.389999389648438,19.780000686645508,20.0,17.221988677978516,18478000,DIS
2009-04-06,19.780000686645508,20.0,19.350000381469727,19.6200008392334,16.8947696685791,11280900,DIS
2009-04-07,19.3799991607666,19.3799991607666,19.030000686645508,19.1200008392334,16.464221954345703,11623500,DIS
2009-04-08,19.190000534057617,19.549999237060547,19.0,19.360000610351562,16.670883178710938,12438100,DIS
2009-04-09,19.829999923706055,20.06999969482422,19.600000381469727,19.8799991607666,17.118650436401367,13841800,DIS
2009-04-13,19.600000381469727,19.690000534057617,19.270000457763672,19.530000686645508,16.817272186279297,14907400,DIS
2009-04-14,19.350000381469727,19.389999389648438,18.799999237060547,19.020000457763672,16.37810707092285,14315900,DIS
2009-04-15,19.1200008392334,19.799999237060547,19.040000915527344,19.729999542236328,16.98948860168457,12706700,DIS
2009-04-16,19.899999618530273,20.639999389648438,19.719999313354492,20.510000228881836,17.661148071289062,15449300,DIS
2009-04-17,20.56999969482422,20.700000762939453,20.079999923706055,20.3799991607666,17.549205780029297,14911100,DIS
2009-04-20,20.0,20.010000228881836,19.229999542236328,19.40999984741211,16.713937759399414,14272900,DIS
2009-04-21,19.219999313354492,19.510000228881836,19.149999618530273,19.469999313354492,16.76560401916504,11611000,DIS
2009-04-22,19.299999237060547,19.739999771118164,19.0,19.399999618530273,16.705326080322266,15812000,DIS
2009-04-23,19.420000076293945,19.729999542236328,19.15999984741211,19.6299991607666,16.903379440307617,14190400,DIS
2009-04-24,19.84000015258789,20.459999084472656,19.559999465942383,20.260000228881836,17.44586944580078,16599400,DIS
2009-04-27,19.6200008392334,20.149999618530273,19.600000381469727,19.739999771118164,16.998104095458984,17855500,DIS
2009-04-28,19.600000381469727,19.790000915527344,19.309999465942383,19.510000228881836,16.800048828125,23172500,DIS
2009-04-29,19.68000030517578,21.43000030517578,19.469999313354492,21.010000228881836,18.09169578552246,28270400,DIS
2009-04-30,21.280000686645508,22.56999969482422,21.149999618530273,21.899999618530273,18.858074188232422,36593300,DIS
2009-05-01,21.760000228881836,21.979999542236328,21.1200008392334,21.940000534057617,18.892520904541016,15718000,DIS
2009-05-04,22.010000228881836,22.899999618530273,21.84000015258789,22.860000610351562,19.684736251831055,17603700,DIS
2009-05-05,22.690000534057617,23.34000015258789,22.65999984741211,23.149999618530273,19.934450149536133,16806900,DIS
2009-05-06,24.950000762939453,26.290000915527344,24.65999984741211,25.8700008392334,22.276639938354492,49777100,DIS
2009-05-07,25.799999237060547,26.170000076293945,24.979999542236328,25.329999923706055,21.811647415161133,23981600,DIS
2009-05-08,25.700000762939453,26.0,25.0,25.459999084472656,21.9235897064209,18172900,DIS
2009-05-11,25.110000610351562,25.170000076293945,24.68000030517578,24.709999084472656,21.27776527404785,14656600,DIS
2009-05-12,24.899999618530273,24.899999618530273,23.899999618530273,24.31999969482422,20.94193458557129,15536900,DIS
2009-05-13,23.889999389648438,23.989999771118164,23.43000030517578,23.600000381469727,20.321943283081055,14055900,DIS
2009-05-14,23.649999618530273,23.969999313354492,23.270000457763672,23.479999542236328,20.218612670898438,11893400,DIS
2009-05-15,23.450000762939453,24.219999313354492,23.270000457763672,23.40999984741211,20.158336639404297,20991800,DIS
2009-05-18,23.6200008392334,24.260000228881836,23.549999237060547,24.209999084472656,20.847217559814453,9355300,DIS
2009-05-19,24.25,24.399999618530273,23.75,23.81999969482422,20.511383056640625,11906400,DIS
2009-05-20,24.0,24.280000686645508,23.40999984741211,23.549999237060547,20.278888702392578,10524200,DIS
2009-05-21,23.079999923706055,23.299999237060547,22.93000030517578,23.229999542236328,20.003339767456055,12632300,DIS
2009-05-22,23.25,24.0,23.049999237060547,23.700000762939453,20.408058166503906,11099100,DIS
2009-05-26,23.469999313354492,24.610000610351562,23.3799991607666,24.540000915527344,21.13138198852539,16299800,DIS
2009-05-27,24.440000534057617,24.719999313354492,23.770000457763672,23.8700008392334,20.554443359375,14981300,DIS
2009-05-28,24.06999969482422,24.399999618530273,23.489999771118164,23.989999771118164,20.657773971557617,12314700,DIS
2009-05-29,24.139999389648438,24.25,23.5,24.219999313354492,20.855825424194336,11215600,DIS
2009-06-01,24.829999923706055,25.260000228881836,24.75,25.030000686645508,21.553316116333008,11990000,DIS
2009-06-02,25.09000015258789,25.459999084472656,24.8799991607666,25.1299991607666,21.639427185058594,9792900,DIS
2009-06-03,24.860000610351562,25.15999984741211,24.75,25.079999923706055,21.596370697021484,10892000,DIS
2009-06-04,25.010000228881836,25.219999313354492,24.809999465942383,25.139999389648438,21.648035049438477,11521800,DIS
2009-06-05,25.479999542236328,25.549999237060547,24.850000381469727,24.950000762939453,21.48442840576172,10980400,DIS
2009-06-08,24.940000534057617,25.549999237060547,24.6299991607666,25.329999923706055,21.811647415161133,10700200,DIS
2009-06-09,25.18000030517578,25.489999771118164,25.079999923706055,25.329999923706055,21.811647415161133,8534800,DIS
2009-06-10,25.469999313354492,25.520000457763672,24.81999969482422,25.100000381469727,21.61359214782715,11791200,DIS
2009-06-11,25.149999618530273,25.639999389648438,25.100000381469727,25.229999542236328,21.725536346435547,9577300,DIS
2009-06-12,25.030000686645508,25.389999389648438,24.520000457763672,25.059999465942383,21.579147338867188,7332400,DIS
2009-06-15,24.780000686645508,24.780000686645508,24.040000915527344,24.25,20.88165855407715,7871500,DIS
2009-06-16,24.309999465942383,24.43000030517578,23.3700008392334,23.489999771118164,20.227222442626953,13346200,DIS
2009-06-17,23.43000030517578,23.950000762939453,23.360000610351562,23.68000030517578,20.390836715698242,8615100,DIS
2009-06-18,23.760000228881836,23.969999313354492,23.510000228881836,23.719999313354492,20.425275802612305,9313800,DIS
2009-06-19,23.889999389648438,24.1200008392334,23.3799991607666,23.530000686645508,20.261667251586914,13805600,DIS
2009-06-22,23.190000534057617,23.329999923706055,22.6299991607666,22.65999984741211,19.512508392333984,12356600,DIS
2009-06-23,22.719999313354492,23.06999969482422,22.549999237060547,22.8799991607666,19.70195198059082,9802300,DIS
2009-06-24,23.079999923706055,23.479999542236328,22.780000686645508,22.899999618530273,19.719175338745117,10006700,DIS
2009-06-25,22.860000610351562,23.729999542236328,22.780000686645508,23.549999237060547,20.278888702392578,11652800,DIS
2009-06-26,23.420000076293945,23.559999465942383,23.149999618530273,23.43000030517578,20.17555809020996,12086600,DIS
2009-06-29,23.5,23.84000015258789,23.309999465942383,23.65999984741211,20.373611450195312,7735600,DIS
2009-06-30,23.700000762939453,23.75,23.040000915527344,23.329999923706055,20.089447021484375,10805200,DIS
2009-07-01,23.5,23.93000030517578,23.389999389648438,23.450000762939453,20.192779541015625,8102100,DIS
2009-07-02,23.18000030517578,23.450000762939453,22.56999969482422,22.84000015258789,19.667509078979492,15561200,DIS
2009-07-06,22.68000030517578,23.139999389648438,22.600000381469727,23.09000015258789,19.882783889770508,14452200,DIS
2009-07-07,23.110000610351562,23.219999313354492,22.5,22.530000686645508,19.40056800842285,15263700,DIS
2009-07-08,22.68000030517578,22.84000015258789,22.049999237060547,22.239999771118164,19.150850296020508,14542800,DIS
2009-07-09,22.3799991607666,22.639999389648438,22.100000381469727,22.530000686645508,19.40056800842285,9779600,DIS
2009-07-10,22.290000915527344,22.719999313354492,22.229999542236328,22.40999984741211,19.2972354888916,11076000,DIS
2009-07-13,22.489999771118164,22.780000686645508,22.06999969482422,22.700000762939453,19.54695701599121,8433300,DIS
2009-07-14,22.719999313354492,23.209999084472656,22.65999984741211,23.110000610351562,19.90001106262207,10361500,DIS
2009-07-15,23.3700008392334,24.1299991607666,23.3700008392334,24.079999923706055,20.735275268554688,12112800,DIS
2009-07-16,24.540000915527344,24.989999771118164,24.360000610351562,24.790000915527344,21.346654891967773,15463500,DIS
2009-07-17,24.809999465942383,24.829999923706055,24.43000030517578,24.510000228881836,21.105548858642578,10516600,DIS
2009-07-20,24.979999542236328,25.43000030517578,24.770000457763672,25.3700008392334,21.846088409423828,13801500,DIS
2009-07-21,25.389999389648438,25.540000915527344,24.959999084472656,25.200000762939453,21.699705123901367,13081600,DIS
2009-07-22,25.09000015258789,25.600000381469727,24.989999771118164,25.3799991607666,21.854700088500977,8490700,DIS
2009-07-23,25.450000762939453,26.84000015258789,25.309999465942383,26.799999237060547,23.077463150024414,17220100,DIS
2009-07-24,26.6299991607666,26.81999969482422,26.170000076293945,26.579999923706055,22.888017654418945,8818000,DIS
2009-07-27,26.549999237060547,26.68000030517578,26.219999313354492,26.450000762939453,22.776077270507812,9796800,DIS
2009-07-28,26.56999969482422,26.59000015258789,26.09000015258789,26.3700008392334,22.707189559936523,10791500,DIS
2009-07-29,26.18000030517578,26.639999389648438,25.780000686645508,25.889999389648438,22.29386329650879,11834300,DIS
2009-07-30,26.3799991607666,26.700000762939453,26.190000534057617,26.219999313354492,22.57802391052246,17084100,DIS
2009-07-31,25.389999389648438,25.639999389648438,25.040000915527344,25.1200008392334,21.630815505981445,25054700,DIS
2009-08-03,25.520000457763672,25.610000610351562,25.360000610351562,25.520000457763672,21.975255966186523,18161500,DIS
2009-08-04,25.350000381469727,25.65999984741211,25.239999771118164,25.639999389648438,22.078588485717773,10073700,DIS
2009-08-05,25.639999389648438,25.700000762939453,24.989999771118164,25.270000457763672,21.759981155395508,12043000,DIS
2009-08-06,25.350000381469727,25.6200008392334,25.06999969482422,25.3700008392334,21.846088409423828,9145200,DIS
2009-08-07,25.6299991607666,26.829999923706055,25.600000381469727,26.690000534057617,22.982744216918945,14579100,DIS
2009-08-10,26.420000076293945,26.540000915527344,26.139999389648438,26.440000534057617,22.767467498779297,8199100,DIS
2009-08-11,26.329999923706055,26.40999984741211,25.770000457763672,25.899999618530273,22.302473068237305,8745200,DIS
2009-08-12,25.90999984741211,26.469999313354492,25.75,26.219999313354492,22.57802391052246,9024000,DIS
2009-08-13,26.280000686645508,26.350000381469727,25.709999084472656,26.260000228881836,22.612468719482422,10621800,DIS
2009-08-14,26.229999542236328,26.469999313354492,25.540000915527344,25.860000610351562,22.268028259277344,8901400,DIS
2009-08-17,25.3799991607666,25.540000915527344,24.889999389648438,25.09000015258789,21.604982376098633,9396100,DIS
2009-08-18,25.229999542236328,25.280000686645508,24.950000762939453,25.200000762939453,21.699705123901367,9701200,DIS
2009-08-19,25.0,25.600000381469727,25.0,25.479999542236328,21.940813064575195,11145500,DIS
2009-08-20,25.530000686645508,25.989999771118164,25.469999313354492,25.889999389648438,22.29386329650879,10030200,DIS
2009-08-21,26.049999237060547,26.860000610351562,25.8700008392334,26.790000915527344,23.068851470947266,13723300,DIS
2009-08-24,26.989999771118164,27.1200008392334,26.729999542236328,26.799999237060547,23.077463150024414,9356400,DIS
2009-08-25,26.979999542236328,27.299999237060547,26.799999237060547,26.8700008392334,23.137739181518555,11427900,DIS
2009-08-26,26.719999313354492,27.200000762939453,26.59000015258789,27.0,23.24968147277832,10588200,DIS
2009-08-27,27.100000381469727,27.110000610351562,26.510000228881836,27.010000228881836,23.25829315185547,9044600,DIS
2009-08-28,27.079999923706055,27.079999923706055,26.59000015258789,26.84000015258789,23.111906051635742,9270100,DIS
2009-08-31,26.489999771118164,26.969999313354492,25.75,26.040000915527344,22.42302703857422,29465600,DIS
2009-09-01,25.889999389648438,26.670000076293945,25.59000015258789,25.68000030517578,22.113033294677734,26083200,DIS
2009-09-02,25.6299991607666,25.649999618530273,25.260000228881836,25.399999618530273,21.871923446655273,14833200,DIS
2009-09-03,25.59000015258789,25.6299991607666,25.25,25.440000534057617,21.906368255615234,11087600,DIS
2009-09-04,25.450000762939453,26.030000686645508,25.350000381469727,25.899999618530273,22.302473068237305,11638500,DIS
2009-09-08,26.309999465942383,26.360000610351562,26.09000015258789,26.280000686645508,22.62969398498535,12399400,DIS
2009-09-09,26.290000915527344,26.989999771118164,26.149999618530273,26.950000762939453,23.206628799438477,19096600,DIS
2009-09-10,26.959999084472656,28.3700008392334,26.959999084472656,28.360000610351562,24.420778274536133,21856400,DIS
2009-09-11,28.350000381469727,28.420000076293945,28.010000228881836,28.420000076293945,24.472442626953125,14221600,DIS
2009-09-14,28.190000534057617,28.290000915527344,27.790000915527344,28.079999923706055,24.179670333862305,12298300,DIS
2009-09-15,28.0,28.3700008392334,27.829999923706055,28.290000915527344,24.36050033569336,10712200,DIS
2009-09-16,28.309999465942383,28.459999084472656,28.100000381469727,28.3700008392334,24.42938995361328,10020300,DIS
2009-09-17,28.309999465942383,28.530000686645508,28.139999389648438,28.459999084472656,24.50688934326172,13941400,DIS
2009-09-18,28.56999969482422,28.68000030517578,28.25,28.440000534057617,24.489667892456055,14104800,DIS
2009-09-21,28.1200008392334,28.18000030517578,27.65999984741211,28.0,24.110782623291016,10935700,DIS
2009-09-22,28.1299991607666,28.399999618530273,28.010000228881836,28.3799991607666,24.437997817993164,9578900,DIS
2009-09-23,28.489999771118164,28.600000381469727,28.040000915527344,28.079999923706055,24.179670333862305,11057300,DIS
2009-09-24,28.1299991607666,28.31999969482422,27.649999618530273,27.969999313354492,24.08494758605957,11950300,DIS
2009-09-25,28.0,28.020000457763672,27.530000686645508,27.6200008392334,23.783567428588867,13628000,DIS
2009-09-28,27.770000457763672,28.3799991607666,27.719999313354492,28.229999542236328,24.3088321685791,8633100,DIS
2009-09-29,28.260000228881836,28.440000534057617,27.940000534057617,27.940000534057617,24.05911636352539,8057800,DIS
2009-09-30,27.93000030517578,28.0,27.25,27.459999084472656,23.645790100097656,18600700,DIS
2009-10-01,27.760000228881836,27.760000228881836,27.0,27.360000610351562,23.559682846069336,16124900,DIS
2009-10-02,27.049999237060547,27.270000457763672,26.84000015258789,27.209999084472656,23.430513381958008,14635300,DIS
2009-10-05,27.15999984741211,27.770000457763672,27.0,27.670000076293945,23.82662010192871,10263300,DIS
2009-10-06,27.829999923706055,28.329999923706055,27.670000076293945,28.18000030517578,24.265783309936523,11016400,DIS
2009-10-07,28.290000915527344,28.450000762939453,27.959999084472656,28.170000076293945,24.257171630859375,6861400,DIS
2009-10-08,28.270000457763672,28.989999771118164,28.25,28.670000076293945,24.68771743774414,10366700,DIS
2009-10-09,28.670000076293945,28.760000228881836,28.450000762939453,28.639999389648438,24.66188621520996,7091600,DIS
2009-10-12,28.709999084472656,29.149999618530273,28.489999771118164,28.639999389648438,24.66188621520996,6960000,DIS
2009-10-13,28.600000381469727,28.790000915527344,28.360000610351562,28.40999984741211,24.463829040527344,9426400,DIS
2009-10-14,28.690000534057617,29.0,28.479999542236328,28.90999984741211,24.89438247680664,9541600,DIS
2009-10-15,28.729999542236328,29.25,28.700000762939453,29.229999542236328,25.169933319091797,8734100,DIS
2009-10-16,29.020000457763672,29.520000457763672,28.809999465942383,29.399999618530273,25.316320419311523,12048800,DIS
2009-10-19,29.399999618530273,29.979999542236328,29.200000762939453,29.8700008392334,25.721040725708008,12627300,DIS
2009-10-20,29.729999542236328,29.729999542236328,28.989999771118164,29.350000381469727,25.27326774597168,10377800,DIS
2009-10-21,29.329999923706055,29.959999084472656,29.200000762939453,29.229999542236328,25.169933319091797,9611300,DIS
2009-10-22,29.06999969482422,29.56999969482422,28.850000381469727,29.440000534057617,25.350767135620117,7547900,DIS
2009-10-23,29.360000610351562,29.469999313354492,28.690000534057617,28.889999389648438,24.877161026000977,9778300,DIS
2009-10-26,28.8700008392334,29.469999313354492,28.420000076293945,28.649999618530273,24.67049789428711,13255900,DIS
2009-10-27,28.6299991607666,28.93000030517578,28.010000228881836,28.170000076293945,24.257171630859375,11176400,DIS
2009-10-28,28.06999969482422,28.15999984741211,27.229999542236328,27.239999771118164,23.456348419189453,14359600,DIS
2009-10-29,27.459999084472656,28.15999984741211,27.18000030517578,28.139999389648438,24.231338500976562,13171500,DIS
2009-10-30,28.139999389648438,28.309999465942383,27.280000686645508,27.3700008392334,23.56829261779785,12957000,DIS
2009-11-02,27.3799991607666,27.860000610351562,27.010000228881836,27.40999984741211,23.602731704711914,13301400,DIS
2009-11-03,27.260000228881836,27.729999542236328,27.100000381469727,27.6200008392334,23.783567428588867,12044500,DIS
2009-11-04,28.1200008392334,28.729999542236328,27.899999618530273,28.030000686645508,24.136619567871094,12832900,DIS
2009-11-05,28.229999542236328,29.100000381469727,28.229999542236328,29.0,24.971881866455078,12129800,DIS
2009-11-06,28.790000915527344,29.0,28.34000015258789,28.559999465942383,24.59299659729004,11862600,DIS
2009-11-09,28.670000076293945,29.06999969482422,28.229999542236328,29.0,24.971881866455078,12643300,DIS
2009-11-10,29.010000228881836,29.299999237060547,28.950000762939453,29.1200008392334,25.075210571289062,16938200,DIS
2009-11-11,29.209999084472656,29.469999313354492,29.110000610351562,29.290000915527344,25.221601486206055,11551800,DIS
2009-11-12,29.399999618530273,29.459999084472656,28.899999618530273,29.049999237060547,25.01493263244629,18282100,DIS
2009-11-13,29.75,30.530000686645508,29.709999084472656,30.440000534057617,26.211862564086914,29084900,DIS
2009-11-16,30.1200008392334,30.8799991607666,30.030000686645508,30.700000762939453,26.435752868652344,12891200,DIS
2009-11-17,30.270000457763672,30.93000030517578,30.25,30.8700008392334,26.582136154174805,10173600,DIS
2009-11-18,30.68000030517578,30.780000686645508,30.299999237060547,30.670000076293945,26.40991973876953,7843500,DIS
2009-11-19,30.260000228881836,30.399999618530273,29.920000076293945,30.209999084472656,26.013809204101562,8148500,DIS
2009-11-20,30.06999969482422,30.25,29.850000381469727,30.010000228881836,25.841590881347656,9205600,DIS
2009-11-23,30.309999465942383,30.760000228881836,30.309999465942383,30.479999542236328,26.246309280395508,8046300,DIS
2009-11-24,30.459999084472656,30.530000686645508,30.100000381469727,30.229999542236328,26.031036376953125,7829700,DIS
2009-11-25,30.239999771118164,30.75,30.0,30.610000610351562,26.358253479003906,10274900,DIS
2009-11-27,30.06999969482422,30.5,29.799999237060547,30.350000381469727,26.134366989135742,5688000,DIS
2009-11-30,30.229999542236328,30.3700008392334,29.950000762939453,30.219999313354492,26.022418975830078,10260500,DIS
2009-12-01,30.440000534057617,30.770000457763672,30.440000534057617,30.729999542236328,26.461585998535156,9318200,DIS
2009-12-02,30.559999465942383,30.8700008392334,30.5,30.790000915527344,26.51325225830078,11386300,DIS
2009-12-03,30.799999237060547,30.969999313354492,30.299999237060547,30.329999923706055,26.117145538330078,9511700,DIS
2009-12-04,30.68000030517578,31.100000381469727,30.420000076293945,30.84000015258789,26.55630111694336,14406400,DIS
2009-12-07,30.93000030517578,31.239999771118164,30.81999969482422,31.0,26.694082260131836,12451500,DIS
2009-12-08,30.8700008392334,30.979999542236328,30.450000762939453,30.68000030517578,26.41852569580078,8703000,DIS
2009-12-09,30.93000030517578,30.93000030517578,30.520000457763672,30.700000762939453,26.435752868652344,9267900,DIS
2009-12-10,30.850000381469727,31.530000686645508,30.75,31.299999237060547,27.263229370117188,13609600,DIS
2009-12-11,31.489999771118164,31.829999923706055,31.3700008392334,31.700000762939453,27.61163902282715,15481000,DIS
2009-12-14,31.920000076293945,32.08000183105469,31.809999465942383,31.829999923706055,27.724878311157227,9230700,DIS
2009-12-15,31.700000762939453,32.33000183105469,31.610000610351562,32.18000030517578,28.029735565185547,15183800,DIS
2009-12-16,32.20000076293945,32.59000015258789,32.20000076293945,32.43000030517578,28.247495651245117,11940200,DIS
2009-12-17,32.16999816894531,32.290000915527344,31.649999618530273,31.93000030517578,27.811979293823242,14592500,DIS
2009-12-18,32.08000183105469,32.16999816894531,31.579999923706055,31.950000762939453,27.829397201538086,15229700,DIS
2009-12-21,32.04999923706055,32.4900016784668,31.989999771118164,32.400001525878906,28.221363067626953,7702900,DIS
2009-12-22,32.310001373291016,32.5,32.220001220703125,32.310001373291016,28.142969131469727,9162000,DIS
2009-12-23,32.310001373291016,32.470001220703125,32.040000915527344,32.43000030517578,28.247495651245117,6567900,DIS
2009-12-24,32.02000045776367,32.34000015258789,31.940000534057617,32.290000915527344,28.125551223754883,3557400,DIS
2009-12-28,32.2400016784668,32.36000061035156,31.799999237060547,31.90999984741211,27.7945556640625,7981600,DIS
2009-12-29,32.04999923706055,32.47999954223633,32.0099983215332,32.380001068115234,28.20393943786621,6242100,DIS
2009-12-30,32.310001373291016,32.380001068115234,32.099998474121094,32.279998779296875,28.116836547851562,6692500,DIS
2009-12-31,32.27000045776367,32.75,32.220001220703125,32.25,28.09070587158203,19651700,DIS
2010-01-04,32.5,32.75,31.8700008392334,32.06999969482422,27.933923721313477,13700400,DIS
2010-01-05,32.06999969482422,32.15999984741211,31.700000762939453,31.989999771118164,27.86423683166504,10307700,DIS
2010-01-06,31.899999618530273,32.0,31.68000030517578,31.81999969482422,27.71616554260254,10709500,DIS
2010-01-07,31.770000457763672,31.860000610351562,31.540000915527344,31.829999923706055,27.724878311157227,8202100,DIS
2010-01-08,31.65999984741211,31.940000534057617,31.530000686645508,31.8799991607666,27.76841926574707,7657500,DIS
2010-01-11,31.530000686645508,31.739999771118164,31.09000015258789,31.360000610351562,27.315488815307617,11250500,DIS
2010-01-12,31.020000457763672,31.1200008392334,30.68000030517578,30.81999969482422,26.845136642456055,14618300,DIS
2010-01-13,30.889999389648438,31.3700008392334,30.8700008392334,31.290000915527344,27.2545166015625,9620600,DIS
2010-01-14,31.1299991607666,31.18000030517578,30.959999084472656,31.020000457763672,27.01934051513672,9235600,DIS
2010-01-15,31.010000228881836,31.149999618530273,30.40999984741211,30.600000381469727,26.653505325317383,13936400,DIS
2010-01-19,30.59000015258789,31.190000534057617,30.5,31.010000228881836,27.010631561279297,9662100,DIS
2010-01-20,31.0,31.239999771118164,30.719999313354492,31.190000534057617,27.167415618896484,13302800,DIS
2010-01-21,31.139999389648438,31.420000076293945,30.56999969482422,30.610000610351562,26.66221809387207,15403600,DIS
2010-01-22,30.5,30.709999084472656,29.950000762939453,29.979999542236328,26.113466262817383,14459400,DIS
2010-01-25,30.219999313354492,30.229999542236328,29.549999237060547,29.920000076293945,26.061203002929688,11155800,DIS
2010-01-26,29.799999237060547,29.940000534057617,29.31999969482422,29.65999984741211,25.83474349975586,11197300,DIS
2010-01-27,29.559999465942383,29.809999465942383,29.010000228881836,29.31999969482422,25.538593292236328,16121200,DIS
2010-01-28,29.43000030517578,29.479999542236328,28.709999084472656,29.350000381469727,25.564722061157227,17126000,DIS
2010-01-29,29.3700008392334,29.81999969482422,29.25,29.549999237060547,25.73892593383789,14507900,DIS
2010-02-01,29.600000381469727,29.770000457763672,29.34000015258789,29.520000457763672,25.712797164916992,10894200,DIS
2010-02-02,29.530000686645508,30.010000228881836,29.219999313354492,29.979999542236328,26.113466262817383,10100900,DIS
2010-02-03,29.920000076293945,30.8700008392334,29.790000915527344,30.75,26.78415870666504,15976200,DIS
2010-02-04,30.280000686645508,30.489999771118164,29.65999984741211,29.670000076293945,25.84345245361328,13407100,DIS
2010-02-05,29.6299991607666,29.84000015258789,28.989999771118164,29.540000915527344,25.73021697998047,11956100,DIS
2010-02-08,29.760000228881836,29.950000762939453,29.459999084472656,29.479999542236328,25.677955627441406,10656800,DIS
2010-02-09,29.889999389648438,30.040000915527344,29.479999542236328,29.84000015258789,25.99152183532715,14376800,DIS
2010-02-10,29.15999984741211,30.09000015258789,29.030000686645508,30.030000686645508,26.157018661499023,24191900,DIS
2010-02-11,29.81999969482422,30.43000030517578,29.760000228881836,30.15999984741211,26.27025032043457,12389400,DIS
2010-02-12,29.860000610351562,30.200000762939453,29.860000610351562,30.06999969482422,26.191865921020508,12802700,DIS
2010-02-16,30.280000686645508,30.5,30.170000076293945,30.469999313354492,26.540271759033203,9061600,DIS
2010-02-17,30.540000915527344,30.93000030517578,30.3799991607666,30.860000610351562,26.879976272583008,9768600,DIS
2010-02-18,30.860000610351562,31.06999969482422,30.68000030517578,31.020000457763672,27.01934051513672,8212300,DIS
2010-02-19,30.940000534057617,31.520000457763672,30.850000381469727,31.229999542236328,27.20225715637207,12595600,DIS
2010-02-22,31.350000381469727,31.469999313354492,31.059999465942383,31.1200008392334,27.1064453125,7868200,DIS
2010-02-23,31.030000686645508,31.270000457763672,30.860000610351562,30.920000076293945,26.93223762512207,10228300,DIS
2010-02-24,31.049999237060547,31.5,31.010000228881836,31.389999389648438,27.341623306274414,12062100,DIS
2010-02-25,30.8799991607666,31.40999984741211,30.850000381469727,31.360000610351562,27.315488815307617,10553800,DIS
2010-02-26,31.389999389648438,31.40999984741211,30.979999542236328,31.239999771118164,27.21096420288086,13449800,DIS
2010-03-01,31.399999618530273,31.600000381469727,31.34000015258789,31.540000915527344,27.472274780273438,8681000,DIS
2010-03-02,31.40999984741211,31.920000076293945,31.389999389648438,31.8799991607666,27.76841926574707,14070600,DIS
2010-03-03,31.950000762939453,31.959999084472656,31.549999237060547,31.639999389648438,27.559377670288086,10345500,DIS
2010-03-04,32.02000045776367,32.86000061035156,31.920000076293945,32.56999969482422,28.369436264038086,23075400,DIS
2010-03-05,32.790000915527344,33.220001220703125,32.75,33.220001220703125,28.935609817504883,19204800,DIS
2010-03-08,32.959999084472656,33.5,32.95000076293945,33.189998626708984,28.90947914123535,13176600,DIS
2010-03-09,33.0,33.34000015258789,32.779998779296875,33.310001373291016,29.013996124267578,11072700,DIS
2010-03-10,33.18000030517578,33.599998474121094,33.099998474121094,33.33000183105469,29.031421661376953,9652900,DIS
2010-03-11,33.31999969482422,33.810001373291016,33.119998931884766,33.810001373291016,29.44951057434082,11392500,DIS
2010-03-12,33.810001373291016,33.810001373291016,33.470001220703125,33.689998626708984,29.344987869262695,9610400,DIS
2010-03-15,33.52000045776367,33.75,33.36000061035156,33.720001220703125,29.371116638183594,8235900,DIS
2010-03-16,33.7400016784668,33.83000183105469,33.4900016784668,33.75,29.397249221801758,8472600,DIS
2010-03-17,33.790000915527344,33.84000015258789,33.529998779296875,33.75,29.397249221801758,7858400,DIS
2010-03-18,33.689998626708984,33.849998474121094,33.52000045776367,33.779998779296875,29.423377990722656,8044200,DIS
2010-03-19,33.63999938964844,33.97999954223633,33.47999954223633,33.63999938964844,29.301433563232422,16729000,DIS
2010-03-22,33.470001220703125,34.189998626708984,33.41999816894531,33.95000076293945,29.57145881652832,11717600,DIS
2010-03-23,34.0,34.099998474121094,33.72999954223633,34.0099983215332,29.623716354370117,7038000,DIS
2010-03-24,33.90999984741211,34.43000030517578,33.869998931884766,34.38999938964844,29.954710006713867,12195200,DIS
2010-03-25,34.4900016784668,35.5,34.41999816894531,35.09000015258789,30.564434051513672,32705900,DIS
2010-03-26,34.88999938964844,35.599998474121094,34.849998474121094,35.310001373291016,30.756053924560547,22909800,DIS
2010-03-29,35.279998779296875,35.41999816894531,34.970001220703125,35.15999984741211,30.625398635864258,12560500,DIS
2010-03-30,35.130001068115234,35.20000076293945,34.7599983215332,35.099998474121094,30.573137283325195,17201800,DIS
2010-03-31,35.06999969482422,35.20000076293945,34.810001373291016,34.90999984741211,30.40764617919922,10789500,DIS
2010-04-01,35.06999969482422,35.59000015258789,35.0099983215332,35.54999923706055,30.965105056762695,14603000,DIS
2010-04-05,35.279998779296875,35.540000915527344,35.06999969482422,35.220001220703125,30.67766571044922,10607900,DIS
2010-04-06,35.2400016784668,35.61000061035156,35.099998474121094,35.470001220703125,30.895421981811523,12637700,DIS
2010-04-07,35.38999938964844,35.4900016784668,35.060001373291016,35.31999969482422,30.764766693115234,9242200,DIS
2010-04-08,35.279998779296875,35.75,35.13999938964844,35.66999816894531,31.069629669189453,9915900,DIS
2010-04-09,35.81999969482422,36.880001068115234,35.63999938964844,36.220001220703125,31.548694610595703,21346000,DIS
2010-04-12,36.13999938964844,36.33000183105469,35.79999923706055,35.88999938964844,31.26125717163086,10410800,DIS
2010-04-13,35.869998931884766,36.060001373291016,35.709999084472656,35.84000015258789,31.217702865600586,10922200,DIS
2010-04-14,35.88999938964844,36.209999084472656,35.77000045776367,36.20000076293945,31.531272888183594,9267400,DIS
2010-04-15,36.08000183105469,36.5099983215332,35.86000061035156,36.400001525878906,31.705476760864258,9185900,DIS
2010-04-16,36.220001220703125,36.5099983215332,35.68000030517578,35.83000183105469,31.20899200439453,12327500,DIS
2010-04-19,35.79999923706055,36.16999816894531,35.58000183105469,36.16999816894531,31.50514793395996,9840500,DIS
2010-04-20,36.279998779296875,36.650001525878906,36.279998779296875,36.540000915527344,31.827421188354492,16515000,DIS
2010-04-21,36.38999938964844,36.75,36.349998474121094,36.560001373291016,31.8448429107666,9039700,DIS
2010-04-22,36.29999923706055,36.869998931884766,36.119998931884766,36.779998779296875,32.03647232055664,10494600,DIS
2010-04-23,36.79999923706055,36.849998474121094,36.4900016784668,36.790000915527344,32.04518127441406,7677100,DIS
2010-04-26,36.7599983215332,37.13999938964844,36.66999816894531,37.040000915527344,32.262939453125,9983200,DIS
2010-04-27,36.779998779296875,36.81999969482422,36.15999984741211,36.31999969482422,31.635793685913086,10931300,DIS
2010-04-28,36.52000045776367,36.54999923706055,35.959999084472656,36.290000915527344,31.609664916992188,10930900,DIS
2010-04-29,36.5,37.38999938964844,36.5,37.220001220703125,32.41972351074219,10576700,DIS
2010-04-30,37.189998626708984,37.4900016784668,36.599998474121094,36.84000015258789,32.088741302490234,11456400,DIS
2010-05-03,36.95000076293945,37.97999954223633,36.84000015258789,37.560001373291016,32.71588134765625,10887500,DIS
2010-05-04,37.290000915527344,37.29999923706055,36.31999969482422,36.59000015258789,31.8709774017334,13195700,DIS
2010-05-05,36.43000030517578,36.560001373291016,35.08000183105469,35.34000015258789,30.78217887878418,17960000,DIS
2010-05-06,35.15999984741211,35.54999923706055,31.0,34.0099983215332,29.623716354370117,25181500,DIS
2010-05-07,33.86000061035156,34.349998474121094,32.77000045776367,33.40999984741211,29.101102828979492,22579800,DIS
2010-05-10,34.9900016784668,35.630001068115234,34.560001373291016,35.290000915527344,30.738636016845703,18282600,DIS
2010-05-11,35.52000045776367,36.25,35.13999938964844,35.7599983215332,31.148019790649414,19853200,DIS
2010-05-12,34.97999954223633,36.209999084472656,34.81999969482422,35.130001068115234,30.599267959594727,25533300,DIS
2010-05-13,35.18000030517578,35.529998779296875,34.7400016784668,34.75,30.268278121948242,15445900,DIS
2010-05-14,34.65999984741211,34.779998779296875,33.83000183105469,34.060001373291016,29.667272567749023,16945200,DIS
2010-05-17,34.220001220703125,34.34000015258789,33.290000915527344,34.20000076293945,29.789216995239258,15136700,DIS
2010-05-18,34.36000061035156,34.63999938964844,33.52000045776367,33.72999954223633,29.37982749938965,17393800,DIS
2010-05-19,33.470001220703125,33.79999923706055,33.09000015258789,33.38999938964844,29.083683013916016,18536600,DIS
2010-05-20,32.7599983215332,32.959999084472656,31.989999771118164,31.989999771118164,27.86423683166504,26615500,DIS
2010-05-21,31.399999618530273,32.869998931884766,31.399999618530273,32.869998931884766,28.6307430267334,20122900,DIS
2010-05-24,32.560001373291016,32.9900016784668,32.11000061035156,32.47999954223633,28.291040420532227,14040200,DIS
2010-05-25,31.579999923706055,32.369998931884766,31.209999084472656,32.31999969482422,28.15167999267578,26555900,DIS
2010-05-26,32.5099983215332,33.849998474121094,32.13999938964844,33.06999969482422,28.804946899414062,25296300,DIS
2010-05-27,33.599998474121094,34.369998931884766,33.47999954223633,34.369998931884766,29.937280654907227,16214500,DIS
2010-05-28,33.70000076293945,34.04999923706055,33.2400016784668,33.41999816894531,29.10980987548828,15832700,DIS
2010-06-01,33.060001373291016,33.869998931884766,32.849998474121094,33.33000183105469,29.031421661376953,15438800,DIS
2010-06-02,33.56999969482422,34.790000915527344,33.459999084472656,34.7400016784668,30.259572982788086,18309300,DIS
2010-06-03,34.91999816894531,35.099998474121094,34.310001373291016,34.709999084472656,30.233442306518555,17752500,DIS
2010-06-04,34.060001373291016,34.349998474121094,33.439998626708984,33.689998626708984,29.344987869262695,21813100,DIS
2010-06-07,33.70000076293945,34.06999969482422,33.0099983215332,33.040000915527344,28.778823852539062,14577700,DIS
2010-06-08,33.029998779296875,33.31999969482422,32.40999984741211,33.150001525878906,28.874631881713867,15662500,DIS
2010-06-09,33.29999923706055,33.81999969482422,32.83000183105469,32.939998626708984,28.691713333129883,13707600,DIS
2010-06-10,33.529998779296875,34.22999954223633,33.45000076293945,34.11000061035156,29.710824966430664,13720200,DIS
2010-06-11,33.849998474121094,34.2599983215332,33.58000183105469,34.2400016784668,29.824054718017578,8799700,DIS
2010-06-14,34.4900016784668,34.56999969482422,33.91999816894531,33.93000030517578,29.55403709411621,9336800,DIS
2010-06-15,34.11000061035156,35.0,34.11000061035156,34.9900016784668,30.477325439453125,11552200,DIS
2010-06-16,34.790000915527344,34.93000030517578,34.47999954223633,34.790000915527344,30.303117752075195,9416200,DIS
2010-06-17,34.79999923706055,35.11000061035156,34.599998474121094,35.06999969482422,30.54700469970703,10951100,DIS
2010-06-18,35.189998626708984,35.349998474121094,34.91999816894531,35.150001525878906,30.616689682006836,14672300,DIS
2010-06-21,35.5,35.83000183105469,34.86000061035156,35.060001373291016,30.53829574584961,11382500,DIS
2010-06-22,35.119998931884766,35.459999084472656,34.290000915527344,34.349998474121094,29.919870376586914,9731000,DIS
2010-06-23,34.36000061035156,34.630001068115234,34.04999923706055,34.34000015258789,29.911157608032227,9474000,DIS
2010-06-24,34.130001068115234,34.18000030517578,33.459999084472656,33.599998474121094,29.2665958404541,10273200,DIS
2010-06-25,33.5099983215332,33.68000030517578,33.119998931884766,33.47999954223633,29.162071228027344,11155500,DIS
2010-06-28,33.560001373291016,33.7599983215332,33.04999923706055,33.220001220703125,28.935609817504883,7802000,DIS
2010-06-29,33.310001373291016,33.369998931884766,32.040000915527344,32.29999923706055,28.134254455566406,15868300,DIS
2010-06-30,32.15999984741211,32.5099983215332,31.360000610351562,31.5,27.437429428100586,17186400,DIS
2010-07-01,31.469999313354492,32.099998474121094,30.90999984741211,31.489999771118164,27.42872428894043,19906200,DIS
2010-07-02,31.559999465942383,31.68000030517578,30.719999313354492,31.3799991607666,27.332910537719727,15597300,DIS
2010-07-06,31.770000457763672,32.29999923706055,31.3799991607666,31.719999313354492,27.629060745239258,15215500,DIS
2010-07-07,31.729999542236328,33.16999816894531,31.65999984741211,33.13999938964844,28.86591911315918,14309500,DIS
2010-07-08,33.33000183105469,33.540000915527344,32.900001525878906,33.34000015258789,29.040128707885742,10044000,DIS
2010-07-09,33.380001068115234,33.79999923706055,33.369998931884766,33.75,29.397249221801758,8530900,DIS
2010-07-12,33.58000183105469,33.88999938964844,33.38999938964844,33.77000045776367,29.414676666259766,10094300,DIS
2010-07-13,34.11000061035156,34.66999816894531,33.959999084472656,34.45000076293945,30.006975173950195,8653000,DIS
2010-07-14,34.2400016784668,34.5099983215332,33.91999816894531,34.2400016784668,29.824054718017578,7955100,DIS
2010-07-15,34.150001525878906,34.41999816894531,33.599998474121094,34.04999923706055,29.658559799194336,10656300,DIS
2010-07-16,33.88999938964844,34.0,32.91999816894531,33.029998779296875,28.77010726928711,13060100,DIS
2010-07-19,33.09000015258789,33.5,32.9900016784668,33.310001373291016,29.013996124267578,9647000,DIS
2010-07-20,33.33000183105469,33.45000076293945,32.79999923706055,33.400001525878906,29.09239387512207,11632000,DIS
2010-07-21,33.470001220703125,33.599998474121094,32.630001068115234,32.810001373291016,28.578487396240234,10151100,DIS
2010-07-22,33.09000015258789,33.77000045776367,33.04999923706055,33.59000015258789,29.25788688659668,9984500,DIS
2010-07-23,33.52000045776367,34.209999084472656,33.45000076293945,34.130001068115234,29.728242874145508,10790200,DIS
2010-07-26,34.09000015258789,34.720001220703125,34.09000015258789,34.400001525878906,29.96341896057129,10104400,DIS
2010-07-27,34.65999984741211,34.65999984741211,33.959999084472656,34.279998779296875,29.8588924407959,7103000,DIS
2010-07-28,34.189998626708984,34.209999084472656,33.79999923706055,34.040000915527344,29.64985466003418,6089200,DIS
2010-07-29,34.220001220703125,34.79999923706055,33.41999816894531,33.709999084472656,29.362409591674805,9938400,DIS
2010-07-30,33.369998931884766,33.880001068115234,33.02000045776367,33.689998626708984,29.344987869262695,7805000,DIS
2010-08-02,34.13999938964844,34.68000030517578,34.130001068115234,34.47999954223633,30.033098220825195,9948800,DIS
2010-08-03,34.439998626708984,34.54999923706055,34.02000045776367,34.209999084472656,29.797924041748047,8503300,DIS
2010-08-04,34.40999984741211,34.959999084472656,34.13999938964844,34.83000183105469,30.33797264099121,9840700,DIS
2010-08-05,34.68000030517578,35.04999923706055,34.560001373291016,34.97999954223633,30.4686222076416,8407300,DIS
2010-08-06,34.58000183105469,35.09000015258789,34.38999938964844,35.0,30.486040115356445,8061700,DIS
2010-08-09,34.959999084472656,35.22999954223633,34.900001525878906,35.15999984741211,30.625398635864258,7809300,DIS
2010-08-10,34.88999938964844,35.40999984741211,34.72999954223633,35.290000915527344,30.738636016845703,12353400,DIS
2010-08-11,34.77000045776367,34.77000045776367,34.130001068115234,34.220001220703125,29.806640625,15028900,DIS
2010-08-12,33.849998474121094,34.29999923706055,33.709999084472656,33.9900016784668,29.606294631958008,11809600,DIS
2010-08-13,33.790000915527344,33.810001373291016,33.40999984741211,33.68000030517578,29.336280822753906,11058100,DIS
2010-08-16,33.439998626708984,33.75,33.11000061035156,33.65999984741211,29.318859100341797,6917800,DIS
2010-08-17,33.91999816894531,33.9900016784668,33.5099983215332,33.7599983215332,29.405960083007812,9875200,DIS
2010-08-18,33.810001373291016,34.220001220703125,33.400001525878906,33.90999984741211,29.53662109375,8325000,DIS
2010-08-19,33.720001220703125,33.779998779296875,33.060001373291016,33.189998626708984,28.90947914123535,12070700,DIS
2010-08-20,33.0,33.20000076293945,32.709999084472656,33.04999923706055,28.78752899169922,8632700,DIS
2010-08-23,33.22999954223633,33.54999923706055,32.79999923706055,32.93000030517578,28.68300437927246,8046500,DIS
2010-08-24,32.4900016784668,32.70000076293945,31.969999313354492,32.13999938964844,27.994895935058594,14229700,DIS
2010-08-25,31.8700008392334,32.2400016784668,31.549999237060547,32.11000061035156,27.968765258789062,14144000,DIS
2010-08-26,32.18000030517578,32.439998626708984,31.8799991607666,31.940000534057617,27.820690155029297,10120500,DIS
2010-08-27,32.130001068115234,32.849998474121094,31.579999923706055,32.779998779296875,28.552349090576172,11144000,DIS
2010-08-30,32.72999954223633,32.9900016784668,32.31999969482422,32.349998474121094,28.177806854248047,7057900,DIS
2010-08-31,32.20000076293945,32.83000183105469,31.90999984741211,32.540000915527344,28.343299865722656,12520700,DIS
2010-09-01,33.0,33.70000076293945,32.90999984741211,33.5099983215332,29.188203811645508,10020900,DIS
2010-09-02,33.619998931884766,33.97999954223633,33.529998779296875,33.90999984741211,29.53662109375,7034600,DIS
2010-09-03,34.02000045776367,34.70000076293945,34.02000045776367,34.66999816894531,30.198596954345703,8473800,DIS
2010-09-07,34.5,34.630001068115234,33.65999984741211,33.84000015258789,29.475645065307617,10733100,DIS
2010-09-08,33.880001068115234,34.099998474121094,33.75,33.84000015258789,29.475645065307617,8370900,DIS
2010-09-09,34.34000015258789,34.4900016784668,34.0,34.08000183105469,29.684690475463867,6990600,DIS
2010-09-10,34.15999984741211,34.279998779296875,34.04999923706055,34.150001525878906,29.74566650390625,7362900,DIS
2010-09-13,34.41999816894531,34.66999816894531,33.91999816894531,34.27000045776367,29.85018539428711,8826700,DIS
2010-09-14,34.22999954223633,34.22999954223633,33.720001220703125,34.04999923706055,29.658559799194336,7761800,DIS
2010-09-15,34.0099983215332,34.41999816894531,33.880001068115234,34.209999084472656,29.797924041748047,7262300,DIS
2010-09-16,34.09000015258789,34.189998626708984,33.709999084472656,34.16999816894531,29.763080596923828,7297600,DIS
2010-09-17,34.380001068115234,34.72999954223633,34.36000061035156,34.560001373291016,30.10279083251953,19012800,DIS
2010-09-20,34.560001373291016,34.9900016784668,34.529998779296875,34.900001525878906,30.39893913269043,10219200,DIS
2010-09-21,34.90999984741211,34.97999954223633,34.27000045776367,34.5,30.050525665283203,11630600,DIS
2010-09-22,34.56999969482422,34.810001373291016,33.900001525878906,33.9900016784668,29.606294631958008,9897700,DIS
2010-09-23,33.66999816894531,33.72999954223633,33.0,33.119998931884766,28.84850311279297,18090900,DIS
2010-09-24,33.380001068115234,33.81999969482422,33.310001373291016,33.58000183105469,29.24917221069336,10657100,DIS
2010-09-27,33.599998474121094,33.65999984741211,33.279998779296875,33.290000915527344,28.996578216552734,7884000,DIS
2010-09-28,33.369998931884766,33.470001220703125,32.939998626708984,33.220001220703125,28.935609817504883,12863900,DIS
2010-09-29,33.029998779296875,33.18000030517578,32.68000030517578,33.0099983215332,28.752689361572266,9231200,DIS
2010-09-30,33.189998626708984,33.4900016784668,32.83000183105469,33.099998474121094,28.83108139038086,14459500,DIS
2010-10-01,33.29999923706055,33.58000183105469,33.119998931884766,33.34000015258789,29.040128707885742,12916300,DIS
2010-10-04,33.22999954223633,33.599998474121094,33.08000183105469,33.13999938964844,28.86591911315918,10708300,DIS
2010-10-05,33.38999938964844,33.9900016784668,33.36000061035156,33.83000183105469,29.466934204101562,14555400,DIS
2010-10-06,33.84000015258789,33.97999954223633,33.439998626708984,33.720001220703125,29.371116638183594,11339900,DIS
2010-10-07,33.779998779296875,33.97999954223633,33.68000030517578,33.90999984741211,29.53662109375,9029800,DIS
2010-10-08,33.970001220703125,34.70000076293945,33.79999923706055,34.5099983215332,30.059232711791992,12971700,DIS
2010-10-11,34.52000045776367,34.7400016784668,34.43000030517578,34.56999969482422,30.111495971679688,5347500,DIS
2010-10-12,34.36000061035156,34.61000061035156,33.959999084472656,34.47999954223633,30.033098220825195,9077900,DIS
2010-10-13,34.65999984741211,35.20000076293945,34.59000015258789,34.90999984741211,30.40764617919922,14425700,DIS
2010-10-14,34.790000915527344,34.95000076293945,34.58000183105469,34.849998474121094,30.35538101196289,7358700,DIS
2010-10-15,35.040000915527344,35.150001525878906,34.560001373291016,34.880001068115234,30.38151741027832,9641200,DIS
2010-10-18,34.83000183105469,35.0,34.5,34.75,30.268278121948242,6926200,DIS
2010-10-19,34.5,34.599998474121094,34.0,34.2400016784668,29.824054718017578,9554500,DIS
2010-10-20,34.27000045776367,34.75,34.27000045776367,34.619998931884766,30.15504264831543,10107800,DIS
2010-10-21,34.7599983215332,35.040000915527344,34.459999084472656,34.68000030517578,30.20730972290039,16888400,DIS
2010-10-22,34.66999816894531,34.9900016784668,34.29999923706055,34.970001220703125,30.459903717041016,9598800,DIS
2010-10-25,35.15999984741211,35.720001220703125,35.099998474121094,35.459999084472656,30.886701583862305,11230400,DIS
2010-10-26,35.130001068115234,35.970001220703125,34.9900016784668,35.959999084472656,31.32221794128418,14800400,DIS
2010-10-27,35.599998474121094,35.959999084472656,35.470001220703125,35.91999816894531,31.287389755249023,11752600,DIS
2010-10-28,35.95000076293945,36.52000045776367,35.939998626708984,36.5099983215332,31.801286697387695,14226000,DIS
2010-10-29,36.5099983215332,36.5099983215332,35.83000183105469,36.130001068115234,31.47029685974121,12926000,DIS
2010-11-01,36.209999084472656,36.4900016784668,35.7599983215332,36.029998779296875,31.38319969177246,8454000,DIS
2010-11-02,36.369998931884766,36.45000076293945,36.099998474121094,36.11000061035156,31.452878952026367,16355300,DIS
2010-11-03,36.119998931884766,36.43000030517578,35.95000076293945,36.290000915527344,31.609664916992188,12050100,DIS
2010-11-04,36.5,37.15999984741211,36.459999084472656,37.029998779296875,32.25422668457031,16674900,DIS
2010-11-05,36.779998779296875,37.27000045776367,36.779998779296875,37.20000076293945,32.40230941772461,9712900,DIS
2010-11-08,37.04999923706055,37.13999938964844,36.88999938964844,37.060001373291016,32.280364990234375,6802600,DIS
2010-11-09,37.189998626708984,37.22999954223633,36.68000030517578,36.86000061035156,32.106163024902344,7600000,DIS
2010-11-10,36.90999984741211,37.0,36.5099983215332,36.9900016784668,32.21938705444336,7857200,DIS
2010-11-11,36.880001068115234,37.38999938964844,35.150001525878906,35.93000030517578,31.29608917236328,37821800,DIS
2010-11-12,36.7599983215332,38.0,36.599998474121094,37.75,32.88136672973633,39192700,DIS
2010-11-15,37.41999816894531,37.65999984741211,37.13999938964844,37.25,32.44585418701172,11658400,DIS
2010-11-16,36.869998931884766,37.290000915527344,36.709999084472656,36.91999816894531,32.158409118652344,12409800,DIS
2010-11-17,36.79999923706055,37.31999969482422,36.70000076293945,37.220001220703125,32.41972351074219,10600500,DIS
2010-11-18,37.20000076293945,37.779998779296875,37.20000076293945,37.58000183105469,32.73329544067383,9520400,DIS
2010-11-19,37.099998474121094,37.33000183105469,36.75,37.0099983215332,32.23680114746094,13691800,DIS
2010-11-22,36.880001068115234,37.04999923706055,36.52000045776367,36.95000076293945,32.18454360961914,6558800,DIS
2010-11-23,36.529998779296875,36.619998931884766,36.0,36.119998931884766,31.461591720581055,11925900,DIS
2010-11-24,36.36000061035156,36.97999954223633,36.29999923706055,36.869998931884766,32.11485290527344,9098200,DIS
2010-11-26,36.5099983215332,36.93000030517578,36.43000030517578,36.70000076293945,31.966798782348633,3490900,DIS
2010-11-29,36.45000076293945,36.709999084472656,36.099998474121094,36.41999816894531,31.722900390625,8495200,DIS
2010-11-30,36.040000915527344,36.83000183105469,36.02000045776367,36.5099983215332,31.801286697387695,17578900,DIS
2010-12-01,37.150001525878906,37.40999984741211,37.040000915527344,37.119998931884766,32.33262252807617,15010900,DIS
2010-12-02,37.060001373291016,37.59000015258789,37.04999923706055,37.34000015258789,32.52425003051758,13967700,DIS
2010-12-03,37.04999923706055,37.66999816894531,37.04999923706055,37.59000015258789,32.742008209228516,6901500,DIS
2010-12-06,37.43000030517578,37.72999954223633,37.279998779296875,37.560001373291016,32.71588134765625,5086200,DIS
2010-12-07,37.84000015258789,37.97999954223633,37.310001373291016,37.33000183105469,32.51553726196289,8123100,DIS
2010-12-08,37.470001220703125,37.4900016784668,36.939998626708984,36.970001220703125,32.20197296142578,8561900,DIS
2010-12-09,36.869998931884766,37.0,36.5099983215332,36.7400016784668,32.35165786743164,6547200,DIS
2010-12-10,36.86000061035156,36.95000076293945,36.599998474121094,36.65999984741211,32.28121566772461,6748900,DIS
2010-12-13,36.95000076293945,37.47999954223633,36.56999969482422,37.130001068115234,32.6950798034668,12361700,DIS
2010-12-14,37.189998626708984,37.5,37.13999938964844,37.2400016784668,32.79193878173828,6954600,DIS
2010-12-15,37.15999984741211,37.369998931884766,36.900001525878906,36.95000076293945,32.53657913208008,7258400,DIS
2010-12-16,37.02000045776367,37.18000030517578,36.900001525878906,37.0099983215332,32.58940887451172,7649800,DIS
2010-12-17,36.970001220703125,37.16999816894531,36.77000045776367,37.04999923706055,32.624629974365234,11285400,DIS
2010-12-20,37.029998779296875,37.34000015258789,36.84000015258789,37.060001373291016,32.63344192504883,5114100,DIS
2010-12-21,37.16999816894531,37.41999816894531,37.099998474121094,37.33000183105469,32.871192932128906,4783900,DIS
2010-12-22,37.43000030517578,37.9900016784668,37.34000015258789,37.95000076293945,33.41712951660156,7229000,DIS
2010-12-23,37.849998474121094,37.939998626708984,37.52000045776367,37.70000076293945,33.19698715209961,4506000,DIS
2010-12-27,37.54999923706055,37.75,37.29999923706055,37.47999954223633,33.00326919555664,3518900,DIS
2010-12-28,37.459999084472656,37.52000045776367,37.06999969482422,37.36000061035156,32.897605895996094,3464300,DIS
2010-12-29,37.45000076293945,37.84000015258789,37.310001373291016,37.599998474121094,33.10893630981445,5097000,DIS
2010-12-30,37.58000183105469,37.650001525878906,37.38999938964844,37.47999954223633,33.00326919555664,3411800,DIS
2010-12-31,37.369998931884766,37.599998474121094,37.209999084472656,37.5099983215332,33.029693603515625,3650800,DIS
2011-01-03,37.7400016784668,38.0,37.619998931884766,37.81999969482422,33.30266189575195,7591000,DIS
2011-01-04,37.93000030517578,39.0,37.849998474121094,38.9900016784668,34.33292770385742,21974200,DIS
2011-01-05,39.22999954223633,40.0,39.16999816894531,39.959999084472656,35.18705368041992,22003400,DIS
2011-01-06,39.689998626708984,39.88999938964844,39.439998626708984,39.650001525878906,34.91408157348633,14738300,DIS
2011-01-07,39.54999923706055,39.68000030517578,39.15999984741211,39.45000076293945,34.73796844482422,6598700,DIS
2011-01-10,39.0099983215332,39.54999923706055,38.93000030517578,39.5,34.78200149536133,8772600,DIS
2011-01-11,39.599998474121094,39.810001373291016,39.2400016784668,39.400001525878906,34.693939208984375,6494800,DIS
2011-01-12,39.47999954223633,39.650001525878906,39.040000915527344,39.16999816894531,34.49141311645508,9586900,DIS
2011-01-13,39.18000030517578,39.36000061035156,39.0099983215332,39.2599983215332,34.5706672668457,7084100,DIS
2011-01-14,39.099998474121094,39.34000015258789,39.0,39.290000915527344,34.59708023071289,5214000,DIS
2011-01-18,39.06999969482422,39.5099983215332,39.0,39.38999938964844,34.68513488769531,7892000,DIS
2011-01-19,39.09000015258789,39.4900016784668,38.959999084472656,39.09000015258789,34.42097091674805,8371900,DIS
2011-01-20,39.0099983215332,39.38999938964844,38.5099983215332,39.16999816894531,34.49141311645508,8977900,DIS
2011-01-21,39.290000915527344,39.939998626708984,39.279998779296875,39.7400016784668,34.99332809448242,10931800,DIS
2011-01-24,39.63999938964844,39.95000076293945,39.540000915527344,39.939998626708984,35.1694450378418,7794300,DIS
2011-01-25,39.790000915527344,39.91999816894531,39.470001220703125,39.86000061035156,35.09899139404297,7920300,DIS
2011-01-26,39.84000015258789,39.93000030517578,39.369998931884766,39.439998626708984,34.729164123535156,9777100,DIS
2011-01-27,39.540000915527344,39.689998626708984,39.25,39.459999084472656,34.746768951416016,8231000,DIS
2011-01-28,39.36000061035156,39.790000915527344,38.650001525878906,38.849998474121094,34.20963668823242,8399900,DIS
2011-01-31,39.040000915527344,39.25,38.650001525878906,38.869998931884766,34.22724151611328,8206400,DIS
2011-02-01,39.040000915527344,39.95000076293945,39.040000915527344,39.880001068115234,35.11661911010742,9283000,DIS
2011-02-02,39.79999923706055,40.709999084472656,39.79999923706055,40.4900016784668,35.65374755859375,15357000,DIS
2011-02-03,40.400001525878906,40.75,40.279998779296875,40.5,35.66255569458008,9513800,DIS
2011-02-04,40.470001220703125,40.77000045776367,40.40999984741211,40.709999084472656,35.847476959228516,11142200,DIS
2011-02-07,40.79999923706055,41.20000076293945,40.709999084472656,40.939998626708984,36.05000305175781,7283900,DIS
2011-02-08,40.900001525878906,41.2400016784668,40.790000915527344,41.18000030517578,36.261329650878906,11850200,DIS
2011-02-09,42.7599983215332,44.04999923706055,42.720001220703125,43.36000061035156,38.180946350097656,35806100,DIS
2011-02-10,42.779998779296875,43.65999984741211,42.72999954223633,43.310001373291016,38.136924743652344,14829000,DIS
2011-02-11,43.040000915527344,43.5099983215332,43.0,43.40999984741211,38.22496795654297,14199200,DIS
2011-02-14,43.189998626708984,43.40999984741211,42.97999954223633,43.2400016784668,38.075286865234375,7500600,DIS
2011-02-15,43.0,43.56999969482422,42.97999954223633,43.09000015258789,37.943199157714844,12069100,DIS
2011-02-16,43.209999084472656,43.709999084472656,43.04999923706055,43.70000076293945,38.4803352355957,7902800,DIS
2011-02-17,43.5,43.900001525878906,43.470001220703125,43.70000076293945,38.4803352355957,6396000,DIS
2011-02-18,43.650001525878906,43.650001525878906,43.2599983215332,43.560001373291016,38.357051849365234,15918200,DIS
2011-02-22,42.83000183105469,43.150001525878906,42.400001525878906,42.650001525878906,37.555747985839844,14162700,DIS
2011-02-23,42.90999984741211,43.290000915527344,41.970001220703125,42.130001068115234,37.097862243652344,18834700,DIS
2011-02-24,42.0,42.470001220703125,41.599998474121094,42.41999816894531,37.35322189331055,14504800,DIS
2011-02-25,42.5,43.130001068115234,42.400001525878906,42.95000076293945,37.81991958618164,9457300,DIS
2011-02-28,43.02000045776367,43.869998931884766,43.0,43.7400016784668,38.51555633544922,12528200,DIS
2011-03-01,43.630001068115234,43.790000915527344,42.970001220703125,42.9900016784668,37.85514831542969,12093400,DIS
2011-03-02,43.13999938964844,43.619998931884766,42.97999954223633,43.290000915527344,38.11930847167969,7624800,DIS
2011-03-03,43.61000061035156,44.2400016784668,43.61000061035156,44.06999969482422,38.8061408996582,9641500,DIS
2011-03-04,44.029998779296875,44.34000015258789,43.099998474121094,43.54999923706055,38.34825134277344,11127700,DIS
2011-03-07,43.529998779296875,43.61000061035156,42.380001068115234,43.02000045776367,37.88155746459961,11765100,DIS
2011-03-08,43.060001373291016,43.58000183105469,42.72999954223633,43.20000076293945,38.04005432128906,6864300,DIS
2011-03-09,43.2400016784668,43.380001068115234,42.810001373291016,43.119998931884766,37.9696044921875,5386700,DIS
2011-03-10,42.650001525878906,42.83000183105469,42.15999984741211,42.470001220703125,37.397254943847656,10210600,DIS
2011-03-11,42.43000030517578,43.119998931884766,42.2599983215332,42.93000030517578,37.80230712890625,6954800,DIS
2011-03-14,42.63999938964844,42.68000030517578,41.58000183105469,42.2400016784668,37.19472122192383,11005600,DIS
2011-03-15,41.130001068115234,41.86000061035156,40.630001068115234,41.619998931884766,36.648773193359375,14572000,DIS
2011-03-16,41.220001220703125,41.58000183105469,40.41999816894531,40.599998474121094,35.750614166259766,16754900,DIS
2011-03-17,41.189998626708984,41.20000076293945,40.47999954223633,40.7599983215332,35.89149475097656,9378400,DIS
2011-03-18,41.25,41.66999816894531,41.16999816894531,41.22999954223633,36.305362701416016,13291500,DIS
2011-03-21,41.459999084472656,41.9900016784668,40.9900016784668,41.81999969482422,36.82489013671875,7130300,DIS
2011-03-22,41.849998474121094,41.95000076293945,41.380001068115234,41.439998626708984,36.49027633666992,6881000,DIS
2011-03-23,41.400001525878906,42.349998474121094,40.869998931884766,42.2400016784668,37.19472122192383,11705500,DIS
2011-03-24,42.470001220703125,42.9900016784668,42.400001525878906,42.86000061035156,37.74066925048828,7011100,DIS
2011-03-25,42.939998626708984,43.2400016784668,42.779998779296875,42.970001220703125,37.83753204345703,7935500,DIS
2011-03-28,43.189998626708984,43.29999923706055,42.52000045776367,42.52000045776367,37.441280364990234,6022900,DIS
2011-03-29,42.58000183105469,43.029998779296875,42.36000061035156,42.939998626708984,37.81110382080078,5452700,DIS
2011-03-30,43.150001525878906,43.47999954223633,43.04999923706055,43.349998474121094,38.17213821411133,7004800,DIS
2011-03-31,43.060001373291016,43.209999084472656,42.70000076293945,43.09000015258789,37.943199157714844,7206400,DIS
2011-04-01,43.22999954223633,43.380001068115234,42.63999938964844,42.849998474121094,37.73185729980469,8404800,DIS
2011-04-04,42.869998931884766,43.04999923706055,42.5099983215332,42.630001068115234,37.53813552856445,6841000,DIS
2011-04-05,42.65999984741211,42.83000183105469,42.20000076293945,42.43000030517578,37.362037658691406,7635700,DIS
2011-04-06,42.720001220703125,42.72999954223633,42.060001373291016,42.27000045776367,37.22114181518555,7826300,DIS
2011-04-07,42.18000030517578,42.27000045776367,41.5,42.040000915527344,37.01861572265625,9439900,DIS
2011-04-08,42.220001220703125,42.2400016784668,41.400001525878906,41.7599983215332,36.772056579589844,7271800,DIS
2011-04-11,41.7599983215332,41.939998626708984,41.54999923706055,41.88999938964844,36.88652801513672,6882700,DIS
2011-04-12,41.59000015258789,41.75,41.25,41.630001068115234,36.657588958740234,8387000,DIS
2011-04-13,41.83000183105469,42.02000045776367,41.4900016784668,41.70000076293945,36.7192268371582,5964800,DIS
2011-04-14,41.5,41.560001373291016,40.84000015258789,41.02000045776367,36.12044143676758,11204000,DIS
2011-04-15,41.22999954223633,41.709999084472656,40.959999084472656,41.52000045776367,36.560726165771484,8376900,DIS
2011-04-18,40.970001220703125,41.279998779296875,40.459999084472656,41.20000076293945,36.2789421081543,9975800,DIS
2011-04-19,41.08000183105469,41.459999084472656,40.880001068115234,41.349998474121094,36.41102981567383,6903700,DIS
2011-04-20,41.880001068115234,42.459999084472656,41.7599983215332,42.040000915527344,37.01861572265625,7400000,DIS
2011-04-21,42.31999969482422,42.400001525878906,42.099998474121094,42.27000045776367,37.22114181518555,4860800,DIS
2011-04-25,42.34000015258789,42.349998474121094,41.869998931884766,41.93000030517578,36.9217529296875,5157000,DIS
2011-04-26,41.97999954223633,42.439998626708984,41.720001220703125,42.33000183105469,37.27397537231445,7290800,DIS
2011-04-27,42.2599983215332,42.68000030517578,42.18000030517578,42.58000183105469,37.49411392211914,5396900,DIS
2011-04-28,42.380001068115234,43.150001525878906,42.380001068115234,43.02000045776367,37.88155746459961,6529800,DIS
2011-04-29,43.040000915527344,43.349998474121094,42.810001373291016,43.099998474121094,37.95199966430664,5740200,DIS
2011-05-02,43.470001220703125,43.790000915527344,43.209999084472656,43.27000045776367,38.101688385009766,5601100,DIS
2011-05-03,43.25,43.56999969482422,42.88999938964844,43.06999969482422,37.92559051513672,6206900,DIS
2011-05-04,42.939998626708984,43.2400016784668,42.29999923706055,42.619998931884766,37.52933120727539,7481400,DIS
2011-05-05,42.5099983215332,43.25,42.439998626708984,42.689998626708984,37.59096908569336,8242300,DIS
2011-05-06,43.29999923706055,43.5,42.849998474121094,43.060001373291016,37.91677474975586,7791900,DIS
2011-05-09,43.31999969482422,43.349998474121094,42.93000030517578,43.099998474121094,37.95199966430664,6308300,DIS
2011-05-10,43.2400016784668,44.130001068115234,43.099998474121094,43.90999984741211,38.66524887084961,12541000,DIS
2011-05-11,42.11000061035156,42.58000183105469,41.11000061035156,41.52000045776367,36.560726165771484,38451900,DIS
2011-05-12,41.5099983215332,41.7599983215332,40.939998626708984,41.58000183105469,36.613555908203125,13080100,DIS
2011-05-13,41.61000061035156,41.869998931884766,41.25,41.52000045776367,36.560726165771484,8420500,DIS
2011-05-16,41.2599983215332,41.29999923706055,40.88999938964844,40.93000030517578,36.04119110107422,11697800,DIS
2011-05-17,40.86000061035156,41.13999938964844,40.68000030517578,41.0099983215332,36.111637115478516,10024400,DIS
2011-05-18,40.939998626708984,41.45000076293945,40.900001525878906,41.41999816894531,36.4726676940918,9948300,DIS
2011-05-19,41.54999923706055,41.7400016784668,41.13999938964844,41.380001068115234,36.43745422363281,10055800,DIS
2011-05-20,41.34000015258789,41.84000015258789,41.119998931884766,41.5,36.54310989379883,9213000,DIS
2011-05-23,41.150001525878906,41.33000183105469,40.95000076293945,41.15999984741211,36.24372100830078,7955900,DIS
2011-05-24,41.27000045776367,41.34000015258789,40.869998931884766,41.09000015258789,36.18208694458008,8459300,DIS
2011-05-25,40.91999816894531,41.34000015258789,40.849998474121094,41.130001068115234,36.21730041503906,7030500,DIS
2011-05-26,41.02000045776367,41.220001220703125,40.54999923706055,40.9900016784668,36.094032287597656,11189400,DIS
2011-05-27,41.189998626708984,41.66999816894531,41.189998626708984,41.52000045776367,36.560726165771484,8529400,DIS
2011-05-31,41.900001525878906,41.9900016784668,41.47999954223633,41.630001068115234,36.657588958740234,10977200,DIS
2011-06-01,41.529998779296875,41.59000015258789,40.31999969482422,40.400001525878906,35.574501037597656,12632100,DIS
2011-06-02,40.349998474121094,40.689998626708984,39.9900016784668,40.060001373291016,35.27511215209961,13421400,DIS
2011-06-03,39.65999984741211,39.65999984741211,39.16999816894531,39.380001068115234,34.676334381103516,15135500,DIS
2011-06-06,39.18000030517578,39.70000076293945,39.13999938964844,39.400001525878906,34.693939208984375,9193400,DIS
2011-06-07,39.61000061035156,39.880001068115234,39.33000183105469,39.349998474121094,34.6499137878418,8666700,DIS
2011-06-08,39.459999084472656,39.650001525878906,39.13999938964844,39.22999954223633,34.54424285888672,8483000,DIS
2011-06-09,38.95000076293945,39.529998779296875,38.849998474121094,39.369998931884766,34.66752624511719,9642200,DIS
2011-06-10,39.150001525878906,39.33000183105469,38.41999816894531,38.5,33.90144348144531,13096800,DIS
2011-06-13,38.630001068115234,38.86000061035156,38.349998474121094,38.369998931884766,33.786964416503906,9253400,DIS
2011-06-14,38.68000030517578,38.86000061035156,38.5099983215332,38.59000015258789,33.98069381713867,10074600,DIS
2011-06-15,38.380001068115234,38.81999969482422,38.2400016784668,38.38999938964844,33.8045768737793,10716200,DIS
2011-06-16,38.369998931884766,38.470001220703125,37.77000045776367,38.0099983215332,33.469966888427734,11806900,DIS
2011-06-17,38.310001373291016,38.369998931884766,37.97999954223633,38.040000915527344,33.49637985229492,12658300,DIS
2011-06-20,37.849998474121094,38.27000045776367,37.650001525878906,38.22999954223633,33.663692474365234,8746200,DIS
2011-06-21,38.45000076293945,38.88999938964844,38.25,38.779998779296875,34.14799499511719,7815000,DIS
2011-06-22,38.560001373291016,38.77000045776367,38.279998779296875,38.310001373291016,33.73413848876953,8543700,DIS
2011-06-23,37.880001068115234,37.93000030517578,37.189998626708984,37.81999969482422,33.30266189575195,11874100,DIS
2011-06-24,37.90999984741211,38.02000045776367,37.38999938964844,37.58000183105469,33.091331481933594,13425400,DIS
2011-06-27,37.619998931884766,38.41999816894531,37.470001220703125,38.06999969482422,33.522796630859375,8258400,DIS
2011-06-28,38.16999816894531,38.45000076293945,37.790000915527344,37.91999816894531,33.390716552734375,11912700,DIS
2011-06-29,38.11000061035156,38.43000030517578,37.72999954223633,38.349998474121094,33.76935577392578,9614100,DIS
2011-06-30,38.5,39.119998931884766,38.349998474121094,39.040000915527344,34.37693786621094,10049800,DIS
2011-07-01,39.150001525878906,39.86000061035156,39.029998779296875,39.720001220703125,34.9757194519043,9245300,DIS
2011-07-05,39.77000045776367,40.18000030517578,39.599998474121094,39.970001220703125,35.19586944580078,9446200,DIS
2011-07-06,39.95000076293945,39.95000076293945,39.27000045776367,39.56999969482422,34.8436393737793,11435800,DIS
2011-07-07,39.849998474121094,40.060001373291016,39.72999954223633,39.7400016784668,34.99332809448242,10227600,DIS
2011-07-08,39.97999954223633,39.97999954223633,39.20000076293945,39.90999984741211,35.14302444458008,11795100,DIS
2011-07-11,39.4900016784668,39.540000915527344,39.08000183105469,39.220001220703125,34.53544616699219,9785500,DIS
2011-07-12,39.34000015258789,39.52000045776367,39.029998779296875,39.150001525878906,34.47380447387695,11311000,DIS
2011-07-13,39.25,39.83000183105469,39.09000015258789,39.560001373291016,34.8348274230957,12361400,DIS
2011-07-14,39.529998779296875,39.84000015258789,39.38999938964844,39.58000183105469,34.85243606567383,13294000,DIS
2011-07-15,39.720001220703125,39.81999969482422,38.97999954223633,39.27000045776367,34.5794677734375,18304900,DIS
2011-07-18,39.119998931884766,39.119998931884766,38.459999084472656,38.75,34.121578216552734,11309600,DIS
2011-07-19,39.040000915527344,39.72999954223633,38.9900016784668,39.540000915527344,34.81721496582031,7987500,DIS
2011-07-20,39.58000183105469,39.849998474121094,39.279998779296875,39.36000061035156,34.658721923828125,6126400,DIS
2011-07-21,39.689998626708984,40.869998931884766,39.66999816894531,40.7400016784668,35.87388610839844,13473000,DIS
2011-07-22,40.779998779296875,40.970001220703125,40.540000915527344,40.650001525878906,35.79463577270508,7723300,DIS
2011-07-25,40.25,40.88999938964844,40.15999984741211,40.560001373291016,35.71538543701172,6840900,DIS
2011-07-26,40.380001068115234,40.810001373291016,40.369998931884766,40.5099983215332,35.671356201171875,9292900,DIS
2011-07-27,40.349998474121094,40.369998931884766,39.41999816894531,39.52000045776367,34.79961395263672,10736600,DIS
2011-07-28,39.459999084472656,39.83000183105469,39.189998626708984,39.400001525878906,34.693939208984375,11028100,DIS
2011-07-29,39.04999923706055,39.310001373291016,38.5,38.619998931884766,34.007110595703125,16049700,DIS
2011-08-01,38.72999954223633,38.75,37.81999969482422,38.439998626708984,33.84860610961914,11497500,DIS
2011-08-02,38.060001373291016,38.43000030517578,36.93000030517578,36.970001220703125,32.55419158935547,13652300,DIS
2011-08-03,36.939998626708984,37.5,36.470001220703125,37.43000030517578,32.9592399597168,11804500,DIS
2011-08-04,36.849998474121094,36.88999938964844,35.2599983215332,35.349998474121094,31.127689361572266,19369200,DIS
2011-08-05,35.790000915527344,35.95000076293945,34.400001525878906,35.18000030517578,30.977998733520508,22781900,DIS
2011-08-08,34.060001373291016,34.56999969482422,33.029998779296875,33.029998779296875,29.08479118347168,25923500,DIS
2011-08-09,33.470001220703125,34.75,32.310001373291016,34.70000076293945,30.55532455444336,31836700,DIS
2011-08-10,31.84000015258789,32.27000045776367,29.600000381469727,31.540000915527344,27.772764205932617,87048500,DIS
2011-08-11,31.829999923706055,33.08000183105469,31.809999465942383,32.119998931884766,28.283489227294922,36389500,DIS
2011-08-12,32.7599983215332,33.560001373291016,32.439998626708984,33.09000015258789,29.137632369995117,24426900,DIS
2011-08-15,33.43000030517578,33.79999923706055,33.09000015258789,33.650001525878906,29.630741119384766,17839100,DIS
2011-08-16,33.119998931884766,33.66999816894531,32.75,33.41999816894531,29.428207397460938,18558300,DIS
2011-08-17,33.61000061035156,33.75,32.84000015258789,33.369998931884766,29.384180068969727,12741000,DIS
2011-08-18,32.470001220703125,32.689998626708984,32.16999816894531,32.54999923706055,28.66212272644043,23724700,DIS
2011-08-19,31.950000762939453,32.97999954223633,31.81999969482422,31.850000381469727,28.04573631286621,19006700,DIS
2011-08-22,32.41999816894531,32.650001525878906,31.940000534057617,32.02000045776367,28.195430755615234,15000100,DIS
2011-08-23,32.06999969482422,32.11000061035156,31.329999923706055,32.11000061035156,28.274682998657227,30417400,DIS
2011-08-24,32.0099983215332,32.58000183105469,31.729999542236328,32.5099983215332,28.62690544128418,12595700,DIS
2011-08-25,32.529998779296875,32.83000183105469,31.8799991607666,32.0099983215332,28.186626434326172,10799000,DIS
2011-08-26,32.119998931884766,32.63999938964844,31.360000610351562,32.400001525878906,28.530044555664062,11247100,DIS
2011-08-29,32.720001220703125,33.16999816894531,32.61000061035156,33.15999984741211,29.19926643371582,8397500,DIS
2011-08-30,33.119998931884766,33.869998931884766,32.81999969482422,33.58000183105469,29.56909942626953,14060100,DIS
2011-08-31,33.849998474121094,34.31999969482422,33.7400016784668,34.060001373291016,29.991771697998047,12282000,DIS
2011-09-01,34.09000015258789,34.33000183105469,33.34000015258789,33.380001068115234,29.392988204956055,10224700,DIS
2011-09-02,32.84000015258789,33.040000915527344,32.40999984741211,32.459999084472656,28.582876205444336,9144700,DIS
2011-09-06,31.459999084472656,31.940000534057617,31.329999923706055,31.760000228881836,27.96648597717285,12844800,DIS
2011-09-07,32.150001525878906,32.68000030517578,31.989999771118164,32.630001068115234,28.732572555541992,11471000,DIS
2011-09-08,32.41999816894531,32.65999984741211,31.90999984741211,31.950000762939453,28.1337947845459,10673200,DIS
2011-09-09,31.639999389648438,31.719999313354492,30.729999542236328,31.040000915527344,27.332487106323242,17509200,DIS
2011-09-12,30.690000534057617,31.309999465942383,30.520000457763672,31.290000915527344,27.55262565612793,10440000,DIS
2011-09-13,31.360000610351562,31.610000610351562,31.020000457763672,31.450000762939453,27.693513870239258,9792200,DIS
2011-09-14,31.670000076293945,32.72999954223633,31.229999542236328,32.290000915527344,28.433181762695312,12593100,DIS
2011-09-15,32.58000183105469,32.9900016784668,32.43000030517578,32.939998626708984,29.005538940429688,8466900,DIS
2011-09-16,33.13999938964844,33.290000915527344,32.630001068115234,32.90999984741211,28.979124069213867,16655300,DIS
2011-09-19,32.380001068115234,32.63999938964844,32.060001373291016,32.5099983215332,28.62690544128418,9979700,DIS
2011-09-20,32.65999984741211,32.880001068115234,32.22999954223633,32.310001373291016,28.450794219970703,10117700,DIS
2011-09-21,32.33000183105469,32.52000045776367,31.239999771118164,31.280000686645508,27.543821334838867,12618500,DIS
2011-09-22,30.540000915527344,30.899999618530273,29.18000030517578,29.549999237060547,26.020456314086914,26238400,DIS
2011-09-23,29.459999084472656,29.899999618530273,29.049999237060547,29.829999923706055,26.267011642456055,20944100,DIS
2011-09-26,30.059999465942383,30.34000015258789,29.68000030517578,30.299999237060547,26.68087387084961,14200600,DIS
2011-09-27,30.989999771118164,31.709999084472656,30.59000015258789,31.15999984741211,27.43815040588379,15723900,DIS
2011-09-28,31.270000457763672,31.420000076293945,30.3799991607666,30.479999542236328,26.839374542236328,11415000,DIS
2011-09-29,31.149999618530273,31.520000457763672,30.229999542236328,30.649999618530273,26.98906898498535,12114800,DIS
2011-09-30,30.15999984741211,30.709999084472656,29.989999771118164,30.15999984741211,26.557594299316406,15135000,DIS
2011-10-03,30.030000686645508,30.329999923706055,28.989999771118164,29.0,25.536149978637695,13899200,DIS
2011-10-04,28.729999542236328,29.969999313354492,28.190000534057617,29.860000610351562,26.293428421020508,19000000,DIS
2011-10-05,30.350000381469727,31.549999237060547,30.309999465942383,31.510000228881836,27.74634552001953,17823700,DIS
2011-10-06,31.229999542236328,32.04999923706055,31.020000457763672,32.029998779296875,28.204235076904297,12659400,DIS
2011-10-07,32.20000076293945,32.369998931884766,31.610000610351562,31.700000762939453,27.913652420043945,12070100,DIS
2011-10-10,32.36000061035156,33.099998474121094,32.29999923706055,33.0,29.058380126953125,7887400,DIS
2011-10-11,33.11000061035156,33.279998779296875,32.2400016784668,32.61000061035156,28.714962005615234,12891200,DIS
2011-10-12,32.959999084472656,34.43000030517578,32.75,33.7599983215332,29.72760009765625,17363400,DIS
2011-10-13,33.38999938964844,33.72999954223633,33.27000045776367,33.54999923706055,29.542682647705078,6837900,DIS
2011-10-14,34.02000045776367,34.529998779296875,33.90999984741211,34.470001220703125,30.35279655456543,10694700,DIS
2011-10-17,33.83000183105469,34.220001220703125,33.18000030517578,33.38999938964844,29.401798248291016,9987700,DIS
2011-10-18,33.459999084472656,34.20000076293945,33.130001068115234,33.939998626708984,29.886098861694336,10980600,DIS
2011-10-19,33.880001068115234,34.349998474121094,33.470001220703125,33.61000061035156,29.59551429748535,7479000,DIS
2011-10-20,33.849998474121094,34.119998931884766,33.25,33.84000015258789,29.79804229736328,7319800,DIS
2011-10-21,34.18000030517578,35.15999984741211,34.09000015258789,35.15999984741211,30.960376739501953,13707600,DIS
2011-10-24,35.2400016784668,35.709999084472656,35.02000045776367,35.369998931884766,31.145292282104492,8837900,DIS
2011-10-25,35.20000076293945,35.349998474121094,34.40999984741211,34.5099983215332,30.388019561767578,7812300,DIS
2011-10-26,34.880001068115234,35.189998626708984,34.09000015258789,35.04999923706055,30.863515853881836,10407200,DIS
2011-10-27,35.790000915527344,36.599998474121094,35.630001068115234,36.279998779296875,31.946605682373047,11316800,DIS
2011-10-28,36.22999954223633,36.34000015258789,35.720001220703125,36.209999084472656,31.884967803955078,8477600,DIS
2011-10-31,35.720001220703125,35.790000915527344,34.86000061035156,34.880001068115234,30.713825225830078,10152100,DIS
2011-11-01,34.43000030517578,34.470001220703125,33.310001373291016,33.599998474121094,29.58670997619629,13361700,DIS
2011-11-02,34.130001068115234,34.380001068115234,33.79999923706055,34.06999969482422,30.000574111938477,8538100,DIS
2011-11-03,34.56999969482422,35.130001068115234,33.970001220703125,35.029998779296875,30.845903396606445,9276100,DIS
2011-11-04,34.810001373291016,35.0099983215332,34.33000183105469,34.7599983215332,30.6081485748291,6430900,DIS
2011-11-07,34.86000061035156,35.16999816894531,34.61000061035156,35.150001525878906,30.951570510864258,6942700,DIS
2011-11-08,35.439998626708984,35.459999084472656,34.34000015258789,35.290000915527344,31.074853897094727,10710900,DIS
2011-11-09,34.59000015258789,34.59000015258789,33.65999984741211,33.790000915527344,29.754018783569336,11913800,DIS
2011-11-10,34.15999984741211,34.7599983215332,33.650001525878906,34.63999938964844,30.502492904663086,12170600,DIS
2011-11-11,36.630001068115234,37.41999816894531,36.369998931884766,36.70000076293945,32.316436767578125,22388500,DIS
2011-11-14,36.33000183105469,36.41999816894531,35.880001068115234,36.119998931884766,31.80571746826172,9631900,DIS
2011-11-15,35.959999084472656,37.0,35.959999084472656,36.45000076293945,32.09629440307617,14226700,DIS
2011-11-16,35.959999084472656,36.31999969482422,35.470001220703125,35.529998779296875,31.286184310913086,10809700,DIS
2011-11-17,35.380001068115234,35.86000061035156,34.79999923706055,35.150001525878906,30.951570510864258,32562000,DIS
2011-11-18,35.38999938964844,35.779998779296875,35.2400016784668,35.630001068115234,31.374244689941406,32200300,DIS
2011-11-21,35.47999954223633,35.630001068115234,34.220001220703125,34.33000183105469,30.229522705078125,39965700,DIS
2011-11-22,34.209999084472656,34.470001220703125,33.40999984741211,34.02000045776367,29.956546783447266,12500700,DIS
2011-11-23,33.58000183105469,33.779998779296875,33.400001525878906,33.400001525878906,29.41060447692871,10764000,DIS
2011-11-25,33.5,34.220001220703125,33.279998779296875,33.5099983215332,29.507461547851562,4991900,DIS
2011-11-28,34.27000045776367,34.529998779296875,33.7599983215332,34.06999969482422,30.000574111938477,8656400,DIS
2011-11-29,34.34000015258789,34.5,33.970001220703125,34.0,29.938940048217773,7655200,DIS
2011-11-30,34.68000030517578,35.88999938964844,34.65999984741211,35.849998474121094,31.567964553833008,16536000,DIS
2011-12-01,36.029998779296875,36.33000183105469,35.720001220703125,35.9900016784668,31.691247940063477,10350800,DIS
2011-12-02,36.33000183105469,36.83000183105469,36.29999923706055,36.61000061035156,32.2371940612793,10202500,DIS
2011-12-05,37.040000915527344,37.369998931884766,36.72999954223633,36.939998626708984,32.527767181396484,9973900,DIS
2011-12-06,36.869998931884766,37.20000076293945,36.75,36.83000183105469,32.4309196472168,6573100,DIS
2011-12-07,36.709999084472656,37.33000183105469,36.459999084472656,37.099998474121094,32.66865921020508,9543600,DIS
2011-12-08,36.86000061035156,36.959999084472656,35.81999969482422,35.91999816894531,31.629606246948242,9881700,DIS
2011-12-09,36.16999816894531,36.77000045776367,36.16999816894531,36.560001373291016,32.19316482543945,7323400,DIS
2011-12-12,36.20000076293945,36.77000045776367,35.91999816894531,36.650001525878906,32.27241134643555,10050800,DIS
2011-12-13,36.689998626708984,37.119998931884766,36.18000030517578,36.33000183105469,31.990631103515625,12708800,DIS
2011-12-14,35.70000076293945,36.0,35.119998931884766,35.15999984741211,31.48028564453125,10664000,DIS
2011-12-15,35.52000045776367,35.720001220703125,34.9900016784668,35.189998626708984,31.50714683532715,9876100,DIS
2011-12-16,35.45000076293945,35.7400016784668,35.150001525878906,35.31999969482422,31.6235408782959,20350200,DIS
2011-12-19,35.38999938964844,35.54999923706055,34.5099983215332,34.75,31.113191604614258,11436800,DIS
2011-12-20,35.16999816894531,36.380001068115234,35.150001525878906,36.16999816894531,32.38458251953125,10126200,DIS
2011-12-21,36.22999954223633,36.70000076293945,35.75,36.27000045776367,32.474117279052734,8226200,DIS
2011-12-22,36.380001068115234,37.0,36.2599983215332,36.95000076293945,33.082950592041016,8067600,DIS
2011-12-23,37.130001068115234,37.720001220703125,37.11000061035156,37.70000076293945,33.754459381103516,6788700,DIS
2011-12-27,37.61000061035156,37.79999923706055,37.400001525878906,37.61000061035156,33.67388153076172,5189500,DIS
2011-12-28,37.650001525878906,37.709999084472656,37.16999816894531,37.2400016784668,33.34260177612305,4634300,DIS
2011-12-29,37.45000076293945,37.79999923706055,37.25,37.709999084472656,33.76342010498047,5022500,DIS
2011-12-30,37.72999954223633,37.79999923706055,37.36000061035156,37.5,33.57539367675781,4776100,DIS
2012-01-03,37.970001220703125,38.459999084472656,37.939998626708984,38.310001373291016,34.300621032714844,9704200,DIS
2012-01-04,38.189998626708984,38.9900016784668,38.119998931884766,38.849998474121094,34.78410339355469,9889900,DIS
2012-01-05,38.83000183105469,39.58000183105469,38.70000076293945,39.5,35.36608123779297,14327100,DIS
2012-01-06,39.54999923706055,40.150001525878906,39.45000076293945,39.90999984741211,35.73316955566406,14401600,DIS
2012-01-09,39.7400016784668,40.25,39.59000015258789,39.75,35.589908599853516,12145200,DIS
2012-01-10,39.47999954223633,39.90999984741211,39.15999984741211,39.630001068115234,35.48247146606445,14070900,DIS
2012-01-11,39.38999938964844,39.529998779296875,38.45000076293945,38.70000076293945,34.649810791015625,16257600,DIS
2012-01-12,38.619998931884766,38.86000061035156,38.40999984741211,38.72999954223633,34.676658630371094,10073400,DIS
2012-01-13,38.470001220703125,38.59000015258789,38.02000045776367,38.400001525878906,34.38119888305664,9877700,DIS
2012-01-17,38.689998626708984,38.97999954223633,38.40999984741211,38.47999954223633,34.452823638916016,9142800,DIS
2012-01-18,38.5099983215332,39.099998474121094,38.400001525878906,39.02000045776367,34.93630599975586,9594500,DIS
2012-01-19,39.0099983215332,39.470001220703125,39.0,39.439998626708984,35.31235122680664,7731000,DIS
2012-01-20,39.41999816894531,39.439998626708984,39.099998474121094,39.310001373291016,35.195960998535156,7879900,DIS
2012-01-23,39.380001068115234,39.5,38.959999084472656,39.25,35.14223861694336,7124600,DIS
2012-01-24,39.029998779296875,39.27000045776367,38.56999969482422,39.25,35.14223861694336,9407000,DIS
2012-01-25,39.119998931884766,39.68000030517578,38.959999084472656,39.560001373291016,35.419795989990234,10054000,DIS
2012-01-26,39.59000015258789,39.75,39.060001373291016,39.349998474121094,35.23177719116211,7162600,DIS
2012-01-27,39.27000045776367,39.5,38.97999954223633,39.25,35.14223861694336,9588400,DIS
2012-01-30,38.7400016784668,39.11000061035156,38.380001068115234,38.9900016784668,34.909454345703125,8683200,DIS
2012-01-31,39.08000183105469,39.310001373291016,38.65999984741211,38.900001525878906,34.8288688659668,14020100,DIS
2012-02-01,39.25,39.66999816894531,39.15999984741211,39.33000183105469,35.213863372802734,8901000,DIS
2012-02-02,39.220001220703125,39.25,38.560001373291016,38.90999984741211,34.83781814575195,9076800,DIS
2012-02-03,39.43000030517578,40.0,39.36000061035156,40.0,35.813743591308594,11605300,DIS
2012-02-06,40.0,40.59000015258789,39.959999084472656,40.459999084472656,36.22561264038086,11536500,DIS
2012-02-07,40.72999954223633,41.150001525878906,40.20000076293945,40.97999954223633,36.69118881225586,20107300,DIS
2012-02-08,41.369998931884766,41.90999984741211,40.9900016784668,41.27000045776367,36.95083236694336,21690200,DIS
2012-02-09,40.75,41.63999938964844,40.54999923706055,41.529998779296875,37.18362045288086,13581000,DIS
2012-02-10,40.939998626708984,41.45000076293945,40.83000183105469,41.45000076293945,37.111995697021484,10116300,DIS
2012-02-13,41.619998931884766,41.91999816894531,41.59000015258789,41.790000915527344,37.416412353515625,9065800,DIS
2012-02-14,41.5,41.619998931884766,41.2599983215332,41.599998474121094,37.24629211425781,8210300,DIS
2012-02-15,41.47999954223633,41.75,41.130001068115234,41.25,36.932926177978516,7891200,DIS
2012-02-16,41.22999954223633,41.72999954223633,41.08000183105469,41.540000915527344,37.19257354736328,7464500,DIS
2012-02-17,41.709999084472656,41.86000061035156,41.54999923706055,41.75,37.38059997558594,7758700,DIS
2012-02-21,41.79999923706055,41.900001525878906,41.4900016784668,41.56999969482422,37.21944046020508,5675100,DIS
2012-02-22,41.54999923706055,41.709999084472656,41.150001525878906,41.27000045776367,36.95083236694336,6176200,DIS
2012-02-23,41.279998779296875,41.66999816894531,41.09000015258789,41.47999954223633,37.138858795166016,6271000,DIS
2012-02-24,41.439998626708984,41.58000183105469,41.22999954223633,41.310001373291016,36.98664855957031,6150600,DIS
2012-02-27,41.70000076293945,41.95000076293945,41.29999923706055,41.63999938964844,37.28211212158203,9132300,DIS
2012-02-28,41.75,41.970001220703125,41.54999923706055,41.93000030517578,37.54176330566406,6895200,DIS
2012-02-29,41.869998931884766,42.369998931884766,41.849998474121094,41.9900016784668,37.59548568725586,14858700,DIS
2012-03-01,42.130001068115234,42.540000915527344,42.130001068115234,42.38999938964844,37.95362091064453,7995900,DIS
2012-03-02,42.2599983215332,42.529998779296875,42.040000915527344,42.36000061035156,37.926753997802734,5070500,DIS
2012-03-05,42.349998474121094,42.77000045776367,42.11000061035156,42.70000076293945,38.23118209838867,9288800,DIS
2012-03-06,42.2400016784668,42.31999969482422,41.72999954223633,42.0,37.60443115234375,10434500,DIS
2012-03-07,42.0,42.06999969482422,41.70000076293945,41.75,37.38059997558594,7793500,DIS
2012-03-08,41.9900016784668,42.31999969482422,41.95000076293945,42.02000045776367,37.62234115600586,6163800,DIS
2012-03-09,42.119998931884766,42.56999969482422,42.029998779296875,42.2400016784668,37.81931686401367,6896400,DIS
2012-03-12,42.529998779296875,42.849998474121094,42.150001525878906,42.34000015258789,37.90884780883789,6834500,DIS
2012-03-13,42.54999923706055,44.08000183105469,42.43000030517578,44.0099983215332,39.40407943725586,15051900,DIS
2012-03-14,43.59000015258789,43.70000076293945,42.900001525878906,43.47999954223633,38.929542541503906,10991300,DIS
2012-03-15,43.5,43.5,43.16999816894531,43.470001220703125,38.92059326171875,6123600,DIS
2012-03-16,43.41999816894531,43.52000045776367,43.18000030517578,43.189998626708984,38.66989517211914,8952100,DIS
2012-03-19,43.06999969482422,43.58000183105469,42.95000076293945,43.439998626708984,38.89373016357422,6382500,DIS
2012-03-20,43.0,43.310001373291016,42.93000030517578,43.2400016784668,38.71466827392578,6853900,DIS
2012-03-21,43.41999816894531,43.869998931884766,43.27000045776367,43.27000045776367,38.74152374267578,9582000,DIS
2012-03-22,43.08000183105469,43.400001525878906,43.0099983215332,43.290000915527344,38.759429931640625,8560200,DIS
2012-03-23,43.33000183105469,43.709999084472656,42.86000061035156,43.650001525878906,39.08175277709961,8519000,DIS
2012-03-26,43.939998626708984,44.40999984741211,43.91999816894531,44.380001068115234,39.7353515625,10850200,DIS
2012-03-27,44.38999938964844,44.5,44.09000015258789,44.150001525878906,39.529422760009766,9343100,DIS
2012-03-28,44.040000915527344,44.150001525878906,43.2599983215332,43.5099983215332,38.9564094543457,9444300,DIS
2012-03-29,43.20000076293945,43.27000045776367,42.29999923706055,43.0099983215332,38.50872802734375,10402500,DIS
2012-03-30,43.52000045776367,43.849998474121094,43.099998474121094,43.779998779296875,39.19814682006836,9096000,DIS
2012-04-02,43.59000015258789,44.0,43.31999969482422,43.84000015258789,39.25186538696289,7653800,DIS
2012-04-03,43.66999816894531,43.75,42.90999984741211,43.290000915527344,38.759429931640625,7996400,DIS
2012-04-04,42.900001525878906,42.9900016784668,42.47999954223633,42.93000030517578,38.43710708618164,8560700,DIS
2012-04-05,42.84000015258789,43.18000030517578,42.68000030517578,43.08000183105469,38.57141876220703,6340800,DIS
2012-04-09,42.130001068115234,42.27000045776367,41.959999084472656,42.11000061035156,37.70292282104492,6813500,DIS
2012-04-10,41.869998931884766,42.130001068115234,40.880001068115234,40.9900016784668,36.70014572143555,10682100,DIS
2012-04-11,41.5099983215332,41.70000076293945,41.2400016784668,41.369998931884766,37.04037094116211,6358400,DIS
2012-04-12,41.43000030517578,42.20000076293945,41.25,42.150001525878906,37.738739013671875,5538400,DIS
2012-04-13,42.029998779296875,42.220001220703125,41.70000076293945,41.849998474121094,37.470130920410156,7311700,DIS
2012-04-16,42.060001373291016,42.130001068115234,41.540000915527344,41.65999984741211,37.300018310546875,6109300,DIS
2012-04-17,41.880001068115234,42.7400016784668,41.880001068115234,42.68000030517578,38.2132682800293,6550300,DIS
2012-04-18,42.47999954223633,42.61000061035156,42.31999969482422,42.4900016784668,38.04315948486328,3781900,DIS
2012-04-19,42.43000030517578,42.5099983215332,41.79999923706055,42.08000183105469,37.67606735229492,7074200,DIS
2012-04-20,42.2400016784668,42.84000015258789,42.2400016784668,42.349998474121094,37.91780471801758,7773100,DIS
2012-04-23,42.25,42.25,41.72999954223633,42.0099983215332,37.6133918762207,6592100,DIS
2012-04-24,42.029998779296875,42.43000030517578,41.970001220703125,42.18000030517578,37.765594482421875,4954600,DIS
2012-04-25,42.400001525878906,42.7599983215332,42.380001068115234,42.70000076293945,38.23118209838867,4926300,DIS
2012-04-26,42.7400016784668,43.560001373291016,42.689998626708984,43.36000061035156,38.822105407714844,7713000,DIS
2012-04-27,43.599998474121094,43.650001525878906,43.119998931884766,43.349998474121094,38.813148498535156,6354200,DIS
2012-04-30,43.31999969482422,43.349998474121094,42.84000015258789,43.11000061035156,38.59827423095703,6987200,DIS
2012-05-01,43.18000030517578,44.09000015258789,43.150001525878906,43.790000915527344,39.207096099853516,9316200,DIS
2012-05-02,43.56999969482422,43.810001373291016,43.29999923706055,43.540000915527344,38.9832649230957,8038200,DIS
2012-05-03,43.540000915527344,44.130001068115234,43.4900016784668,43.810001373291016,39.225006103515625,9353900,DIS
2012-05-04,43.599998474121094,43.709999084472656,42.84000015258789,42.93000030517578,38.43710708618164,7458800,DIS
2012-05-07,43.650001525878906,43.95000076293945,43.310001373291016,43.81999969482422,39.23396301269531,11780500,DIS
2012-05-08,43.779998779296875,44.4900016784668,43.09000015258789,44.29999923706055,39.663726806640625,19680900,DIS
2012-05-09,44.459999084472656,45.79999923706055,44.40999984741211,45.02000045776367,40.30837631225586,21348300,DIS
2012-05-10,45.13999938964844,45.59000015258789,45.04999923706055,45.279998779296875,40.541160583496094,14082900,DIS
2012-05-11,45.130001068115234,45.79999923706055,45.0,45.560001373291016,40.7918586730957,9779300,DIS
2012-05-14,45.16999816894531,45.5,44.97999954223633,45.16999816894531,40.44267654418945,8059400,DIS
2012-05-15,45.22999954223633,45.79999923706055,44.91999816894531,45.0099983215332,40.29941940307617,10168800,DIS
2012-05-16,45.150001525878906,45.54999923706055,45.060001373291016,45.08000183105469,40.36210250854492,8399800,DIS
2012-05-17,45.150001525878906,45.22999954223633,44.29999923706055,44.33000183105469,39.69058609008789,8475100,DIS
2012-05-18,44.459999084472656,44.4900016784668,43.619998931884766,43.810001373291016,39.225006103515625,10598200,DIS
2012-05-21,43.810001373291016,44.40999984741211,43.5099983215332,44.38999938964844,39.74430465698242,8309300,DIS
2012-05-22,44.4900016784668,44.70000076293945,44.130001068115234,44.38999938964844,39.74430465698242,6855400,DIS
2012-05-23,44.2400016784668,44.459999084472656,43.810001373291016,44.209999084472656,39.58314514160156,8875700,DIS
2012-05-24,44.40999984741211,44.61000061035156,44.0099983215332,44.439998626708984,39.7890739440918,9813200,DIS
2012-05-25,44.4900016784668,44.959999084472656,44.380001068115234,44.5,39.842796325683594,8520700,DIS
2012-05-29,44.70000076293945,45.5,44.599998474121094,45.47999954223633,40.72023391723633,10560000,DIS
2012-05-30,45.02000045776367,45.47999954223633,44.86000061035156,45.20000076293945,40.46953582763672,11208700,DIS
2012-05-31,45.130001068115234,46.099998474121094,45.060001373291016,45.709999084472656,40.9261589050293,14646500,DIS
2012-06-01,45.150001525878906,45.349998474121094,44.34000015258789,44.400001525878906,39.75326156616211,14874500,DIS
2012-06-04,44.470001220703125,44.689998626708984,44.13999938964844,44.40999984741211,39.76221466064453,9480300,DIS
2012-06-05,44.5099983215332,44.91999816894531,44.20000076293945,44.84000015258789,40.147212982177734,11166600,DIS
2012-06-06,45.02000045776367,45.599998474121094,45.0,45.529998779296875,40.764991760253906,9494400,DIS
2012-06-07,45.84000015258789,46.220001220703125,45.529998779296875,45.630001068115234,40.85453414916992,10238900,DIS
2012-06-08,45.70000076293945,46.25,45.59000015258789,46.2400016784668,41.400691986083984,10716400,DIS
2012-06-11,46.349998474121094,46.630001068115234,45.72999954223633,45.79999923706055,41.006744384765625,7907400,DIS
2012-06-12,45.75,46.40999984741211,45.58000183105469,46.380001068115234,41.52604293823242,7742900,DIS
2012-06-13,46.25,46.650001525878906,45.9900016784668,46.22999954223633,41.3917350769043,7317600,DIS
2012-06-14,46.400001525878906,47.45000076293945,46.209999084472656,47.18000030517578,42.24231719970703,12553900,DIS
2012-06-15,47.40999984741211,47.43000030517578,46.91999816894531,47.09000015258789,42.16173553466797,11198200,DIS
2012-06-18,46.959999084472656,47.400001525878906,46.79999923706055,47.099998474121094,42.170684814453125,8821100,DIS
2012-06-19,47.43000030517578,48.0,47.279998779296875,47.5099983215332,42.53777313232422,8209000,DIS
2012-06-20,47.63999938964844,47.970001220703125,47.43000030517578,47.72999954223633,42.73474884033203,7264700,DIS
2012-06-21,47.79999923706055,47.88999938964844,47.220001220703125,47.400001525878906,42.439300537109375,10077700,DIS
2012-06-22,47.38999938964844,47.52000045776367,46.90999984741211,47.470001220703125,42.50197219848633,18881600,DIS
2012-06-25,47.220001220703125,47.22999954223633,46.54999923706055,46.70000076293945,41.81255340576172,6740600,DIS
2012-06-26,46.880001068115234,47.470001220703125,46.81999969482422,47.29999923706055,42.349754333496094,7279900,DIS
2012-06-27,47.27000045776367,48.08000183105469,47.22999954223633,47.869998931884766,42.860103607177734,6023500,DIS
2012-06-28,47.66999816894531,47.84000015258789,46.97999954223633,47.81999969482422,42.815330505371094,6674200,DIS
2012-06-29,48.52000045776367,48.95000076293945,48.220001220703125,48.5,43.42416763305664,10300500,DIS
2012-07-02,48.619998931884766,48.75,48.2400016784668,48.720001220703125,43.62114715576172,7275600,DIS
2012-07-03,48.66999816894531,48.75,48.41999816894531,48.59000015258789,43.5047492980957,3060800,DIS
2012-07-05,48.279998779296875,48.54999923706055,47.83000183105469,48.11000061035156,43.074981689453125,7770100,DIS
2012-07-06,47.77000045776367,48.18000030517578,47.70000076293945,48.040000915527344,43.0123176574707,5623100,DIS
2012-07-09,48.060001373291016,48.18000030517578,47.7599983215332,48.0,42.976497650146484,5596200,DIS
2012-07-10,48.16999816894531,48.380001068115234,47.18000030517578,47.36000061035156,42.40348434448242,8787500,DIS
2012-07-11,47.45000076293945,47.59000015258789,46.970001220703125,47.27000045776367,42.32290267944336,6501000,DIS
2012-07-12,47.380001068115234,47.79999923706055,46.849998474121094,47.40999984741211,42.448246002197266,8270700,DIS
2012-07-13,47.400001525878906,48.380001068115234,47.380001068115234,48.189998626708984,43.14661407470703,7187300,DIS
2012-07-16,47.959999084472656,48.119998931884766,47.689998626708984,47.86000061035156,42.85115432739258,5675200,DIS
2012-07-17,48.439998626708984,49.91999816894531,48.400001525878906,49.349998474121094,44.18521499633789,15909900,DIS
2012-07-18,49.13999938964844,49.66999816894531,48.959999084472656,49.349998474121094,44.18521499633789,7677500,DIS
2012-07-19,49.38999938964844,49.619998931884766,48.72999954223633,48.9900016784668,43.86288833618164,9330800,DIS
2012-07-20,48.599998474121094,48.95000076293945,48.5,48.59000015258789,43.5047492980957,8482300,DIS
2012-07-23,47.77000045776367,48.060001373291016,47.41999816894531,47.97999954223633,42.95859146118164,8333100,DIS
2012-07-24,48.029998779296875,48.33000183105469,47.689998626708984,48.15999984741211,43.1197509765625,8955100,DIS
2012-07-25,48.33000183105469,48.63999938964844,48.0099983215332,48.29999923706055,43.24510192871094,7034000,DIS
2012-07-26,49.060001373291016,49.869998931884766,49.060001373291016,49.709999084472656,44.50753402709961,10497100,DIS
2012-07-27,49.88999938964844,50.540000915527344,49.689998626708984,49.939998626708984,44.71345901489258,16174800,DIS
2012-07-30,49.95000076293945,50.13999938964844,49.650001525878906,49.79999923706055,44.58811950683594,8890600,DIS
2012-07-31,49.779998779296875,49.849998474121094,49.09000015258789,49.13999938964844,43.997188568115234,10503000,DIS
2012-08-01,49.33000183105469,49.529998779296875,48.720001220703125,48.81999969482422,43.71067810058594,6780200,DIS
2012-08-02,48.599998474121094,48.9900016784668,48.130001068115234,48.97999954223633,43.853939056396484,9559000,DIS
2012-08-03,49.810001373291016,49.869998931884766,49.36000061035156,49.77000045776367,44.561256408691406,8187800,DIS
2012-08-06,49.970001220703125,50.0,49.650001525878906,49.650001525878906,44.453819274902344,6353300,DIS
2012-08-07,50.0099983215332,50.310001373291016,49.720001220703125,49.810001373291016,44.59706497192383,13676500,DIS
2012-08-08,49.36000061035156,50.650001525878906,49.04999923706055,50.4900016784668,45.205902099609375,14724900,DIS
2012-08-09,50.279998779296875,50.470001220703125,49.849998474121094,49.959999084472656,44.73136520385742,10430300,DIS
2012-08-10,49.900001525878906,49.91999816894531,49.31999969482422,49.650001525878906,44.453819274902344,7449500,DIS
2012-08-13,49.529998779296875,49.9900016784668,49.459999084472656,49.86000061035156,44.6418342590332,4875000,DIS
2012-08-14,49.93000030517578,50.150001525878906,49.529998779296875,49.689998626708984,44.4896240234375,6365900,DIS
2012-08-15,49.650001525878906,49.970001220703125,49.650001525878906,49.88999938964844,44.668697357177734,4887100,DIS
2012-08-16,49.9900016784668,50.41999816894531,49.79999923706055,50.25,44.99102020263672,8285700,DIS
2012-08-17,50.369998931884766,50.54999923706055,50.33000183105469,50.459999084472656,45.17904281616211,6354700,DIS
2012-08-20,50.31999969482422,50.59000015258789,50.150001525878906,50.45000076293945,45.17009353637695,6937100,DIS
2012-08-21,50.40999984741211,50.47999954223633,49.5099983215332,49.63999938964844,44.44486618041992,7683200,DIS
2012-08-22,49.599998474121094,50.150001525878906,49.5,49.65999984741211,44.462772369384766,6759400,DIS
2012-08-23,49.61000061035156,49.65999984741211,49.029998779296875,49.16999816894531,44.024044036865234,5428300,DIS
2012-08-24,49.08000183105469,49.61000061035156,49.0099983215332,49.560001373291016,44.37323760986328,5793700,DIS
2012-08-27,49.4900016784668,49.849998474121094,49.40999984741211,49.630001068115234,44.435909271240234,6228800,DIS
2012-08-28,49.439998626708984,49.849998474121094,49.290000915527344,49.630001068115234,44.435909271240234,7962400,DIS
2012-08-29,49.63999938964844,50.16999816894531,49.59000015258789,50.040000915527344,44.80299758911133,7685100,DIS
2012-08-30,49.720001220703125,49.779998779296875,49.369998931884766,49.41999816894531,44.24788284301758,6697800,DIS
2012-08-31,49.63999938964844,49.900001525878906,49.400001525878906,49.470001220703125,44.292659759521484,6232500,DIS
2012-09-04,49.52000045776367,49.83000183105469,49.22999954223633,49.65999984741211,44.462772369384766,6988700,DIS
2012-09-05,50.13999938964844,51.2400016784668,50.09000015258789,50.790000915527344,45.47450256347656,16689300,DIS
2012-09-06,50.70000076293945,51.869998931884766,50.63999938964844,51.86000061035156,46.43252944946289,10124600,DIS
2012-09-07,51.869998931884766,52.0,51.65999984741211,51.7400016784668,46.3250846862793,8923600,DIS
2012-09-10,51.61000061035156,51.79999923706055,51.47999954223633,51.52000045776367,46.128108978271484,7479300,DIS
2012-09-11,51.470001220703125,51.66999816894531,51.43000030517578,51.560001373291016,46.16392517089844,6631700,DIS
2012-09-12,51.599998474121094,51.790000915527344,51.27000045776367,51.70000076293945,46.28926467895508,7100200,DIS
2012-09-13,51.72999954223633,52.66999816894531,51.72999954223633,52.599998474121094,47.09507369995117,11184700,DIS
2012-09-14,52.45000076293945,52.75,52.16999816894531,52.349998474121094,46.87124252319336,9507000,DIS
2012-09-17,52.31999969482422,52.43000030517578,51.959999084472656,52.150001525878906,46.69218063354492,7852900,DIS
2012-09-18,52.029998779296875,52.119998931884766,51.77000045776367,51.900001525878906,46.46834182739258,7100800,DIS
2012-09-19,51.779998779296875,52.95000076293945,51.779998779296875,52.70000076293945,47.18461608886719,7822500,DIS
2012-09-20,52.43000030517578,52.90999984741211,52.43000030517578,52.65999984741211,47.1488037109375,8598300,DIS
2012-09-21,52.939998626708984,53.38999938964844,52.72999954223633,52.7400016784668,47.220436096191406,13229300,DIS
2012-09-24,52.66999816894531,53.04999923706055,52.61000061035156,52.91999816894531,47.381587982177734,6148000,DIS
2012-09-25,52.88999938964844,53.400001525878906,52.540000915527344,52.540000915527344,47.04135513305664,7421200,DIS
2012-09-26,52.41999816894531,52.599998474121094,51.77000045776367,51.939998626708984,46.504146575927734,8017900,DIS
2012-09-27,52.119998931884766,52.779998779296875,51.970001220703125,52.58000183105469,47.077178955078125,5309400,DIS
2012-09-28,52.40999984741211,52.529998779296875,52.04999923706055,52.279998779296875,46.808563232421875,6695200,DIS
2012-10-01,52.310001373291016,52.86000061035156,51.91999816894531,52.06999969482422,46.62054443359375,6557200,DIS
2012-10-02,52.130001068115234,52.25,51.470001220703125,51.63999938964844,46.23555374145508,7243900,DIS
2012-10-03,51.720001220703125,52.689998626708984,51.689998626708984,52.470001220703125,46.97868728637695,6626600,DIS
2012-10-04,52.720001220703125,53.08000183105469,52.38999938964844,52.630001068115234,47.1219367980957,6507800,DIS
2012-10-05,52.84000015258789,53.150001525878906,52.7599983215332,52.970001220703125,47.426361083984375,5223200,DIS
2012-10-08,52.369998931884766,52.5,52.11000061035156,52.33000183105469,46.85334396362305,5827900,DIS
2012-10-09,52.31999969482422,52.33000183105469,51.459999084472656,51.5099983215332,46.1191520690918,8072100,DIS
2012-10-10,51.38999938964844,51.630001068115234,51.09000015258789,51.209999084472656,45.85055923461914,6407900,DIS
2012-10-11,51.33000183105469,51.560001373291016,50.20000076293945,50.34000015258789,45.071598052978516,10118400,DIS
2012-10-12,50.54999923706055,50.75,50.41999816894531,50.59000015258789,45.29543685913086,6135600,DIS
2012-10-15,50.59000015258789,50.810001373291016,50.36000061035156,50.790000915527344,45.47450256347656,6871200,DIS
2012-10-16,51.16999816894531,51.5,51.08000183105469,51.2400016784668,45.877410888671875,4997300,DIS
2012-10-17,51.400001525878906,52.400001525878906,51.33000183105469,52.290000915527344,46.81752395629883,7787900,DIS
2012-10-18,52.2599983215332,52.7400016784668,52.119998931884766,52.41999816894531,46.933921813964844,6290600,DIS
2012-10-19,52.5,52.59000015258789,51.599998474121094,51.900001525878906,46.46834182739258,8454800,DIS
2012-10-22,51.810001373291016,52.04999923706055,51.400001525878906,51.790000915527344,46.36985778808594,6131800,DIS
2012-10-23,51.33000183105469,51.349998474121094,50.75,50.7599983215332,45.44765090942383,8531000,DIS
2012-10-24,50.95000076293945,51.08000183105469,50.560001373291016,50.650001525878906,45.34916305541992,6069500,DIS
2012-10-25,50.93000030517578,51.029998779296875,49.959999084472656,50.2599983215332,44.999977111816406,6794100,DIS
2012-10-26,50.36000061035156,50.540000915527344,49.52000045776367,50.08000183105469,44.838809967041016,8359800,DIS
2012-10-31,51.150001525878906,51.2400016784668,48.79999923706055,49.119998931884766,43.97928237915039,20702900,DIS
2012-11-01,49.279998779296875,50.310001373291016,49.279998779296875,49.779998779296875,44.57020568847656,10582900,DIS
2012-11-02,50.630001068115234,50.9900016784668,49.77000045776367,49.86000061035156,44.6418342590332,14027500,DIS
2012-11-05,50.810001373291016,50.86000061035156,49.81999969482422,50.31999969482422,45.05369567871094,9575100,DIS
2012-11-06,50.56999969482422,50.70000076293945,50.08000183105469,50.470001220703125,45.18800735473633,7691200,DIS
2012-11-07,50.650001525878906,50.650001525878906,49.59000015258789,50.08000183105469,44.838809967041016,8533200,DIS
2012-11-08,50.09000015258789,50.84000015258789,49.91999816894531,50.040000915527344,44.80299758911133,11124200,DIS
2012-11-09,46.9900016784668,47.95000076293945,46.529998779296875,47.060001373291016,42.13486862182617,34216900,DIS
2012-11-12,47.4900016784668,47.630001068115234,46.959999084472656,47.45000076293945,42.48405838012695,12344500,DIS
2012-11-13,47.279998779296875,48.41999816894531,47.279998779296875,47.959999084472656,42.94068145751953,12269300,DIS
2012-11-14,48.029998779296875,48.040000915527344,47.04999923706055,47.16999816894531,42.23335266113281,9776400,DIS
2012-11-15,47.2400016784668,47.63999938964844,46.959999084472656,47.470001220703125,42.50197219848633,11416900,DIS
2012-11-16,47.59000015258789,47.7599983215332,47.04999923706055,47.41999816894531,42.45719528198242,9833400,DIS
2012-11-19,47.70000076293945,48.029998779296875,47.45000076293945,47.90999984741211,42.895912170410156,8512400,DIS
2012-11-20,47.779998779296875,48.5,47.65999984741211,48.439998626708984,43.37044906616211,7465100,DIS
2012-11-21,48.5,48.95000076293945,48.400001525878906,48.68000030517578,43.58533477783203,6763300,DIS
2012-11-23,48.88999938964844,49.279998779296875,48.79999923706055,49.2599983215332,44.10462951660156,3353600,DIS
2012-11-26,48.97999954223633,49.43000030517578,48.90999984741211,49.029998779296875,43.898704528808594,6935800,DIS
2012-11-27,49.060001373291016,49.20000076293945,48.529998779296875,48.599998474121094,43.51370620727539,6720400,DIS
2012-11-28,48.470001220703125,49.25,47.84000015258789,49.20000076293945,44.0509147644043,8148500,DIS
2012-11-29,49.5099983215332,49.849998474121094,49.31999969482422,49.720001220703125,44.51649475097656,7232200,DIS
2012-11-30,49.810001373291016,49.939998626708984,49.25,49.65999984741211,44.462772369384766,12343900,DIS
2012-12-03,49.77000045776367,50.0,49.27000045776367,49.290000915527344,44.13148880004883,8395400,DIS
2012-12-04,49.25,49.45000076293945,48.849998474121094,49.29999923706055,44.14044189453125,8400900,DIS
2012-12-05,49.43000030517578,49.900001525878906,49.13999938964844,49.59000015258789,44.400089263916016,9182300,DIS
2012-12-06,48.779998779296875,49.130001068115234,48.560001373291016,49.060001373291016,44.60009765625,4828900,DIS
2012-12-07,49.18000030517578,49.380001068115234,49.0099983215332,49.2400016784668,44.76373291015625,5279200,DIS
2012-12-10,49.209999084472656,49.5099983215332,49.189998626708984,49.29999923706055,44.81827163696289,5264500,DIS
2012-12-11,49.369998931884766,49.9900016784668,49.36000061035156,49.47999954223633,44.981910705566406,9040000,DIS
2012-12-12,49.7599983215332,50.06999969482422,49.41999816894531,49.63999938964844,45.12736892700195,6474300,DIS
2012-12-13,49.61000061035156,49.689998626708984,48.90999984741211,49.11000061035156,44.64555740356445,6108000,DIS
2012-12-14,49.0099983215332,49.119998931884766,48.54999923706055,48.66999816894531,44.245548248291016,8086400,DIS
2012-12-17,48.720001220703125,49.31999969482422,48.66999816894531,49.279998779296875,44.80009460449219,10324500,DIS
2012-12-18,49.349998474121094,50.31999969482422,49.150001525878906,50.220001220703125,45.65464401245117,14023800,DIS
2012-12-19,50.150001525878906,50.5099983215332,49.939998626708984,49.939998626708984,45.40009689331055,8382100,DIS
2012-12-20,49.83000183105469,51.060001373291016,49.83000183105469,50.93000030517578,46.30009460449219,8410700,DIS
2012-12-21,50.40999984741211,50.75,49.68000030517578,50.0,45.454647064208984,15996900,DIS
2012-12-24,49.91999816894531,50.20000076293945,49.84000015258789,49.880001068115234,45.345558166503906,2772000,DIS
2012-12-26,49.849998474121094,49.97999954223633,49.45000076293945,49.849998474121094,45.318275451660156,4200200,DIS
2012-12-27,49.79999923706055,50.0,48.900001525878906,49.529998779296875,45.02735900878906,6948200,DIS
2012-12-28,49.349998474121094,49.70000076293945,49.02000045776367,49.150001525878906,44.68191909790039,6985800,DIS
2012-12-31,48.88999938964844,49.79999923706055,48.79999923706055,49.790000915527344,45.263736724853516,10224500,DIS
2013-01-02,50.79999923706055,51.25,50.63999938964844,51.099998474121094,46.45464324951172,11674700,DIS
2013-01-03,51.04999923706055,51.34000015258789,50.84000015258789,51.209999084472656,46.55464172363281,7566600,DIS
2013-01-04,51.380001068115234,52.34000015258789,51.33000183105469,52.189998626708984,47.445556640625,8745900,DIS
2013-01-07,51.7599983215332,51.7599983215332,50.65999984741211,50.970001220703125,46.33646774291992,9472100,DIS
2013-01-08,50.880001068115234,51.18000030517578,50.56999969482422,50.7599983215332,46.14554977416992,8637600,DIS
2013-01-09,50.93000030517578,51.5,50.7599983215332,50.779998779296875,46.163726806640625,8389000,DIS
2013-01-10,50.869998931884766,51.2400016784668,50.59000015258789,50.790000915527344,46.172821044921875,8097400,DIS
2013-01-11,50.81999969482422,51.02000045776367,50.45000076293945,50.58000183105469,45.98191833496094,7149000,DIS
2013-01-14,50.400001525878906,50.83000183105469,50.18000030517578,50.59000015258789,45.991004943847656,9308800,DIS
2013-01-15,50.470001220703125,51.150001525878906,50.43000030517578,51.09000015258789,46.445556640625,7299500,DIS
2013-01-16,50.849998474121094,51.779998779296875,50.79999923706055,51.529998779296875,46.84554672241211,7371800,DIS
2013-01-17,51.84000015258789,52.70000076293945,51.84000015258789,52.40999984741211,47.64555740356445,10132100,DIS
2013-01-18,52.2400016784668,52.34000015258789,51.810001373291016,52.34000015258789,47.58191680908203,8490900,DIS
2013-01-22,52.38999938964844,52.79999923706055,52.18000030517578,52.72999954223633,47.93646240234375,6635200,DIS
2013-01-23,52.86000061035156,54.15999984741211,52.779998779296875,53.95000076293945,49.04555892944336,13842700,DIS
2013-01-24,54.029998779296875,54.869998931884766,53.91999816894531,53.95000076293945,49.04555892944336,13608000,DIS
2013-01-25,53.79999923706055,54.560001373291016,53.61000061035156,54.380001068115234,49.43647003173828,7939400,DIS
2013-01-28,54.279998779296875,54.560001373291016,54.099998474121094,54.36000061035156,49.41828155517578,7133500,DIS
2013-01-29,54.150001525878906,54.209999084472656,53.529998779296875,53.9900016784668,49.0819206237793,7786400,DIS
2013-01-30,53.849998474121094,54.0,53.54999923706055,53.790000915527344,48.900108337402344,9821800,DIS
2013-01-31,53.84000015258789,54.25,53.650001525878906,53.880001068115234,48.98192596435547,7333900,DIS
2013-02-01,54.18000030517578,54.869998931884766,54.150001525878906,54.59000015258789,49.62738037109375,9552300,DIS
2013-02-04,54.15999984741211,54.5,53.79999923706055,53.900001525878906,49.0001106262207,7717400,DIS
2013-02-05,54.36000061035156,54.40999984741211,54.0,54.290000915527344,49.35465621948242,10246400,DIS
2013-02-06,55.400001525878906,55.5,54.40999984741211,54.52000045776367,49.563743591308594,26833600,DIS
2013-02-07,54.06999969482422,54.47999954223633,53.40999984741211,54.36000061035156,49.41828155517578,11723200,DIS
2013-02-08,54.380001068115234,54.720001220703125,54.310001373291016,54.65999984741211,49.691017150878906,9584300,DIS
2013-02-11,54.650001525878906,54.97999954223633,54.59000015258789,54.75,49.7728271484375,6358600,DIS
2013-02-12,54.77000045776367,55.04999923706055,54.689998626708984,54.95000076293945,49.954654693603516,8758100,DIS
2013-02-13,55.08000183105469,55.29999923706055,54.66999816894531,54.959999084472656,49.9637451171875,5701400,DIS
2013-02-14,54.91999816894531,55.16999816894531,54.709999084472656,54.880001068115234,49.89101791381836,8564500,DIS
2013-02-15,55.04999923706055,55.619998931884766,54.88999938964844,55.61000061035156,50.55466079711914,17783400,DIS
2013-02-19,55.58000183105469,55.95000076293945,55.56999969482422,55.72999954223633,50.66374588012695,7780500,DIS
2013-02-20,55.619998931884766,55.81999969482422,54.560001373291016,54.599998474121094,49.6364631652832,8460700,DIS
2013-02-21,54.58000183105469,54.81999969482422,54.0099983215332,54.16999816894531,49.24555587768555,6802500,DIS
2013-02-22,54.38999938964844,54.58000183105469,53.93000030517578,54.25,49.31829071044922,7603600,DIS
2013-02-25,54.599998474121094,54.790000915527344,53.59000015258789,53.59000015258789,48.718292236328125,9830200,DIS
2013-02-26,53.810001373291016,54.040000915527344,53.599998474121094,53.900001525878906,49.0001106262207,6238300,DIS
2013-02-27,53.900001525878906,54.65999984741211,53.849998474121094,54.47999954223633,49.527381896972656,7243500,DIS
2013-02-28,54.540000915527344,55.040000915527344,54.38999938964844,54.59000015258789,49.62738037109375,6605000,DIS
2013-03-01,54.310001373291016,55.369998931884766,54.29999923706055,55.33000183105469,50.30010223388672,8311500,DIS
2013-03-04,55.15999984741211,55.84000015258789,55.0,55.79999923706055,50.727378845214844,6357400,DIS
2013-03-05,55.95000076293945,56.58000183105469,55.900001525878906,56.47999954223633,51.34556579589844,7067900,DIS
2013-03-06,56.529998779296875,56.84000015258789,56.25,56.36000061035156,51.23647689819336,5572600,DIS
2013-03-07,56.36000061035156,56.470001220703125,56.0099983215332,56.31999969482422,51.200111389160156,4813700,DIS
2013-03-08,56.560001373291016,57.5099983215332,56.52000045776367,57.38999938964844,52.17283248901367,8157800,DIS
2013-03-11,57.38999938964844,57.75,57.34000015258789,57.65999984741211,52.41829299926758,7155200,DIS
2013-03-12,57.52000045776367,57.630001068115234,56.70000076293945,57.11000061035156,51.918296813964844,7159100,DIS
2013-03-13,57.15999984741211,57.439998626708984,56.939998626708984,57.34000015258789,52.127384185791016,5209800,DIS
2013-03-14,57.349998474121094,57.81999969482422,57.27000045776367,57.75,52.50011444091797,5908200,DIS
2013-03-15,57.5,57.779998779296875,57.34000015258789,57.58000183105469,52.34556579589844,13788100,DIS
2013-03-18,57.08000183105469,57.189998626708984,56.75,56.83000183105469,51.66374588012695,5125800,DIS
2013-03-19,56.83000183105469,57.04999923706055,55.7599983215332,56.310001373291016,51.19102478027344,8884200,DIS
2013-03-20,56.59000015258789,57.150001525878906,56.540000915527344,56.939998626708984,51.76375198364258,6018700,DIS
2013-03-21,56.7400016784668,56.849998474121094,56.15999984741211,56.310001373291016,51.19102478027344,5168500,DIS
2013-03-22,56.650001525878906,57.099998474121094,56.52000045776367,56.779998779296875,51.6182861328125,5500200,DIS
2013-03-25,57.0,57.11000061035156,55.869998931884766,56.209999084472656,51.1001091003418,7881500,DIS
2013-03-26,56.40999984741211,56.72999954223633,56.33000183105469,56.630001068115234,51.4819221496582,4675600,DIS
2013-03-27,56.34000015258789,56.5,55.9900016784668,56.470001220703125,51.33647918701172,6392400,DIS
2013-03-28,56.59000015258789,56.939998626708984,56.5,56.79999923706055,51.636470794677734,6705600,DIS
2013-04-01,56.88999938964844,57.13999938964844,56.150001525878906,56.689998626708984,51.53647232055664,6722400,DIS
2013-04-02,57.040000915527344,57.459999084472656,56.959999084472656,57.459999084472656,52.23647689819336,6575300,DIS
2013-04-03,57.63999938964844,57.75,57.0,57.25,52.045570373535156,8101000,DIS
2013-04-04,57.279998779296875,57.720001220703125,57.18000030517578,57.59000015258789,52.35465621948242,6412400,DIS
2013-04-05,56.88999938964844,57.72999954223633,56.369998931884766,57.70000076293945,52.45466232299805,7034700,DIS
2013-04-08,57.83000183105469,58.81999969482422,57.7599983215332,58.81999969482422,53.472843170166016,9796200,DIS
2013-04-09,58.720001220703125,59.2400016784668,58.52000045776367,59.13999938964844,53.76374816894531,8864800,DIS
2013-04-10,59.369998931884766,60.13999938964844,59.34000015258789,60.11000061035156,54.64556884765625,8438100,DIS
2013-04-11,60.11000061035156,60.66999816894531,60.02000045776367,60.54999923706055,55.045570373535156,9241800,DIS
2013-04-12,60.290000915527344,60.72999954223633,60.27000045776367,60.54999923706055,55.045570373535156,8533000,DIS
2013-04-15,60.2599983215332,60.66999816894531,58.84000015258789,58.880001068115234,53.52739334106445,12027900,DIS
2013-04-16,59.2599983215332,60.75,59.08000183105469,60.75,55.227394104003906,10309400,DIS
2013-04-17,60.349998474121094,60.689998626708984,60.02000045776367,60.68000030517578,55.163753509521484,11531200,DIS
2013-04-18,60.63999938964844,60.66999816894531,59.880001068115234,59.9900016784668,54.53648376464844,9203200,DIS
2013-04-19,60.25,61.560001373291016,60.25,61.560001373291016,55.96376037597656,9488300,DIS
2013-04-22,61.59000015258789,62.099998474121094,61.150001525878906,62.0099983215332,56.37284851074219,6306900,DIS
2013-04-23,62.400001525878906,62.619998931884766,61.540000915527344,62.59000015258789,56.900123596191406,6260800,DIS
2013-04-24,62.709999084472656,62.900001525878906,61.59000015258789,61.939998626708984,56.309207916259766,7335400,DIS
2013-04-25,62.0099983215332,62.16999816894531,61.54999923706055,62.0,56.36375427246094,6680900,DIS
2013-04-26,62.060001373291016,62.290000915527344,61.54999923706055,61.869998931884766,56.24557113647461,7038500,DIS
2013-04-29,62.81999969482422,63.25,62.59000015258789,63.0,57.27284240722656,7203900,DIS
2013-04-30,62.93000030517578,63.08000183105469,62.439998626708984,62.84000015258789,57.12739944458008,8528800,DIS
2013-05-01,62.880001068115234,63.5,62.79999923706055,63.209999084472656,57.46376037597656,7468900,DIS
2013-05-02,63.400001525878906,63.93000030517578,63.11000061035156,63.880001068115234,58.072853088378906,5249600,DIS
2013-05-03,64.18000030517578,64.8499984741211,63.880001068115234,64.80000305175781,58.90921401977539,9196000,DIS
2013-05-06,65.08999633789062,65.58999633789062,64.51000213623047,65.05999755859375,59.14557647705078,10239600,DIS
2013-05-07,65.44000244140625,66.08999633789062,64.7699966430664,66.06999969482422,60.06376647949219,14539100,DIS
2013-05-08,66.0,66.0,64.55999755859375,65.98999786376953,59.991031646728516,17803200,DIS
2013-05-09,65.7300033569336,67.11000061035156,65.51000213623047,66.66999816894531,60.609214782714844,11325000,DIS
2013-05-10,66.69000244140625,67.43000030517578,66.33999633789062,67.19999694824219,61.09103775024414,8654000,DIS
2013-05-13,66.95999908447266,67.5199966430664,66.91999816894531,67.31999969482422,61.200138092041016,5195000,DIS
2013-05-14,67.43000030517578,67.48999786376953,66.9800033569336,67.47000122070312,61.336490631103516,9675400,DIS
2013-05-15,67.41999816894531,67.79000091552734,67.18000030517578,67.66999816894531,61.518310546875,7925900,DIS
2013-05-16,67.62000274658203,67.88999938964844,66.19999694824219,66.47000122070312,60.42740249633789,8473100,DIS
2013-05-17,66.16000366210938,66.58000183105469,65.68000030517578,66.58000183105469,60.52740478515625,9160100,DIS
2013-05-20,66.58000183105469,66.5999984741211,66.05000305175781,66.12000274658203,60.10921859741211,5893300,DIS
2013-05-21,66.3499984741211,66.4000015258789,65.70999908447266,65.83000183105469,59.845584869384766,7359100,DIS
2013-05-22,65.76000213623047,66.70999908447266,65.2699966430664,65.56999969482422,59.609222412109375,8142400,DIS
2013-05-23,64.87000274658203,65.44000244140625,64.23999786376953,65.2300033569336,59.300132751464844,7536200,DIS
2013-05-24,64.75,65.52999877929688,64.38999938964844,65.48999786376953,59.53649139404297,8846100,DIS
2013-05-28,65.9800033569336,66.76000213623047,65.91999816894531,66.69000244140625,60.62739181518555,8280000,DIS
2013-05-29,66.37000274658203,66.4800033569336,65.73999786376953,66.26000213623047,60.23649597167969,6954000,DIS
2013-05-30,66.44000244140625,67.11000061035156,64.31999969482422,64.6500015258789,58.77285385131836,13052700,DIS
2013-05-31,64.56999969482422,65.02999877929688,63.06999969482422,63.08000183105469,57.3455810546875,11280900,DIS
2013-06-03,63.060001373291016,63.81999969482422,62.529998779296875,63.79999923706055,58.0001220703125,8705600,DIS
2013-06-04,63.93000030517578,64.93000030517578,63.86000061035156,64.3499984741211,58.5001220703125,8147700,DIS
2013-06-05,64.05000305175781,64.12000274658203,62.79999923706055,63.119998931884766,57.38193893432617,8893600,DIS
2013-06-06,63.099998474121094,63.31999969482422,62.040000915527344,63.13999938964844,57.400123596191406,8661900,DIS
2013-06-07,63.630001068115234,64.87000274658203,63.25,64.8499984741211,58.954681396484375,7611300,DIS
2013-06-10,64.91000366210938,64.97000122070312,63.70000076293945,63.83000183105469,58.02739334106445,6729500,DIS
2013-06-11,63.31999969482422,64.30000305175781,62.970001220703125,63.79999923706055,58.0001220703125,6454800,DIS
2013-06-12,64.31999969482422,64.44999694824219,62.869998931884766,62.9900016784668,57.26375961303711,7663200,DIS
2013-06-13,62.9900016784668,64.4000015258789,62.52000045776367,64.30000305175781,58.454673767089844,5584900,DIS
2013-06-14,64.01000213623047,64.43000030517578,63.630001068115234,63.79999923706055,58.0001220703125,5311800,DIS
2013-06-17,64.30000305175781,65.12999725341797,64.25,64.48999786376953,58.62739181518555,6752000,DIS
2013-06-18,64.61000061035156,65.48999786376953,64.55999755859375,65.29000091552734,59.354671478271484,5234400,DIS
2013-06-19,65.19000244140625,65.55000305175781,64.33000183105469,64.33000183105469,58.4819450378418,6871400,DIS
2013-06-20,63.220001220703125,63.52000045776367,61.81999969482422,61.97999954223633,56.345577239990234,12260800,DIS
2013-06-21,62.619998931884766,63.08000183105469,61.81999969482422,62.72999954223633,57.027400970458984,11892400,DIS
2013-06-24,62.25,62.9900016784668,61.81999969482422,62.439998626708984,56.763763427734375,6494500,DIS
2013-06-25,62.880001068115234,63.099998474121094,62.5,62.56999969482422,56.88193893432617,6776700,DIS
2013-06-26,62.95000076293945,63.459999084472656,62.75,63.209999084472656,57.46376037597656,5720400,DIS
2013-06-27,63.650001525878906,63.970001220703125,63.45000076293945,63.720001220703125,57.92740249633789,4875900,DIS
2013-06-28,63.7599983215332,64.5199966430664,63.150001525878906,63.150001525878906,57.409217834472656,10560300,DIS
2013-07-01,63.84000015258789,64.91999816894531,63.630001068115234,63.93000030517578,58.118309020996094,8221600,DIS
2013-07-02,63.83000183105469,64.13999938964844,63.08000183105469,63.2599983215332,57.50920867919922,7690500,DIS
2013-07-03,62.849998474121094,63.83000183105469,62.56999969482422,63.61000061035156,57.827396392822266,3351800,DIS
2013-07-05,63.880001068115234,63.95000076293945,63.11000061035156,63.81999969482422,58.01830291748047,5645800,DIS
2013-07-08,64.27999877929688,64.79000091552734,64.16000366210938,64.70999908447266,58.827396392822266,6679700,DIS
2013-07-09,65.31999969482422,65.54000091552734,64.6500015258789,64.94000244140625,59.036495208740234,4556400,DIS
2013-07-10,64.86000061035156,65.30000305175781,64.56999969482422,64.91000366210938,59.009220123291016,5761700,DIS
2013-07-11,65.6500015258789,66.83000183105469,65.6500015258789,66.58000183105469,60.52740478515625,8329800,DIS
2013-07-12,66.38999938964844,67.0,65.93000030517578,66.9800033569336,60.891048431396484,5889900,DIS
2013-07-15,67.0199966430664,67.36000061035156,65.88999938964844,65.93000030517578,59.93649673461914,6458000,DIS
2013-07-16,65.94999694824219,66.0999984741211,64.93000030517578,65.02999877929688,59.11830520629883,7470900,DIS
2013-07-17,65.41999816894531,65.45999908447266,64.76000213623047,65.36000061035156,59.41830825805664,6846700,DIS
2013-07-18,65.69999694824219,66.37000274658203,65.66000366210938,65.81999969482422,59.83649444580078,4962800,DIS
2013-07-19,65.88999938964844,66.02999877929688,64.91000366210938,65.16000366210938,59.23649978637695,7220400,DIS
2013-07-22,65.1500015258789,65.33000183105469,64.26000213623047,64.4000015258789,58.54558181762695,5973600,DIS
2013-07-23,64.5999984741211,64.7699966430664,64.33000183105469,64.44999694824219,58.59102249145508,4534500,DIS
2013-07-24,64.58999633789062,65.12000274658203,64.52999877929688,64.63999938964844,58.763755798339844,5326800,DIS
2013-07-25,64.31999969482422,64.73999786376953,64.26000213623047,64.55000305175781,58.681949615478516,5407800,DIS
2013-07-26,64.47000122070312,65.06999969482422,64.11000061035156,64.9800033569336,59.07285690307617,4949600,DIS
2013-07-29,64.80000305175781,65.02999877929688,64.47000122070312,64.61000061035156,58.736480712890625,3805800,DIS
2013-07-30,64.69999694824219,64.87000274658203,64.0999984741211,64.18000030517578,58.345584869384766,6210500,DIS
2013-07-31,64.43000030517578,65.12000274658203,64.37999725341797,64.6500015258789,58.77285385131836,7155300,DIS
2013-08-01,65.16000366210938,65.87000274658203,65.12999725341797,65.36000061035156,59.41830825805664,6338100,DIS
2013-08-02,65.55999755859375,66.58999633789062,65.33000183105469,66.51000213623047,60.46377182006836,6098500,DIS
2013-08-05,66.5,66.54000091552734,65.61000061035156,66.0199966430664,60.018310546875,7265800,DIS
2013-08-06,66.08999633789062,67.16000366210938,65.97000122070312,67.05000305175781,60.954673767089844,11546300,DIS
2013-08-07,64.93000030517578,66.30000305175781,64.12000274658203,65.91000366210938,59.91831970214844,16970500,DIS
2013-08-08,66.33999633789062,66.45999908447266,65.19999694824219,65.75,59.772857666015625,8826400,DIS
2013-08-09,65.47000122070312,65.75,64.5999984741211,64.7300033569336,58.845584869384766,7945500,DIS
2013-08-12,64.26000213623047,64.43000030517578,63.66999816894531,63.93000030517578,58.118309020996094,8004900,DIS
2013-08-13,64.26000213623047,64.26000213623047,63.40999984741211,63.97999954223633,58.163761138916016,6025100,DIS
2013-08-14,63.95000076293945,64.16999816894531,63.470001220703125,63.959999084472656,58.145572662353516,6413700,DIS
2013-08-15,63.279998779296875,63.31999969482422,62.20000076293945,62.380001068115234,56.70920944213867,9014100,DIS
2013-08-16,61.970001220703125,62.5,61.709999084472656,62.16999816894531,56.5182991027832,8238800,DIS
2013-08-19,62.150001525878906,62.18000030517578,61.83000183105469,61.83000183105469,56.20920944213867,5659900,DIS
2013-08-20,61.790000915527344,62.38999938964844,61.790000915527344,61.880001068115234,56.254661560058594,5192100,DIS
2013-08-21,61.619998931884766,61.880001068115234,61.09000015258789,61.13999938964844,55.581939697265625,7185400,DIS
2013-08-22,61.31999969482422,61.81999969482422,61.15999984741211,61.63999938964844,56.03648376464844,5302300,DIS
2013-08-23,61.959999084472656,61.9900016784668,61.459999084472656,61.72999954223633,56.11830520629883,5505900,DIS
2013-08-26,61.7599983215332,62.11000061035156,61.33000183105469,61.349998474121094,55.77284622192383,4499100,DIS
2013-08-27,60.900001525878906,61.349998474121094,60.56999969482422,60.689998626708984,55.172847747802734,7734500,DIS
2013-08-28,60.439998626708984,61.150001525878906,60.40999984741211,60.810001373291016,55.28194046020508,7161700,DIS
2013-08-29,60.77000045776367,61.52000045776367,60.54999923706055,61.08000183105469,55.52739715576172,5396200,DIS
2013-08-30,61.13999938964844,61.27000045776367,60.54999923706055,60.83000183105469,55.30012130737305,5404100,DIS
2013-09-03,61.41999816894531,61.9900016784668,60.599998474121094,60.93000030517578,55.39103317260742,7016400,DIS
2013-09-04,60.91999816894531,61.220001220703125,60.52000045776367,61.11000061035156,55.554664611816406,14014600,DIS
2013-09-05,61.06999969482422,61.599998474121094,60.959999084472656,61.29999923706055,55.72738265991211,6356600,DIS
2013-09-06,61.470001220703125,61.83000183105469,60.630001068115234,61.38999938964844,55.80921173095703,7319400,DIS
2013-09-09,61.599998474121094,61.84000015258789,61.27000045776367,61.59000015258789,55.99102783203125,7224500,DIS
2013-09-10,62.09000015258789,62.970001220703125,61.93000030517578,62.83000183105469,57.11830520629883,9919600,DIS
2013-09-11,63.119998931884766,63.939998626708984,62.97999954223633,63.939998626708984,58.12739181518555,9439700,DIS
2013-09-12,63.79999923706055,66.3499984741211,63.40999984741211,65.48999786376953,59.53649139404297,22426500,DIS
2013-09-13,65.87000274658203,67.02999877929688,65.5,66.69000244140625,60.62739181518555,12718700,DIS
2013-09-16,67.31999969482422,67.6500015258789,66.87999725341797,66.94000244140625,60.85467529296875,9716500,DIS
2013-09-17,66.83000183105469,67.19999694824219,66.72000122070312,66.9800033569336,60.891048431396484,6450700,DIS
2013-09-18,66.66999816894531,67.37000274658203,66.20999908447266,67.11000061035156,61.00923156738281,9865600,DIS
2013-09-19,66.38999938964844,66.5,65.4000015258789,65.72000122070312,59.74559020996094,11864800,DIS
2013-09-20,65.61000061035156,65.83999633789062,64.91000366210938,65.01000213623047,59.100128173828125,29076200,DIS
2013-09-23,65.04000091552734,65.4800033569336,64.68000030517578,64.75,58.86376190185547,8286600,DIS
2013-09-24,64.94000244140625,65.16000366210938,64.27999877929688,64.31999969482422,58.47285079956055,8272800,DIS
2013-09-25,64.41999816894531,64.93000030517578,64.19999694824219,64.44999694824219,58.59102249145508,7281400,DIS
2013-09-26,64.36000061035156,65.29000091552734,64.25,65.23999786376953,59.30921936035156,6971200,DIS
2013-09-27,64.97000122070312,65.44000244140625,64.69000244140625,65.19000244140625,59.26377487182617,5586000,DIS
2013-09-30,64.7300033569336,64.94999694824219,64.38999938964844,64.48999786376953,58.62739181518555,7463200,DIS
2013-10-01,64.37000274658203,65.25,64.36000061035156,64.83000183105469,58.936485290527344,4881200,DIS
2013-10-02,64.44999694824219,65.33999633789062,64.4000015258789,64.87999725341797,58.9819450378418,7218800,DIS
2013-10-03,64.72000122070312,64.93000030517578,63.83000183105469,64.0199966430664,58.20012283325195,7264100,DIS
2013-10-04,64.0199966430664,65.43000030517578,63.970001220703125,65.30000305175781,59.36376190185547,6546000,DIS
2013-10-07,64.80999755859375,65.30999755859375,64.56999969482422,64.58999633789062,58.71830749511719,5840900,DIS
2013-10-08,64.5199966430664,64.7699966430664,63.970001220703125,64.0,58.181941986083984,8636300,DIS
2013-10-09,64.0199966430664,64.18000030517578,63.099998474121094,63.59000015258789,57.80922317504883,8746900,DIS
2013-10-10,64.4800033569336,65.66999816894531,64.29000091552734,65.58000183105469,59.618309020996094,7676600,DIS
2013-10-11,65.66000366210938,66.58999633789062,65.5,66.20999908447266,60.1910400390625,6735000,DIS
2013-10-14,65.87999725341797,66.9800033569336,65.77999877929688,66.83000183105469,60.75468063354492,6461500,DIS
2013-10-15,66.7300033569336,66.94000244140625,65.93000030517578,66.44000244140625,60.400142669677734,5943100,DIS
2013-10-16,66.63999938964844,66.86000061035156,66.12999725341797,66.3499984741211,60.31830596923828,7724800,DIS
2013-10-17,66.19000244140625,66.58999633789062,65.9800033569336,66.41999816894531,60.38194274902344,6952100,DIS
2013-10-18,66.5,67.2699966430664,65.98999786376953,67.1500015258789,61.04557418823242,7587000,DIS
2013-10-21,67.2699966430664,67.62999725341797,67.16000366210938,67.61000061035156,61.46377182006836,4845800,DIS
2013-10-22,67.94000244140625,69.12999725341797,67.75,69.0,62.7274169921875,7860700,DIS
2013-10-23,68.80999755859375,69.19999694824219,68.0199966430664,68.12000274658203,61.92740249633789,5864500,DIS
2013-10-24,68.18000030517578,69.19000244140625,68.0199966430664,69.05000305175781,62.77286911010742,6045400,DIS
2013-10-25,69.31999969482422,69.87000274658203,68.97000122070312,69.26000213623047,62.96377182006836,6613300,DIS
2013-10-28,69.3499984741211,69.4800033569336,68.91999816894531,69.0,62.7274169921875,4469200,DIS
2013-10-29,69.12000274658203,69.38999938964844,68.77999877929688,68.91999816894531,62.65467071533203,4450200,DIS
2013-10-30,69.22000122070312,69.30000305175781,67.93000030517578,68.47000122070312,62.24558639526367,5816100,DIS
2013-10-31,68.47000122070312,69.30000305175781,68.3499984741211,68.58999633789062,62.35468673706055,5706100,DIS
2013-11-01,68.70999908447266,69.18000030517578,68.5,69.01000213623047,62.73649978637695,5008600,DIS
2013-11-04,69.41000366210938,69.55000305175781,68.41000366210938,68.80999755859375,62.5546760559082,4790200,DIS
2013-11-05,68.7699966430664,69.05999755859375,68.05999755859375,68.8499984741211,62.59103012084961,5140600,DIS
2013-11-06,69.18000030517578,69.62000274658203,68.62000274658203,69.0,62.7274169921875,6503200,DIS
2013-11-07,69.33999633789062,69.33999633789062,67.08999633789062,67.1500015258789,61.04557418823242,10496300,DIS
2013-11-08,66.87000274658203,69.41000366210938,66.72000122070312,68.58000183105469,62.34560012817383,16182800,DIS
2013-11-11,68.4800033569336,68.73999786376953,68.19000244140625,68.33999633789062,62.12738800048828,4954000,DIS
2013-11-12,68.33000183105469,68.44999694824219,67.41999816894531,67.7699966430664,61.609222412109375,6586700,DIS
2013-11-13,67.43000030517578,68.98999786376953,67.30000305175781,68.97000122070312,62.70013427734375,5681000,DIS
2013-11-14,69.13999938964844,70.1500015258789,69.0,70.0199966430664,63.65468215942383,7246600,DIS
2013-11-15,69.7699966430664,70.16999816894531,69.55000305175781,70.0,63.636497497558594,6184400,DIS
2013-11-18,70.05999755859375,70.08999633789062,69.33000183105469,69.5,63.18194580078125,4904400,DIS
2013-11-19,69.48999786376953,69.72000122070312,69.04000091552734,69.12000274658203,62.83650588989258,4801700,DIS
2013-11-20,69.12000274658203,69.91999816894531,69.08000183105469,69.2300033569336,62.93650436401367,4726800,DIS
2013-11-21,69.45999908447266,70.01000213623047,69.2699966430664,69.94000244140625,63.58195877075195,4498300,DIS
2013-11-22,69.94999694824219,70.33000183105469,69.80000305175781,70.19999694824219,63.818321228027344,4667500,DIS
2013-11-25,70.54000091552734,70.58000183105469,69.5999984741211,69.73999786376953,63.40012741088867,5830600,DIS
2013-11-26,69.91999816894531,71.69000244140625,69.9000015258789,71.18000030517578,64.70923614501953,8850000,DIS
2013-11-27,71.20999908447266,71.25,70.45999908447266,70.7699966430664,64.33650207519531,5446100,DIS
2013-11-29,71.04000091552734,71.2699966430664,70.38999938964844,70.54000091552734,64.12741088867188,4801000,DIS
2013-12-02,70.79000091552734,71.30999755859375,70.76000213623047,70.91000366210938,64.4637680053711,6774600,DIS
2013-12-03,70.22000122070312,70.41000366210938,69.37999725341797,69.9000015258789,63.545597076416016,8304700,DIS
2013-12-04,69.41999816894531,70.4800033569336,69.31999969482422,69.97000122070312,63.60921859741211,4883800,DIS
2013-12-05,70.29000091552734,70.68000030517578,70.08000183105469,70.2300033569336,63.8455924987793,5587000,DIS
2013-12-06,70.97000122070312,71.48999786376953,70.7699966430664,71.45999908447266,64.9637680053711,5542000,DIS
2013-12-09,71.36000061035156,71.4800033569336,70.91999816894531,71.11000061035156,64.64559173583984,6477100,DIS
2013-12-10,70.91000366210938,71.6500015258789,70.9000015258789,71.56999969482422,65.06379699707031,7112200,DIS
2013-12-11,71.7300033569336,72.12999725341797,70.43000030517578,70.5199966430664,64.10922241210938,9519200,DIS
2013-12-12,69.27999877929688,70.0199966430664,68.80000305175781,69.62999725341797,64.08161163330078,8756300,DIS
2013-12-13,69.9000015258789,70.12999725341797,69.27999877929688,69.62000274658203,64.0724105834961,5784300,DIS
2013-12-16,69.91000366210938,70.8499984741211,69.91000366210938,70.51000213623047,64.8915023803711,6246600,DIS
2013-12-17,70.69000244140625,70.91000366210938,69.83000183105469,70.66000366210938,65.029541015625,6829100,DIS
2013-12-18,70.95999908447266,72.19999694824219,70.13999938964844,72.19999694824219,66.44682312011719,7971400,DIS
2013-12-19,72.13999938964844,73.08000183105469,72.0999984741211,72.97000122070312,67.15547180175781,6768100,DIS
2013-12-20,73.0999984741211,73.55999755859375,72.33999633789062,72.4000015258789,66.63088989257812,12989700,DIS
2013-12-23,72.88999938964844,73.33000183105469,72.66000366210938,73.27999877929688,67.4407730102539,5621900,DIS
2013-12-24,73.25,73.86000061035156,73.25,73.8499984741211,67.96533966064453,2883600,DIS
2013-12-26,73.94999694824219,74.69000244140625,73.91000366210938,74.62000274658203,68.67398834228516,4620100,DIS
2013-12-27,74.6500015258789,74.77999877929688,73.93000030517578,74.3499984741211,68.42550659179688,3844800,DIS
2013-12-30,74.98999786376953,76.54000091552734,74.88999938964844,76.2300033569336,70.15570831298828,8578900,DIS
2013-12-31,76.27999877929688,76.5,75.80999755859375,76.4000015258789,70.3121566772461,4692300,DIS
2014-01-02,76.04000091552734,76.5,75.9000015258789,76.2699966430664,70.19249725341797,5200900,DIS
2014-01-03,76.30000305175781,76.69999694824219,76.01000213623047,76.11000061035156,70.04527282714844,4060700,DIS
2014-01-06,76.52999877929688,76.83999633789062,75.48999786376953,75.81999969482422,69.77837371826172,6816200,DIS
2014-01-07,76.12000274658203,76.69999694824219,75.9000015258789,76.33999633789062,70.25692749023438,4494900,DIS
2014-01-08,76.12999725341797,76.27999877929688,74.80999755859375,75.22000122070312,69.22618865966797,10900300,DIS
2014-01-09,75.45999908447266,75.45999908447266,74.31999969482422,74.9000015258789,68.93167877197266,8052900,DIS
2014-01-10,75.08000183105469,75.51000213623047,74.55999755859375,75.38999938964844,69.38263702392578,6219000,DIS
2014-01-13,74.9000015258789,75.12999725341797,73.05000305175781,73.2699966430664,67.43156433105469,8232800,DIS
2014-01-14,73.70999908447266,74.58000183105469,73.29000091552734,74.44999694824219,68.51753234863281,5996500,DIS
2014-01-15,74.30000305175781,75.0999984741211,74.25,74.27999877929688,68.36109161376953,7283900,DIS
2014-01-16,74.38999938964844,74.4000015258789,73.72000122070312,74.20999908447266,68.29666900634766,5597400,DIS
2014-01-17,74.43000030517578,74.62999725341797,73.68000030517578,73.9800033569336,68.08500671386719,6624800,DIS
2014-01-21,73.98999786376953,74.87999725341797,73.30000305175781,74.19999694824219,68.28746032714844,7507100,DIS
2014-01-22,74.08000183105469,75.43000030517578,74.05000305175781,75.30999755859375,69.30901336669922,6795100,DIS
2014-01-23,74.52999877929688,74.94999694824219,74.1500015258789,74.79000091552734,68.83045196533203,6280900,DIS
2014-01-24,74.0999984741211,74.2300033569336,72.72000122070312,72.72000122070312,66.92539978027344,7334900,DIS
2014-01-27,72.47000122070312,72.91000366210938,71.72000122070312,72.25,66.49285125732422,7415100,DIS
2014-01-28,72.26000213623047,73.0,72.23999786376953,72.87999725341797,67.07264709472656,5508400,DIS
2014-01-29,71.97000122070312,72.23999786376953,71.12000274658203,71.33000183105469,65.64615631103516,8604800,DIS
2014-01-30,72.08999633789062,73.62999725341797,72.0,73.22000122070312,67.38556671142578,7550500,DIS
2014-01-31,72.19999694824219,73.31999969482422,71.80000305175781,72.61000061035156,66.82415771484375,7748500,DIS
2014-02-03,72.66000366210938,72.7300033569336,69.8499984741211,69.98999786376953,64.41293334960938,11964800,DIS
2014-02-04,70.94000244140625,71.25,69.87999725341797,71.05000305175781,65.38847351074219,11278800,DIS
2014-02-05,72.05000305175781,72.05000305175781,70.37000274658203,71.76000213623047,66.04190063476562,11573300,DIS
2014-02-06,75.61000061035156,76.7300033569336,74.77999877929688,75.55999755859375,69.53909301757812,19821900,DIS
2014-02-07,75.08000183105469,75.69999694824219,74.61000061035156,75.66999816894531,69.64031982421875,11480100,DIS
2014-02-10,75.66999816894531,77.30999755859375,75.56999969482422,77.05999755859375,70.91956329345703,8781600,DIS
2014-02-11,77.1500015258789,77.91999816894531,77.11000061035156,77.79000091552734,71.59140014648438,8186200,DIS
2014-02-12,77.66000366210938,78.01000213623047,77.63999938964844,77.91000366210938,71.70183563232422,6329500,DIS
2014-02-13,77.5199966430664,78.23999786376953,77.19999694824219,77.9000015258789,71.692626953125,5955400,DIS
2014-02-14,77.87999725341797,79.47000122070312,77.7699966430664,79.2300033569336,72.91665649414062,7001100,DIS
2014-02-18,79.5,80.0,79.43000030517578,79.58000183105469,73.23876953125,6136500,DIS
2014-02-19,79.5,79.77999877929688,78.80000305175781,78.87000274658203,72.58534240722656,7024000,DIS
2014-02-20,79.20999908447266,79.6500015258789,78.83999633789062,79.19000244140625,72.87984466552734,5748700,DIS
2014-02-21,79.06999969482422,80.44999694824219,78.80000305175781,80.12999725341797,73.74493408203125,8252300,DIS
2014-02-24,80.5,81.58999633789062,80.45999908447266,80.7300033569336,74.297119140625,6635200,DIS
2014-02-25,80.72000122070312,81.3499984741211,80.04000091552734,80.20999908447266,73.81856536865234,6064300,DIS
2014-02-26,80.62999725341797,80.94999694824219,79.58999633789062,80.08000183105469,73.69892120361328,5775600,DIS
2014-02-27,80.0,80.58999633789062,79.86000061035156,80.4800033569336,74.06705474853516,4919800,DIS
2014-02-28,80.83999633789062,81.58999633789062,80.16999816894531,80.80999755859375,74.3707504272461,7030700,DIS
2014-03-03,80.30000305175781,80.6500015258789,78.8499984741211,79.45999908447266,73.12833404541016,8449400,DIS
2014-03-04,80.5999984741211,82.16999816894531,80.54000091552734,81.70999908447266,75.19902801513672,8021400,DIS
2014-03-05,82.22000122070312,83.20999908447266,82.0199966430664,82.68000030517578,76.09174346923828,7709700,DIS
2014-03-06,82.86000061035156,83.41999816894531,82.83999633789062,83.33999633789062,76.69916534423828,5774400,DIS
2014-03-07,83.5999984741211,83.6500015258789,82.0199966430664,82.20999908447266,75.65918731689453,7478100,DIS
2014-03-10,82.18000030517578,82.43000030517578,81.69000244140625,81.97000122070312,75.43832397460938,5209700,DIS
2014-03-11,82.19000244140625,82.33000183105469,80.72000122070312,81.05000305175781,74.59162902832031,7171600,DIS
2014-03-12,80.58999633789062,81.38999938964844,80.05000305175781,81.37999725341797,74.89533233642578,6378300,DIS
2014-03-13,81.75,81.9800033569336,79.66000366210938,79.93000030517578,73.56088256835938,8570600,DIS
2014-03-14,79.8499984741211,80.41000366210938,79.56999969482422,80.06999969482422,73.6897201538086,7754700,DIS
2014-03-17,80.5,81.5999984741211,80.30999755859375,81.38999938964844,74.904541015625,7280700,DIS
2014-03-18,81.52999877929688,82.25,81.27999877929688,81.98999786376953,75.45672607421875,5395900,DIS
2014-03-19,82.25,82.30000305175781,80.04000091552734,80.5199966430664,74.1038589477539,6403200,DIS
2014-03-20,80.58999633789062,81.0199966430664,79.76000213623047,80.80999755859375,74.3707504272461,5968200,DIS
2014-03-21,81.95999908447266,82.05000305175781,80.05000305175781,80.3499984741211,73.94741821289062,7840900,DIS
2014-03-24,80.70999908447266,80.93000030517578,79.37999725341797,79.48999786376953,73.15593719482422,7642900,DIS
2014-03-25,80.23999786376953,80.33999633789062,78.5999984741211,79.55000305175781,73.21115112304688,6692400,DIS
2014-03-26,79.93000030517578,80.23999786376953,78.61000061035156,78.62000274658203,72.35525512695312,6750800,DIS
2014-03-27,78.30000305175781,78.61000061035156,77.27999877929688,78.4800033569336,72.2264175415039,9194700,DIS
2014-03-28,78.7300033569336,79.45999908447266,78.30999755859375,78.98999786376953,72.69579315185547,5281700,DIS
2014-03-31,79.69999694824219,80.38999938964844,79.66000366210938,80.06999969482422,73.6897201538086,6848800,DIS
2014-04-01,80.38999938964844,81.61000061035156,80.38999938964844,81.56999969482422,75.07019805908203,6555000,DIS
2014-04-02,81.72000122070312,81.97000122070312,81.30000305175781,81.66999816894531,75.16222381591797,6073500,DIS
2014-04-03,81.91999816894531,82.23999786376953,81.13999938964844,81.69000244140625,75.18063354492188,4930100,DIS
2014-04-04,82.31999969482422,82.8499984741211,80.4000015258789,80.43000030517578,74.02102661132812,8894400,DIS
2014-04-07,80.41999816894531,80.80000305175781,78.55999755859375,79.12999725341797,72.82461547851562,9000800,DIS
2014-04-08,79.2699966430664,79.6500015258789,78.12000274658203,79.56999969482422,73.22956848144531,7085100,DIS
2014-04-09,79.97000122070312,80.52999877929688,79.26000213623047,80.47000122070312,74.05784606933594,7004800,DIS
2014-04-10,80.91999816894531,80.91999816894531,77.4800033569336,77.51000213623047,71.33370971679688,10160200,DIS
2014-04-11,77.51000213623047,77.94999694824219,76.80999755859375,77.01000213623047,70.87354278564453,9204100,DIS
2014-04-14,77.69999694824219,77.83000183105469,76.8499984741211,77.62000274658203,71.43495178222656,5964700,DIS
2014-04-15,77.88999938964844,78.20999908447266,76.30999755859375,77.66000366210938,71.47175598144531,6398700,DIS
2014-04-16,78.37999725341797,78.9800033569336,78.19000244140625,78.94999694824219,72.65896606445312,5958800,DIS
2014-04-17,78.69999694824219,80.22000122070312,78.5999984741211,79.98999786376953,73.6160888671875,7627700,DIS
2014-04-21,79.95999908447266,79.9800033569336,78.69000244140625,79.11000061035156,72.80622100830078,7080300,DIS
2014-04-22,79.22000122070312,79.88999938964844,79.20999908447266,79.44999694824219,73.11911010742188,5876000,DIS
2014-04-23,79.52999877929688,79.94999694824219,78.97000122070312,79.5199966430664,73.18354034423828,4148600,DIS
2014-04-24,79.73999786376953,80.05999755859375,79.11000061035156,79.58999633789062,73.24796295166016,4632700,DIS
2014-04-25,79.45999908447266,79.45999908447266,78.16000366210938,78.2300033569336,71.996337890625,6193300,DIS
2014-04-28,78.76000213623047,79.05999755859375,76.87999725341797,77.77999877929688,71.58219146728516,7522700,DIS
2014-04-29,78.3499984741211,78.68000030517578,77.73999786376953,78.63999938964844,72.3736572265625,4608700,DIS
2014-04-30,78.5,79.52999877929688,78.18000030517578,79.33999633789062,73.01789855957031,6550200,DIS
2014-05-01,79.3499984741211,79.87000274658203,79.26000213623047,79.55999755859375,73.22036743164062,6486800,DIS
2014-05-02,79.62000274658203,80.55000305175781,79.62000274658203,80.30999755859375,73.91059112548828,7599300,DIS
2014-05-05,80.41999816894531,81.30999755859375,79.80000305175781,81.22000122070312,74.74809265136719,5669800,DIS
2014-05-06,81.58999633789062,81.62999725341797,80.80000305175781,81.02999877929688,74.5732192993164,10696500,DIS
2014-05-07,81.6500015258789,82.44000244140625,80.12000274658203,80.29000091552734,73.89219665527344,11906800,DIS
2014-05-08,80.20999908447266,82.2699966430664,80.06999969482422,81.5999984741211,75.09779357910156,9257700,DIS
2014-05-09,81.2699966430664,82.0199966430664,80.9000015258789,81.94999694824219,75.41991424560547,5376600,DIS
2014-05-12,82.08000183105469,82.94000244140625,82.08000183105469,82.41999816894531,75.85245513916016,5704400,DIS
2014-05-13,82.43000030517578,82.75,81.75,82.08000183105469,75.53955841064453,5274700,DIS
2014-05-14,81.7699966430664,82.18000030517578,80.62999725341797,80.91999816894531,74.47198486328125,6192000,DIS
2014-05-15,80.63999938964844,80.83000183105469,79.20999908447266,80.1500015258789,73.76335144042969,7687700,DIS
2014-05-16,80.16999816894531,80.41999816894531,79.33999633789062,80.38999938964844,73.98422241210938,5823700,DIS
2014-05-19,80.43000030517578,81.37999725341797,80.13999938964844,81.05000305175781,74.59162902832031,4896900,DIS
2014-05-20,80.94000244140625,81.76000213623047,80.5199966430664,81.08999633789062,74.62842559814453,6023200,DIS
2014-05-21,81.41999816894531,82.33999633789062,81.41999816894531,82.19000244140625,75.64078521728516,4736400,DIS
2014-05-22,82.19000244140625,82.79000091552734,82.04000091552734,82.3499984741211,75.78804016113281,4652000,DIS
2014-05-23,82.19000244140625,83.36000061035156,82.19000244140625,83.31999969482422,76.68074798583984,4580300,DIS
2014-05-27,83.55999755859375,83.9800033569336,83.31999969482422,83.73999786376953,77.06727600097656,5197700,DIS
2014-05-28,83.80000305175781,83.9000015258789,83.25,83.5999984741211,76.93844604492188,4652100,DIS
2014-05-29,83.91999816894531,84.08999633789062,83.43000030517578,84.02999877929688,77.33417510986328,6522000,DIS
2014-05-30,83.80999755859375,84.38999938964844,83.62000274658203,84.01000213623047,77.31576538085938,6352400,DIS
2014-06-02,84.2699966430664,84.41999816894531,84.01000213623047,84.2699966430664,77.55503845214844,3933800,DIS
2014-06-03,84.06999969482422,84.2300033569336,83.72000122070312,83.87999725341797,77.19612884521484,4541400,DIS
2014-06-04,83.8499984741211,84.4000015258789,83.30999755859375,84.23999786376953,77.52743530273438,5800100,DIS
2014-06-05,84.37000274658203,84.94999694824219,83.9000015258789,84.77999877929688,78.02439880371094,5956000,DIS
2014-06-06,84.91000366210938,84.98999786376953,84.2699966430664,84.61000061035156,77.86795806884766,5302800,DIS
2014-06-09,84.5999984741211,85.86000061035156,84.52999877929688,85.4800033569336,78.66862487792969,5667600,DIS
2014-06-10,85.4000015258789,85.4000015258789,84.69999694824219,84.75,77.9968032836914,4632600,DIS
2014-06-11,84.5999984741211,84.80999755859375,84.16999816894531,84.30999755859375,77.59185791015625,4300900,DIS
2014-06-12,84.02999877929688,84.19999694824219,82.5999984741211,82.80000305175781,76.20218658447266,7231400,DIS
2014-06-13,82.75,82.98999786376953,81.80000305175781,82.80000305175781,76.20218658447266,4711100,DIS
2014-06-16,82.63999938964844,83.44000244140625,82.55999755859375,83.30000305175781,76.66234588623047,5181100,DIS
2014-06-17,82.9800033569336,83.45999908447266,82.61000061035156,83.16000366210938,76.53350830078125,4535900,DIS
2014-06-18,83.18000030517578,83.75,82.80999755859375,83.58000183105469,76.92003631591797,4536300,DIS
2014-06-19,83.6500015258789,83.91999816894531,83.25,83.7699966430664,77.09488677978516,4326900,DIS
2014-06-20,84.06999969482422,84.08000183105469,82.79000091552734,82.81999969482422,76.2205810546875,11073400,DIS
2014-06-23,82.8499984741211,82.93000030517578,82.31999969482422,82.76000213623047,76.16537475585938,3946600,DIS
2014-06-24,82.68000030517578,83.56999969482422,82.48999786376953,82.68000030517578,76.09174346923828,5057100,DIS
2014-06-25,82.66999816894531,84.31999969482422,82.4800033569336,83.9000015258789,77.21452331542969,7899200,DIS
2014-06-26,84.68000030517578,84.68000030517578,83.7699966430664,84.44999694824219,77.720703125,6424000,DIS
2014-06-27,84.12999725341797,85.38999938964844,84.12999725341797,85.30000305175781,78.50297546386719,17932200,DIS
2014-06-30,85.44000244140625,86.06999969482422,85.06999969482422,85.73999786376953,78.90791320800781,6991400,DIS
2014-07-01,85.80999755859375,86.87000274658203,85.76000213623047,86.47000122070312,79.57974243164062,5608200,DIS
2014-07-02,86.58000183105469,86.70999908447266,86.19999694824219,86.44000244140625,79.55213165283203,4439600,DIS
2014-07-03,86.69999694824219,86.9800033569336,86.5,86.83999633789062,79.92025756835938,3210400,DIS
2014-07-07,86.61000061035156,86.81999969482422,86.31999969482422,86.58999633789062,79.69017791748047,4897800,DIS
2014-07-08,86.19000244140625,86.31999969482422,85.68000030517578,85.86000061035156,79.01835632324219,4733600,DIS
2014-07-09,86.0,87.29000091552734,85.8499984741211,87.22000122070312,80.26998901367188,6311200,DIS
2014-07-10,86.52999877929688,87.61000061035156,86.19000244140625,86.86000061035156,79.93865966796875,7249700,DIS
2014-07-11,87.0,87.36000061035156,86.37000274658203,86.88999938964844,79.96627044677734,5016000,DIS
2014-07-14,87.45999908447266,87.48999786376953,86.66000366210938,86.76000213623047,79.84664154052734,4012300,DIS
2014-07-15,86.58000183105469,86.6500015258789,85.54000091552734,86.1500015258789,79.28524780273438,7001300,DIS
2014-07-16,86.69000244140625,87.62999725341797,85.12000274658203,85.3499984741211,78.54898834228516,10667200,DIS
2014-07-17,85.33000183105469,86.19000244140625,84.87000274658203,85.02999877929688,78.25448608398438,6885900,DIS
2014-07-18,85.44000244140625,85.9800033569336,85.16999816894531,85.80999755859375,78.97234344482422,4719100,DIS
2014-07-21,85.80999755859375,86.0,85.5,85.73999786376953,78.90791320800781,4799800,DIS
2014-07-22,86.37000274658203,86.55999755859375,85.51000213623047,86.20999908447266,79.34046173095703,4984200,DIS
2014-07-23,86.30999755859375,86.52999877929688,85.76000213623047,86.04000091552734,79.18400573730469,3650200,DIS
2014-07-24,86.5,86.95999908447266,86.30999755859375,86.80000305175781,79.8834457397461,4168200,DIS
2014-07-25,86.30000305175781,86.69999694824219,86.05000305175781,86.2300033569336,79.35885620117188,4659800,DIS
2014-07-28,86.43000030517578,87.22000122070312,85.80999755859375,87.1500015258789,80.20555114746094,4546800,DIS
2014-07-29,87.29000091552734,87.30000305175781,86.16000366210938,86.19999694824219,79.33126068115234,5478700,DIS
2014-07-30,86.62000274658203,87.2699966430664,86.08999633789062,87.20999908447266,80.26078796386719,7294200,DIS
2014-07-31,86.58999633789062,86.94999694824219,85.69000244140625,85.87999725341797,79.03675842285156,6342400,DIS
2014-08-01,85.38999938964844,86.01000213623047,85.20999908447266,85.37999725341797,78.57660675048828,6759200,DIS
2014-08-04,86.16999816894531,87.5199966430664,86.01000213623047,87.23999786376953,80.28839111328125,8262700,DIS
2014-08-05,87.13999938964844,87.23999786376953,86.0199966430664,86.75,79.83744812011719,9361800,DIS
2014-08-06,86.18000030517578,87.62000274658203,86.16999816894531,86.58999633789062,79.69017791748047,9789500,DIS
2014-08-07,86.98999786376953,87.01000213623047,85.2300033569336,85.51000213623047,78.69624328613281,7916900,DIS
2014-08-08,85.6500015258789,86.88999938964844,85.62000274658203,86.8499984741211,79.92945098876953,6382700,DIS
2014-08-11,87.06999969482422,87.9800033569336,87.05000305175781,87.5,80.52767181396484,5047900,DIS
2014-08-12,87.1500015258789,87.62000274658203,86.77999877929688,87.20999908447266,80.26078796386719,4510100,DIS
2014-08-13,87.73999786376953,87.94999694824219,87.41999816894531,87.5999984741211,80.61970520019531,4532300,DIS
2014-08-14,88.02999877929688,88.91000366210938,87.80999755859375,88.61000061035156,81.54922485351562,8218000,DIS
2014-08-15,89.0199966430664,89.47000122070312,88.69000244140625,89.27999877929688,82.16582489013672,8211000,DIS
2014-08-18,89.66000366210938,90.37000274658203,89.58000183105469,89.97000122070312,82.80084991455078,4973300,DIS
2014-08-19,90.12999725341797,90.29000091552734,89.63999938964844,90.08999633789062,82.91127014160156,4153000,DIS
2014-08-20,89.91999816894531,90.05000305175781,89.66999816894531,89.83999633789062,82.68120574951172,3894500,DIS
2014-08-21,90.05999755859375,90.52999877929688,89.9800033569336,90.37999725341797,83.17818450927734,4719100,DIS
2014-08-22,90.12999725341797,90.9000015258789,90.12000274658203,90.48999786376953,83.2794189453125,4756400,DIS
2014-08-25,90.94999694824219,91.13999938964844,90.30000305175781,90.37999725341797,83.17818450927734,3515400,DIS
2014-08-26,90.61000061035156,90.66999816894531,89.94000244140625,90.0199966430664,82.84687042236328,4117700,DIS
2014-08-27,90.13999938964844,90.41000366210938,89.9800033569336,90.37000274658203,83.16899108886719,3739700,DIS
2014-08-28,89.9800033569336,90.48999786376953,89.95999908447266,90.2300033569336,83.04013061523438,2678400,DIS
2014-08-29,90.31999969482422,90.37999725341797,89.33000183105469,89.87999725341797,82.71800994873047,4179400,DIS
2014-09-02,90.18000030517578,90.93000030517578,90.1500015258789,90.80000305175781,83.5647201538086,5602000,DIS
2014-09-03,91.05999755859375,91.16000366210938,90.66999816894531,90.94000244140625,83.69356536865234,3684000,DIS
2014-09-04,90.87000274658203,91.19999694824219,90.01000213623047,90.13999938964844,82.95731353759766,5458700,DIS
2014-09-05,90.13999938964844,90.94000244140625,90.0999984741211,90.94000244140625,83.69356536865234,4597100,DIS
2014-09-08,90.76000213623047,90.83999633789062,90.16000366210938,90.55999755859375,83.34383392333984,4331200,DIS
2014-09-09,90.5,90.54000091552734,89.51000213623047,89.5999984741211,82.4603271484375,4797700,DIS
2014-09-10,89.54000091552734,89.81999969482422,88.75,89.5199966430664,82.3866958618164,5078600,DIS
2014-09-11,89.19999694824219,90.04000091552734,89.05999755859375,89.97000122070312,82.80084991455078,4065500,DIS
2014-09-12,90.0999984741211,90.19999694824219,89.25,89.66999816894531,82.52474975585938,3870200,DIS
2014-09-15,89.73999786376953,90.37000274658203,89.55999755859375,90.08000183105469,82.90208435058594,4910000,DIS
2014-09-16,89.70999908447266,90.43000030517578,89.45999908447266,90.2699966430664,83.07693481445312,4324600,DIS
2014-09-17,90.58000183105469,90.7699966430664,89.97000122070312,90.33000183105469,83.1321792602539,4058100,DIS
2014-09-18,90.30999755859375,90.5,89.91000366210938,90.33999633789062,83.14136505126953,4343600,DIS
2014-09-19,90.80000305175781,91.1500015258789,90.38999938964844,90.48999786376953,83.2794189453125,13382900,DIS
2014-09-22,90.48999786376953,90.61000061035156,89.19000244140625,89.29000091552734,82.17503356933594,5003000,DIS
2014-09-23,89.12000274658203,89.23999786376953,88.2300033569336,88.30999755859375,81.27311706542969,6155800,DIS
2014-09-24,88.36000061035156,89.63999938964844,88.23999786376953,89.44999694824219,82.32228088378906,5607000,DIS
2014-09-25,89.26000213623047,89.5999984741211,88.05999755859375,88.06999969482422,81.05226135253906,7077400,DIS
2014-09-26,88.1500015258789,88.88999938964844,87.91000366210938,88.73999786376953,81.66885375976562,5786400,DIS
2014-09-29,88.12000274658203,89.05000305175781,87.36000061035156,88.83000183105469,81.75169372558594,5188600,DIS
2014-09-30,88.83999633789062,89.54000091552734,88.54000091552734,89.02999877929688,81.93574523925781,4824500,DIS
2014-10-01,89.08000183105469,89.23999786376953,87.19999694824219,87.48999786376953,80.51846313476562,7512500,DIS
2014-10-02,87.5,87.66000366210938,84.6500015258789,86.79000091552734,79.87425231933594,11051100,DIS
2014-10-03,88.0999984741211,88.9000015258789,87.55000305175781,88.44999694824219,81.40196228027344,7549000,DIS
2014-10-06,88.79000091552734,89.18000030517578,88.06999969482422,88.55999755859375,81.50321197509766,4047800,DIS
2014-10-07,88.0,88.26000213623047,87.04000091552734,87.11000061035156,80.16873168945312,6217600,DIS
2014-10-08,87.05999755859375,88.1500015258789,86.33000183105469,88.11000061035156,81.08906555175781,7008000,DIS
2014-10-09,88.02999877929688,88.16000366210938,85.56999969482422,85.70999908447266,78.88029479980469,8726200,DIS
2014-10-10,85.91999816894531,87.0,85.4000015258789,86.2699966430664,79.39567565917969,12675300,DIS
2014-10-13,85.91999816894531,86.38999938964844,83.76000213623047,83.91000366210938,77.2237319946289,9039800,DIS
2014-10-14,84.75,85.5199966430664,83.9000015258789,84.13999938964844,77.4354019165039,8607100,DIS
2014-10-15,82.38999938964844,83.76000213623047,78.54000091552734,82.08000183105469,75.53955841064453,21844400,DIS
2014-10-16,79.93000030517578,82.47000122070312,79.55000305175781,81.73999786376953,75.22663879394531,13216500,DIS
2014-10-17,82.68000030517578,84.66000366210938,82.68000030517578,83.83000183105469,77.15010070800781,12381800,DIS
2014-10-20,84.2300033569336,85.61000061035156,84.1500015258789,85.5199966430664,78.70543670654297,8302100,DIS
2014-10-21,86.31999969482422,87.68000030517578,86.25,87.54000091552734,80.56449127197266,9170400,DIS
2014-10-22,87.94000244140625,88.61000061035156,86.9800033569336,87.0999984741211,80.15953063964844,9314500,DIS
2014-10-23,88.20999908447266,88.62999725341797,87.76000213623047,87.98999786376953,80.97863006591797,7245300,DIS
2014-10-24,87.91000366210938,88.66000366210938,87.58000183105469,88.61000061035156,81.54922485351562,4937500,DIS
2014-10-27,88.47000122070312,88.98999786376953,88.23999786376953,88.44999694824219,81.40196228027344,5644300,DIS
2014-10-28,89.04000091552734,89.95999908447266,88.94999694824219,89.93000030517578,82.7640380859375,4554400,DIS
2014-10-29,89.83999633789062,90.25,88.94999694824219,89.52999877929688,82.39591217041016,5442100,DIS
2014-10-30,89.44000244140625,90.54000091552734,88.91000366210938,90.22000122070312,83.03093719482422,4445300,DIS
2014-10-31,91.51000213623047,91.9800033569336,90.75,91.37999725341797,84.09850311279297,7472200,DIS
2014-11-03,91.23999786376953,91.81999969482422,91.0,91.70999908447266,84.40218353271484,5447700,DIS
2014-11-04,91.97000122070312,91.9800033569336,89.80000305175781,90.3499984741211,83.15056610107422,7928500,DIS
2014-11-05,91.5999984741211,91.5999984741211,89.58999633789062,91.0,83.74877166748047,7021000,DIS
2014-11-06,91.29000091552734,92.0,91.1500015258789,92.0,84.66909790039062,9938800,DIS
2014-11-07,89.38999938964844,90.0199966430664,88.6500015258789,90.0,82.82846069335938,16176300,DIS
2014-11-10,90.23999786376953,90.41999816894531,88.94999694824219,89.77999877929688,82.62599182128906,8155700,DIS
2014-11-11,90.01000213623047,90.02999877929688,89.12999725341797,89.9800033569336,82.81005859375,5896800,DIS
2014-11-12,89.7699966430664,90.12000274658203,89.33000183105469,89.9000015258789,82.73643493652344,5262500,DIS
2014-11-13,90.0999984741211,90.70999908447266,90.02999877929688,90.48999786376953,83.2794189453125,5098800,DIS
2014-11-14,90.68000030517578,90.8499984741211,90.37999725341797,90.80000305175781,83.5647201538086,4281100,DIS
2014-11-17,90.5,90.77999877929688,90.05000305175781,90.41000366210938,83.2057876586914,4148400,DIS
2014-11-18,90.33000183105469,90.69000244140625,90.12999725341797,90.27999877929688,83.08614349365234,4461600,DIS
2014-11-19,90.26000213623047,90.27999877929688,89.19000244140625,89.81999969482422,82.66278839111328,7710000,DIS
2014-11-20,89.25,89.45999908447266,88.75,88.9000015258789,81.81610107421875,8604000,DIS
2014-11-21,89.69000244140625,89.80000305175781,88.76000213623047,88.95999908447266,81.87133026123047,7383500,DIS
2014-11-24,89.31999969482422,90.66000366210938,89.31999969482422,90.58000183105469,83.36223602294922,6504100,DIS
2014-11-25,90.70999908447266,91.91999816894531,90.70999908447266,91.6500015258789,84.34697723388672,7404200,DIS
2014-11-26,91.95999908447266,92.27999877929688,91.66999816894531,91.91999816894531,84.59546661376953,4607200,DIS
2014-11-28,92.52999877929688,92.95999908447266,92.2300033569336,92.51000213623047,85.13845825195312,3853000,DIS
2014-12-01,92.62999725341797,93.13999938964844,92.0999984741211,92.69999694824219,85.31330871582031,6714700,DIS
2014-12-02,92.6500015258789,93.80999755859375,92.41999816894531,93.47000122070312,86.02195739746094,6664200,DIS
2014-12-03,93.54000091552734,93.66000366210938,92.5,93.11000061035156,85.6906509399414,5492400,DIS
2014-12-04,93.61000061035156,93.62999725341797,92.56999969482422,93.2300033569336,85.80107879638672,6017300,DIS
2014-12-05,93.69000244140625,93.9800033569336,93.33999633789062,93.76000213623047,86.28884887695312,5226800,DIS
2014-12-08,94.20999908447266,94.5,93.41000366210938,93.80000305175781,86.32566833496094,6682200,DIS
2014-12-09,93.51000213623047,93.56999969482422,91.76000213623047,92.94000244140625,85.53419494628906,9519900,DIS
2014-12-10,92.5199966430664,92.83000183105469,91.55000305175781,91.62999725341797,84.32856750488281,10346100,DIS
2014-12-11,91.08999633789062,92.66000366210938,90.66000366210938,91.75,85.5122299194336,8227800,DIS
2014-12-12,91.18000030517578,92.61000061035156,90.94999694824219,91.48999786376953,85.26991271972656,7890900,DIS
2014-12-15,92.02999877929688,92.69000244140625,90.19000244140625,90.9000015258789,84.72000122070312,6746800,DIS
2014-12-16,90.5,92.0,90.12999725341797,90.16999816894531,84.0396499633789,6549400,DIS
2014-12-17,90.36000061035156,91.68000030517578,90.19999694824219,91.37999725341797,85.16739654541016,6885900,DIS
2014-12-18,92.19000244140625,92.61000061035156,91.86000061035156,92.61000061035156,86.31376647949219,9387500,DIS
2014-12-19,92.33999633789062,93.19999694824219,91.87999725341797,92.88999938964844,86.5747299194336,12837900,DIS
2014-12-22,93.38999938964844,94.36000061035156,93.22000122070312,94.19999694824219,87.79566955566406,7477500,DIS
2014-12-23,94.4800033569336,95.06999969482422,94.4000015258789,94.69000244140625,88.25235748291016,5385800,DIS
2014-12-24,94.69000244140625,95.12000274658203,94.37000274658203,94.41999816894531,88.00070190429688,2165700,DIS
2014-12-26,94.73999786376953,95.30999755859375,94.5199966430664,95.02999877929688,88.56924438476562,3142400,DIS
2014-12-29,94.73999786376953,95.93000030517578,94.69000244140625,95.5,89.00728607177734,3584400,DIS
2014-12-30,95.20999908447266,95.5,94.5,94.69999694824219,88.26166534423828,3490100,DIS
2014-12-31,95.12999725341797,95.5199966430664,94.02999877929688,94.19000244140625,87.7863540649414,4797000,DIS
2015-01-02,94.91000366210938,95.27999877929688,92.8499984741211,93.75,87.37626647949219,5865400,DIS
2015-01-05,93.27999877929688,93.3499984741211,91.77999877929688,92.37999725341797,86.09940338134766,7789400,DIS
2015-01-06,92.56999969482422,93.19000244140625,91.16000366210938,91.88999938964844,85.64270782470703,6793100,DIS
2015-01-07,92.72000122070312,93.1500015258789,92.0999984741211,92.83000183105469,86.51881408691406,6589500,DIS
2015-01-08,93.87000274658203,94.30000305175781,93.55999755859375,93.79000091552734,87.41353607177734,7579400,DIS
2015-01-09,94.05000305175781,95.2699966430664,93.98999786376953,94.25,87.84225463867188,8621300,DIS
2015-01-12,94.69000244140625,94.76000213623047,93.7699966430664,94.45999908447266,88.0379867553711,6586200,DIS
2015-01-13,95.27999877929688,96.43000030517578,94.69999694824219,95.19000244140625,88.7183609008789,9364300,DIS
2015-01-14,94.0,94.80000305175781,93.29000091552734,94.2300033569336,87.82362365722656,6509300,DIS
2015-01-15,94.61000061035156,94.95999908447266,94.04000091552734,94.3499984741211,87.93545532226562,5662200,DIS
2015-01-16,94.0,95.2300033569336,93.9800033569336,95.18000030517578,88.70903778076172,6117000,DIS
2015-01-20,95.22000122070312,95.38999938964844,93.75,94.73999786376953,88.2989501953125,7940600,DIS
2015-01-21,94.37000274658203,94.73999786376953,93.81999969482422,94.16999816894531,87.7677001953125,7474700,DIS
2015-01-22,94.58000183105469,95.38999938964844,94.01000213623047,95.1500015258789,88.68107604980469,7014200,DIS
2015-01-23,94.91999816894531,95.52999877929688,94.43000030517578,94.72000122070312,88.28031158447266,4664700,DIS
2015-01-26,94.44999694824219,95.0,93.93000030517578,94.97000122070312,88.5133285522461,5446900,DIS
2015-01-27,93.94000244140625,94.73999786376953,93.36000061035156,93.97000122070312,87.581298828125,5390000,DIS
2015-01-28,94.13999938964844,94.47000122070312,92.61000061035156,92.66999816894531,86.36968231201172,6198400,DIS
2015-01-29,93.11000061035156,93.5,91.5199966430664,93.22000122070312,86.88228607177734,7681700,DIS
2015-01-30,92.5,92.94000244140625,90.83000183105469,90.95999908447266,84.77593994140625,10212300,DIS
2015-02-02,91.30000305175781,92.05000305175781,90.05999755859375,91.93000030517578,85.67999267578125,9392000,DIS
2015-02-03,92.43000030517578,94.11000061035156,92.19000244140625,94.0999984741211,87.70246124267578,12329100,DIS
2015-02-04,99.38999938964844,101.94000244140625,98.81999969482422,101.27999877929688,94.39430236816406,32640500,DIS
2015-02-05,100.76000213623047,102.83999633789062,100.51000213623047,102.63999938964844,95.6618423461914,14089500,DIS
2015-02-06,102.66999816894531,102.98999786376953,101.6500015258789,102.0199966430664,95.08401489257812,8535200,DIS
2015-02-09,101.80000305175781,102.5,101.44999694824219,101.7300033569336,94.81373596191406,5461800,DIS
2015-02-10,101.95999908447266,102.19000244140625,101.18000030517578,101.91999816894531,94.99081420898438,5726300,DIS
2015-02-11,102.01000213623047,102.0199966430664,101.06999969482422,101.87000274658203,94.94419860839844,5868200,DIS
2015-02-12,102.16000366210938,103.8499984741211,101.69999694824219,103.58000183105469,96.53795623779297,6816800,DIS
2015-02-13,103.7300033569336,104.41000366210938,103.43000030517578,104.16999816894531,97.08783721923828,5175600,DIS
2015-02-17,104.2300033569336,104.44999694824219,103.56999969482422,104.12000274658203,97.0412368774414,4759300,DIS
2015-02-18,103.4000015258789,104.33000183105469,103.4000015258789,103.86000061035156,96.79890441894531,3760200,DIS
2015-02-19,104.0,104.08000183105469,103.55000305175781,103.88999938964844,96.82688903808594,5094100,DIS
2015-02-20,103.86000061035156,104.69000244140625,102.7300033569336,104.55000305175781,97.44200134277344,5197000,DIS
2015-02-23,104.76000213623047,105.2300033569336,104.44000244140625,104.98999786376953,97.85208129882812,5587100,DIS
2015-02-24,104.54000091552734,105.05000305175781,104.3499984741211,104.66999816894531,97.5538330078125,4098800,DIS
2015-02-25,104.68000030517578,105.9800033569336,104.66999816894531,105.56999969482422,98.39266204833984,6547200,DIS
2015-02-26,105.5,105.70999908447266,104.13999938964844,104.55999755859375,97.45132446289062,5049000,DIS
2015-02-27,104.66999816894531,105.13999938964844,103.95999908447266,104.08000183105469,97.00395202636719,4161600,DIS
2015-03-02,104.3499984741211,105.9800033569336,104.3499984741211,105.88999938964844,98.69090270996094,5635500,DIS
2015-03-03,105.77999877929688,106.63999938964844,105.20999908447266,106.3499984741211,99.11962127685547,4671900,DIS
2015-03-04,105.86000061035156,106.0,104.77999877929688,105.56999969482422,98.39266204833984,4972300,DIS
2015-03-05,105.54000091552734,105.80999755859375,104.87000274658203,105.02999877929688,97.88935852050781,3954700,DIS
2015-03-06,104.66999816894531,105.0,103.48999786376953,103.81999969482422,96.76162719726562,5704200,DIS
2015-03-09,103.94000244140625,105.41999816894531,103.81999969482422,105.26000213623047,98.1037368774414,4868900,DIS
2015-03-10,104.2699966430664,104.3499984741211,103.08999633789062,103.08999633789062,96.08126068115234,6472600,DIS
2015-03-11,103.51000213623047,104.0,102.87000274658203,102.88999938964844,95.8948745727539,4831900,DIS
2015-03-12,103.8499984741211,107.33000183105469,103.80999755859375,107.16999816894531,99.88387298583984,10730400,DIS
2015-03-13,107.27999877929688,107.27999877929688,105.5199966430664,106.44000244140625,99.2035140991211,8024200,DIS
2015-03-16,106.83999633789062,107.7300033569336,106.05000305175781,107.37000274658203,100.07027435302734,6407300,DIS
2015-03-17,107.0,107.20999908447266,106.1500015258789,106.95999908447266,99.68814849853516,4489400,DIS
2015-03-18,106.9000015258789,108.41999816894531,105.7300033569336,107.97000122070312,100.62947845458984,5520600,DIS
2015-03-19,107.83999633789062,108.4800033569336,107.13999938964844,107.37000274658203,100.07027435302734,4885600,DIS
2015-03-20,107.83000183105469,108.94000244140625,107.5,108.43000030517578,101.0582046508789,8710100,DIS
2015-03-23,108.5999984741211,108.8499984741211,108.04000091552734,108.22000122070312,100.86249542236328,5667000,DIS
2015-03-24,107.72000122070312,108.05000305175781,107.08000183105469,107.11000061035156,99.82795715332031,4493500,DIS
2015-03-25,107.44999694824219,107.45999908447266,105.0,105.0,97.86141204833984,6964700,DIS
2015-03-26,104.47000122070312,105.81999969482422,104.0999984741211,105.23999786376953,98.08509063720703,5915800,DIS
2015-03-27,105.19999694824219,106.44999694824219,104.87999725341797,105.4800033569336,98.30876922607422,5330400,DIS
2015-03-30,106.05999755859375,106.94999694824219,106.05000305175781,106.12000274658203,98.90526580810547,3831900,DIS
2015-03-31,105.5999984741211,106.31999969482422,104.88999938964844,104.88999938964844,97.7588882446289,5701600,DIS
2015-04-01,105.43000030517578,106.0,104.25,105.44000244140625,98.271484375,6117200,DIS
2015-04-02,105.48999786376953,106.23999786376953,104.86000061035156,106.0,98.79342651367188,3651600,DIS
2015-04-06,105.30999755859375,106.56999969482422,105.04000091552734,105.62999725341797,98.44857025146484,4153500,DIS
2015-04-07,105.80000305175781,106.41000366210938,105.4000015258789,105.43000030517578,98.26216888427734,4694600,DIS
2015-04-08,105.2300033569336,106.69000244140625,105.16000366210938,106.36000061035156,99.12895202636719,4277400,DIS
2015-04-09,106.51000213623047,107.0,105.87999725341797,106.7699966430664,99.51107025146484,3924400,DIS
2015-04-10,106.7300033569336,107.0999984741211,106.41000366210938,106.94999694824219,99.67884826660156,3251500,DIS
2015-04-13,107.06999969482422,107.9000015258789,106.47000122070312,106.51000213623047,99.26875305175781,4201500,DIS
2015-04-14,106.41000366210938,107.30000305175781,106.11000061035156,106.66000366210938,99.40856170654297,5389300,DIS
2015-04-15,106.91999816894531,107.43000030517578,106.86000061035156,106.9800033569336,99.706787109375,4307300,DIS
2015-04-16,107.1500015258789,108.30000305175781,106.9000015258789,108.0999984741211,100.75065612792969,6379100,DIS
2015-04-17,107.80000305175781,107.80000305175781,106.04000091552734,106.69000244140625,99.43651580810547,9663500,DIS
2015-04-20,107.83000183105469,108.5,107.31999969482422,108.22000122070312,100.86249542236328,8094200,DIS
2015-04-21,108.93000030517578,108.98999786376953,107.58000183105469,107.68000030517578,100.35919952392578,4579400,DIS
2015-04-22,108.0199966430664,108.25,106.97000122070312,107.94000244140625,100.6015396118164,4060500,DIS
2015-04-23,107.95999908447266,109.9000015258789,107.61000061035156,109.0,101.58946990966797,5983800,DIS
2015-04-24,109.52999877929688,110.4800033569336,109.19000244140625,109.52999877929688,102.08342742919922,6355600,DIS
2015-04-27,111.5,111.66000366210938,110.06999969482422,110.16000366210938,102.67060852050781,8479100,DIS
2015-04-28,110.75,111.1500015258789,108.88999938964844,109.91999816894531,102.44691467285156,7324500,DIS
2015-04-29,109.66000366210938,110.37999725341797,109.26000213623047,109.80999755859375,102.34439086914062,6024700,DIS
2015-04-30,109.68000030517578,110.19000244140625,107.68000030517578,108.72000122070312,101.3284912109375,7770300,DIS
2015-05-01,109.94999694824219,110.66999816894531,109.2699966430664,110.5199966430664,103.00611114501953,6205100,DIS
2015-05-04,111.4800033569336,111.52999877929688,110.5,111.02999877929688,103.4814453125,7566200,DIS
2015-05-05,113.2699966430664,113.30000305175781,110.55999755859375,110.80999755859375,103.27639770507812,14619300,DIS
2015-05-06,111.55999755859375,111.95999908447266,109.22000122070312,109.72000122070312,102.26051330566406,8975300,DIS
2015-05-07,109.5999984741211,109.77999877929688,108.72000122070312,109.26000213623047,101.83177947998047,8291200,DIS
2015-05-08,110.26000213623047,110.69999694824219,109.56999969482422,110.11000061035156,102.62400817871094,6260600,DIS
2015-05-11,110.13999938964844,110.13999938964844,108.48999786376953,108.5999984741211,101.21665954589844,6728500,DIS
2015-05-12,108.5999984741211,109.66000366210938,107.66999816894531,109.23999786376953,101.81314086914062,6345000,DIS
2015-05-13,109.69999694824219,109.87000274658203,108.77999877929688,109.19000244140625,101.76654052734375,4141400,DIS
2015-05-14,109.69000244140625,110.0,109.01000213623047,109.93000030517578,102.45623016357422,4662000,DIS
2015-05-15,110.0999984741211,110.69000244140625,109.68000030517578,110.30000305175781,102.80109405517578,5852200,DIS
2015-05-18,110.47000122070312,110.73999786376953,110.01000213623047,110.33000183105469,102.82904052734375,4868900,DIS
2015-05-19,110.69000244140625,110.98999786376953,110.47000122070312,110.55999755859375,103.04338836669922,4549600,DIS
2015-05-20,110.77999877929688,110.80999755859375,110.0199966430664,110.19999694824219,102.70787048339844,4393500,DIS
2015-05-21,110.04000091552734,110.63999938964844,109.9000015258789,110.38999938964844,102.88495635986328,4880600,DIS
2015-05-22,110.30000305175781,110.9000015258789,110.12000274658203,110.26000213623047,102.7637939453125,4267700,DIS
2015-05-26,110.16999816894531,110.8499984741211,108.76000213623047,109.44000244140625,101.99954986572266,5970800,DIS
2015-05-27,109.51000213623047,110.61000061035156,109.30000305175781,110.37000274658203,102.86631774902344,3984200,DIS
2015-05-28,110.11000061035156,110.54000091552734,109.5999984741211,110.52999877929688,103.01544952392578,3392000,DIS
2015-05-29,110.33000183105469,110.5199966430664,109.41000366210938,110.37000274658203,102.86631774902344,5264900,DIS
2015-06-01,111.4800033569336,111.7699966430664,110.55000305175781,110.95999908447266,103.41619873046875,6778900,DIS
2015-06-02,110.91999816894531,111.25,110.0199966430664,110.75,103.22048950195312,4425900,DIS
2015-06-03,110.75,111.81999969482422,110.5,111.16999816894531,103.6119384765625,4510300,DIS
2015-06-04,110.94999694824219,111.25,109.98999786376953,110.30000305175781,102.80109405517578,5748200,DIS
2015-06-05,110.30000305175781,110.7699966430664,109.80000305175781,110.30000305175781,102.80109405517578,4323500,DIS
2015-06-08,110.02999877929688,110.23999786376953,109.20999908447266,109.29000091552734,101.85975646972656,6068100,DIS
2015-06-09,109.3499984741211,109.41000366210938,107.6500015258789,108.5199966430664,101.14210510253906,7711800,DIS
2015-06-10,108.9000015258789,110.25,108.7300033569336,110.0,102.52147674560547,5128700,DIS
2015-06-11,110.01000213623047,110.95999908447266,110.01000213623047,110.62000274658203,103.09932708740234,5036300,DIS
2015-06-12,110.33000183105469,110.52999877929688,109.54000091552734,109.94999694824219,102.47488403320312,4009900,DIS
2015-06-15,109.2699966430664,110.41000366210938,108.93000030517578,110.18000030517578,102.68925476074219,5742200,DIS
2015-06-16,110.3499984741211,111.29000091552734,109.9000015258789,111.05999755859375,103.50941467285156,3848300,DIS
2015-06-17,111.19999694824219,111.94000244140625,110.87999725341797,111.48999786376953,103.91018676757812,4732300,DIS
2015-06-18,111.83000183105469,113.55000305175781,111.58000183105469,113.22000122070312,105.5225601196289,6929900,DIS
2015-06-19,112.83000183105469,113.4800033569336,112.4000015258789,112.62000274658203,104.9633560180664,9587700,DIS
2015-06-22,113.4000015258789,114.47000122070312,113.2699966430664,113.52999877929688,105.81149291992188,5906200,DIS
2015-06-23,113.93000030517578,114.5199966430664,113.72000122070312,114.41000366210938,106.63166046142578,6003100,DIS
2015-06-24,114.30000305175781,114.55999755859375,113.70999908447266,113.7699966430664,106.03515625,5636200,DIS
2015-06-25,114.62000274658203,115.27999877929688,114.38999938964844,114.44999694824219,106.66893005371094,6213500,DIS
2015-06-26,114.97000122070312,115.18000030517578,114.41000366210938,114.98999786376953,107.1722183227539,9509600,DIS
2015-06-29,114.16000366210938,115.19000244140625,113.0,113.05000305175781,105.36412048339844,7618200,DIS
2015-06-30,113.93000030517578,114.86000061035156,113.55000305175781,114.13999938964844,106.38001251220703,6946700,DIS
2015-07-01,114.94999694824219,115.25,114.33999633789062,115.12999725341797,107.92676544189453,5435400,DIS
2015-07-02,115.37999725341797,115.66999816894531,114.44999694824219,114.97000122070312,107.77677917480469,5549500,DIS
2015-07-06,114.47000122070312,115.86000061035156,114.2699966430664,115.69999694824219,108.46112060546875,5880500,DIS
2015-07-07,116.41999816894531,117.19000244140625,114.86000061035156,117.0999984741211,109.77352905273438,8359900,DIS
2015-07-08,116.5,116.68000030517578,115.11000061035156,115.19000244140625,107.98302459716797,8445200,DIS
2015-07-09,116.83000183105469,117.20999908447266,115.51000213623047,115.5999984741211,108.36736297607422,7016800,DIS
2015-07-10,117.05000305175781,117.43000030517578,115.66999816894531,116.44000244140625,109.15481567382812,7020700,DIS
2015-07-13,117.75,118.30999755859375,117.25,118.05000305175781,110.66409301757812,7595200,DIS
2015-07-14,118.02999877929688,118.13999938964844,117.69999694824219,117.8499984741211,110.47660064697266,5061700,DIS
2015-07-15,118.04000091552734,118.9000015258789,117.8499984741211,118.30000305175781,110.8984375,4845200,DIS
2015-07-16,119.0,119.1500015258789,118.54000091552734,119.06999969482422,111.6202621459961,6303000,DIS
2015-07-17,118.69000244140625,118.9000015258789,118.02999877929688,118.86000061035156,111.42339324951172,5109900,DIS
2015-07-20,119.29000091552734,119.9000015258789,118.88999938964844,119.58000183105469,112.09837341308594,6951000,DIS
2015-07-21,119.76000213623047,119.80000305175781,118.83000183105469,119.30999755859375,111.84524536132812,4785200,DIS
2015-07-22,119.27999877929688,119.69999694824219,118.93000030517578,119.33000183105469,111.86399841308594,4714100,DIS
2015-07-23,119.30000305175781,119.66999816894531,118.56999969482422,118.80000305175781,111.36717224121094,3347200,DIS
2015-07-24,119.3499984741211,119.80000305175781,118.58000183105469,118.91000366210938,111.47028350830078,4320900,DIS
2015-07-27,118.62999725341797,118.80000305175781,117.77999877929688,118.25,110.8515625,5179300,DIS
2015-07-28,118.68000030517578,118.9000015258789,117.87000274658203,118.45999908447266,111.04844665527344,6447300,DIS
2015-07-29,118.8499984741211,119.86000061035156,118.41000366210938,119.83999633789062,112.34209442138672,6083500,DIS
2015-07-30,119.70999908447266,120.3499984741211,119.01000213623047,120.02999877929688,112.52020263671875,4430100,DIS
2015-07-31,120.12000274658203,120.72000122070312,119.5999984741211,120.0,112.49207305908203,5767300,DIS
2015-08-03,120.87999725341797,121.7300033569336,120.16999816894531,121.12000274658203,113.54199981689453,8426900,DIS
2015-08-04,121.5,122.08000183105469,120.61000061035156,121.69000244140625,114.07635498046875,12624400,DIS
2015-08-05,110.83000183105469,113.94999694824219,109.5,110.52999877929688,103.61457824707031,61011200,DIS
2015-08-06,110.4000015258789,110.4000015258789,104.23999786376953,108.55000305175781,101.75846099853516,57175200,DIS
2015-08-07,108.75,109.55999755859375,107.66000366210938,109.3499984741211,102.50840759277344,15791600,DIS
2015-08-10,110.0,111.0,109.73999786376953,111.0,104.05517578125,11617000,DIS
2015-08-11,110.33999633789062,110.48999786376953,107.94999694824219,108.0,101.24288177490234,13574000,DIS
2015-08-12,107.0,107.44000244140625,105.51000213623047,106.98999786376953,100.29605865478516,16923500,DIS
2015-08-13,107.20999908447266,108.51000213623047,106.75,107.5199966430664,100.79290008544922,9754500,DIS
2015-08-14,107.61000061035156,107.66999816894531,106.5199966430664,107.16000366210938,100.45543670654297,7104500,DIS
2015-08-17,107.30000305175781,109.27999877929688,106.83999633789062,109.05000305175781,102.22718048095703,7954000,DIS
2015-08-18,108.04000091552734,108.25,106.80000305175781,106.94000244140625,100.24919128417969,12021500,DIS
2015-08-19,106.58000183105469,107.75,105.7699966430664,106.44999694824219,99.78985595703125,9484400,DIS
2015-08-20,104.33999633789062,105.0,99.76000213623047,100.0199966430664,93.76214599609375,34651300,DIS
2015-08-21,97.5,100.62999725341797,96.61000061035156,98.83999633789062,92.6559829711914,30875700,DIS
2015-08-24,93.37999725341797,100.0,90.0,95.36000061035156,89.39370727539062,30159200,DIS
2015-08-25,99.7300033569336,100.08999633789062,95.72000122070312,95.88999938964844,89.89054107666016,19079400,DIS
2015-08-26,98.69000244140625,99.48999786376953,96.26000213623047,99.2300033569336,93.02157592773438,13755900,DIS
2015-08-27,101.3499984741211,102.62000274658203,99.77999877929688,102.16999816894531,95.77762603759766,17532200,DIS
2015-08-28,102.19000244140625,103.33999633789062,101.80999755859375,102.4800033569336,96.0682373046875,11005200,DIS
2015-08-31,102.30000305175781,102.45999908447266,100.91000366210938,101.87999725341797,95.50577545166016,8518200,DIS
2015-09-01,99.30999755859375,101.33999633789062,99.16000366210938,99.51000213623047,93.28406524658203,14212600,DIS
2015-09-02,100.91999816894531,101.94000244140625,99.55000305175781,101.88999938964844,95.51514434814453,12148200,DIS
2015-09-03,102.19999694824219,103.02999877929688,101.45999908447266,101.98999786376953,95.60889434814453,8953300,DIS
2015-09-04,100.95999908447266,101.81999969482422,100.36000061035156,100.97000122070312,94.65270233154297,9213800,DIS
2015-09-08,102.94999694824219,104.1500015258789,102.5199966430664,104.01000213623047,97.50251007080078,8571500,DIS
2015-09-09,104.75,104.94999694824219,101.68000030517578,101.91000366210938,95.53390502929688,9577500,DIS
2015-09-10,101.8499984741211,103.22000122070312,101.33000183105469,102.5999984741211,96.18072509765625,9026100,DIS
2015-09-11,102.3499984741211,104.5,102.19999694824219,104.4800033569336,97.94309997558594,9529800,DIS
2015-09-14,104.6500015258789,104.9000015258789,102.98999786376953,103.81999969482422,97.32439422607422,6959800,DIS
2015-09-15,103.25,103.80000305175781,101.83000183105469,103.43000030517578,96.95880889892578,9171400,DIS
2015-09-16,103.31999969482422,104.06999969482422,102.75,103.95999908447266,97.45563507080078,6509700,DIS
2015-09-17,104.19999694824219,105.94999694824219,103.75,104.19999694824219,97.68061828613281,7792600,DIS
2015-09-18,103.19999694824219,104.20999908447266,102.38999938964844,102.83999633789062,96.40570831298828,13559400,DIS
2015-09-21,103.68000030517578,103.83000183105469,102.45999908447266,103.41000366210938,96.9400634765625,7152300,DIS
2015-09-22,102.18000030517578,102.75,101.4800033569336,102.48999786376953,96.07762145996094,8330100,DIS
2015-09-23,102.44000244140625,102.62999725341797,101.37999725341797,101.56999969482422,95.21516418457031,5818000,DIS
2015-09-24,101.0,101.33000183105469,99.23999786376953,100.62000274658203,94.3246078491211,10706800,DIS
2015-09-25,101.51000213623047,101.80000305175781,99.58000183105469,100.30000305175781,94.02464294433594,7179800,DIS
2015-09-28,99.9000015258789,100.38999938964844,98.30000305175781,98.48999786376953,92.32786560058594,8238300,DIS
2015-09-29,98.51000213623047,100.05999755859375,97.7699966430664,99.41999816894531,93.19969177246094,9466900,DIS
2015-09-30,100.77999877929688,102.43000030517578,100.5,102.19999694824219,95.80575561523438,9190000,DIS
2015-10-01,102.97000122070312,103.47000122070312,101.08000183105469,102.66999816894531,96.24634552001953,7503700,DIS
2015-10-02,101.20999908447266,103.01000213623047,99.87999725341797,103.0,96.55570983886719,9105600,DIS
2015-10-05,103.69999694824219,104.19999694824219,102.61000061035156,103.8499984741211,97.35252380371094,7144600,DIS
2015-10-06,104.19000244140625,104.51000213623047,103.20999908447266,103.7699966430664,97.27752685546875,5660600,DIS
2015-10-07,104.48999786376953,104.58999633789062,102.66000366210938,103.38999938964844,96.92129516601562,6947200,DIS
2015-10-08,103.19999694824219,104.88999938964844,102.69999694824219,104.61000061035156,98.0649642944336,7499100,DIS
2015-10-09,105.08999633789062,106.05000305175781,104.66999816894531,105.55999755859375,98.95552825927734,7341800,DIS
2015-10-12,105.91000366210938,106.69999694824219,105.62000274658203,106.3499984741211,99.69611358642578,5179000,DIS
2015-10-13,105.73999786376953,107.38999938964844,105.30999755859375,106.58999633789062,99.92108917236328,8342700,DIS
2015-10-14,106.5,106.8499984741211,105.2300033569336,105.7300033569336,99.11489868164062,5563600,DIS
2015-10-15,106.5,108.0,106.26000213623047,107.88999938964844,101.13975524902344,6739200,DIS
2015-10-16,108.2699966430664,108.5,107.45999908447266,108.23999786376953,101.46784973144531,5908900,DIS
2015-10-19,108.25,109.97000122070312,107.94000244140625,109.47000122070312,102.62090301513672,8001900,DIS
2015-10-20,109.55000305175781,110.52999877929688,109.41000366210938,109.83999633789062,102.9677505493164,9674400,DIS
2015-10-21,110.66999816894531,111.55999755859375,110.01000213623047,110.08999633789062,103.20211029052734,8769800,DIS
2015-10-22,110.66999816894531,113.3499984741211,110.38999938964844,113.25,106.16439056396484,10028900,DIS
2015-10-23,114.20999908447266,114.20999908447266,111.8499984741211,113.08999633789062,106.01441955566406,7928400,DIS
2015-10-26,113.06999969482422,113.58000183105469,112.12000274658203,113.5199966430664,106.41751098632812,5729600,DIS
2015-10-27,113.29000091552734,114.2699966430664,113.25,113.7699966430664,106.65184783935547,5857600,DIS
2015-10-28,113.97000122070312,114.45999908447266,112.86000061035156,114.33999633789062,107.18620300292969,6452900,DIS
2015-10-29,114.33999633789062,115.4000015258789,114.19999694824219,115.04000091552734,107.8424072265625,6125100,DIS
2015-10-30,115.0,115.23999786376953,113.66999816894531,113.73999786376953,106.62374877929688,8501600,DIS
2015-11-02,114.48999786376953,115.30999755859375,114.01000213623047,115.04000091552734,107.8424072265625,6949500,DIS
2015-11-03,114.97000122070312,116.4000015258789,114.54000091552734,115.54000091552734,108.31112670898438,7132100,DIS
2015-11-04,116.63999938964844,116.83000183105469,110.80999755859375,113.25,106.16439056396484,20740800,DIS
2015-11-05,113.26000213623047,113.93000030517578,111.5999984741211,113.0,105.93004608154297,14843700,DIS
2015-11-06,114.5999984741211,116.75,114.56999969482422,115.66999816894531,108.4329833984375,16803400,DIS
2015-11-09,115.9000015258789,116.7300033569336,115.18000030517578,116.41999816894531,109.13606262207031,9317500,DIS
2015-11-10,116.16999816894531,117.51000213623047,115.51000213623047,117.41999816894531,110.07350158691406,8240500,DIS
2015-11-11,117.55000305175781,117.58000183105469,116.43000030517578,116.5199966430664,109.22981262207031,6381700,DIS
2015-11-12,115.5999984741211,116.98999786376953,115.0,116.20999908447266,108.93920135498047,7223000,DIS
2015-11-13,115.91999816894531,116.41999816894531,114.37999725341797,114.83999633789062,107.65491485595703,8078100,DIS
2015-11-16,113.47000122070312,116.08000183105469,113.33999633789062,115.91999816894531,108.66734313964844,5770200,DIS
2015-11-17,116.11000061035156,117.55000305175781,115.51000213623047,116.12999725341797,108.86421203613281,6434400,DIS
2015-11-18,116.22000122070312,118.27999877929688,116.05000305175781,118.13999938964844,110.74845123291016,6744600,DIS
2015-11-19,118.13999938964844,119.16000366210938,117.63999938964844,118.70999908447266,111.28279113769531,6101000,DIS
2015-11-20,119.11000061035156,120.25,118.9000015258789,120.06999969482422,112.55770111083984,10821700,DIS
2015-11-23,120.30000305175781,120.6500015258789,119.0,119.41999816894531,111.9483642578125,6986400,DIS
2015-11-24,117.9000015258789,118.56999969482422,117.27999877929688,117.94999694824219,110.5703353881836,9158200,DIS
2015-11-25,118.29000091552734,119.33999633789062,118.1500015258789,118.66999816894531,111.24530029296875,4751500,DIS
2015-11-27,116.0,116.5,113.69999694824219,115.12999725341797,107.92676544189453,14912000,DIS
2015-11-30,115.55999755859375,115.58000183105469,113.30999755859375,113.47000122070312,106.37065124511719,16560300,DIS
2015-12-01,114.1500015258789,115.45999908447266,113.66000366210938,115.38999938964844,108.17050170898438,8896100,DIS
2015-12-02,115.38999938964844,115.47000122070312,113.83000183105469,114.0,106.86747741699219,7787800,DIS
2015-12-03,114.16999816894531,114.6500015258789,111.44000244140625,111.88999938964844,104.88948822021484,10446600,DIS
2015-12-04,112.73999786376953,114.30999755859375,112.52999877929688,114.23999786376953,107.09245300292969,8771300,DIS
2015-12-07,114.55999755859375,114.55999755859375,112.6500015258789,113.83000183105469,106.70809936523438,6738500,DIS
2015-12-08,113.3499984741211,113.44999694824219,112.4000015258789,112.4800033569336,105.44256591796875,7480600,DIS
2015-12-09,112.38999938964844,113.05999755859375,110.58000183105469,111.47000122070312,104.49577331542969,9050700,DIS
2015-12-10,111.1500015258789,111.58000183105469,110.16999816894531,110.76000213623047,104.49577331542969,7030200,DIS
2015-12-11,110.76000213623047,110.76000213623047,107.62000274658203,108.04000091552734,101.92961120605469,12334900,DIS
2015-12-14,108.68000030517578,109.87000274658203,108.27999877929688,109.3499984741211,103.16551208496094,9702600,DIS
2015-12-15,112.05000305175781,113.3499984741211,111.58000183105469,112.16000366210938,105.81658935546875,13361700,DIS
2015-12-16,114.69000244140625,114.75,111.80000305175781,113.79000091552734,107.35440063476562,12304500,DIS
2015-12-17,114.12999725341797,114.4800033569336,111.9800033569336,112.01000213623047,105.6750717163086,9375000,DIS
2015-12-18,112.01000213623047,112.44000244140625,107.3499984741211,107.72000122070312,101.6277084350586,28376900,DIS
2015-12-21,108.80000305175781,110.0999984741211,105.33000183105469,106.58999633789062,100.56159973144531,22847200,DIS
2015-12-22,106.98999786376953,107.19999694824219,105.83000183105469,106.73999786376953,100.703125,8644500,DIS
2015-12-23,107.20999908447266,107.23999786376953,104.30000305175781,105.55999755859375,99.58985900878906,12372900,DIS
2015-12-24,105.19999694824219,106.63999938964844,105.05999755859375,105.86000061035156,99.8729019165039,4356100,DIS
2015-12-28,106.5,108.19999694824219,106.33000183105469,107.25,101.18427276611328,9092700,DIS
2015-12-29,107.87999725341797,108.04000091552734,106.44999694824219,107.08000183105469,101.02389526367188,8607200,DIS
2015-12-30,106.88999938964844,107.20999908447266,106.25,106.33999633789062,100.32574462890625,4917000,DIS
2015-12-31,106.13999938964844,106.30999755859375,105.05999755859375,105.08000183105469,99.13700866699219,6670100,DIS
2016-01-04,103.12000274658203,103.43000030517578,101.7300033569336,102.9800033569336,97.1557846069336,12531500,DIS
2016-01-05,102.66999816894531,102.66999816894531,99.88999938964844,100.9000015258789,95.19342803955078,16212900,DIS
2016-01-06,99.37999725341797,101.45999908447266,99.36000061035156,100.36000061035156,94.68395233154297,13934500,DIS
2016-01-07,98.95999908447266,101.3499984741211,98.5199966430664,99.5,93.87260437011719,14680200,DIS
2016-01-08,100.62999725341797,100.91999816894531,99.0,99.25,93.6367416381836,10691600,DIS
2016-01-11,100.20999908447266,100.44999694824219,98.55000305175781,99.91999816894531,94.26883697509766,9583200,DIS
2016-01-12,100.97000122070312,101.8499984741211,100.33999633789062,101.45999908447266,95.72174835205078,8863900,DIS
2016-01-13,101.87999725341797,101.87999725341797,98.12000274658203,98.4800033569336,92.91028594970703,11615400,DIS
2016-01-14,98.6500015258789,99.91000366210938,97.19000244140625,99.11000061035156,93.50465393066406,11147500,DIS
2016-01-15,95.62000274658203,96.87999725341797,93.45999908447266,93.9000015258789,88.58932495117188,22337000,DIS
2016-01-19,95.0,95.06999969482422,93.02999877929688,93.97000122070312,88.65536499023438,13286800,DIS
2016-01-20,92.18000030517578,93.63999938964844,90.41999816894531,92.54000091552734,87.30622863769531,16918100,DIS
2016-01-21,92.87000274658203,94.86000061035156,92.30000305175781,94.0199966430664,88.7025146484375,12078200,DIS
2016-01-22,95.94999694824219,97.41999816894531,95.55000305175781,96.9000015258789,91.41963958740234,12303800,DIS
2016-01-25,96.41999816894531,96.68000030517578,95.12000274658203,95.29000091552734,89.90070343017578,7812200,DIS
2016-01-26,95.48999786376953,96.43000030517578,95.08999633789062,96.2699966430664,90.82527160644531,6915600,DIS
2016-01-27,96.30999755859375,96.62999725341797,93.87000274658203,94.31999969482422,88.98556518554688,6328900,DIS
2016-01-28,95.19999694824219,95.19999694824219,92.37000274658203,93.52999877929688,88.24024200439453,7312700,DIS
2016-01-29,94.20999908447266,95.81999969482422,93.62999725341797,95.81999969482422,90.4007339477539,8211600,DIS
2016-02-01,95.08000183105469,95.70999908447266,94.69999694824219,95.1500015258789,89.76861572265625,7027200,DIS
2016-02-02,94.0,94.16999816894531,92.87000274658203,93.12000274658203,87.85343170166016,7244400,DIS
2016-02-03,94.0999984741211,95.41000366210938,92.41999816894531,95.13999938964844,89.75918579101562,10878000,DIS
2016-02-04,94.87000274658203,96.7300033569336,94.5999984741211,95.43000030517578,90.03278350830078,8350300,DIS
2016-02-05,95.31999969482422,95.38999938964844,93.47000122070312,93.9000015258789,88.58932495117188,8898500,DIS
2016-02-08,92.55999755859375,92.95999908447266,89.51000213623047,92.12000274658203,86.90999603271484,13750100,DIS
2016-02-09,90.1500015258789,93.19999694824219,89.04000091552734,92.31999969482422,87.09867858886719,19237400,DIS
2016-02-10,88.0,90.02999877929688,86.25,88.8499984741211,83.8249282836914,32649800,DIS
2016-02-11,87.0,91.05999755859375,86.95999908447266,90.30999755859375,85.20234680175781,17523800,DIS
2016-02-12,91.5199966430664,91.58999633789062,89.61000061035156,91.1500015258789,85.99484252929688,10786100,DIS
2016-02-16,92.47000122070312,93.30999755859375,91.79000091552734,92.91000366210938,87.65531158447266,9050900,DIS
2016-02-17,93.66999816894531,96.44000244140625,93.55999755859375,95.5,90.09882354736328,12610000,DIS
2016-02-18,96.33999633789062,96.44999694824219,94.44999694824219,95.16999816894531,89.7874755859375,8773900,DIS
2016-02-19,95.2300033569336,95.72000122070312,94.55999755859375,95.01000213623047,89.63653564453125,6838200,DIS
2016-02-22,95.01000213623047,97.0,95.01000213623047,96.37000274658203,90.91961669921875,6980400,DIS
2016-02-23,96.5,96.81999969482422,95.1500015258789,95.37999725341797,89.98560333251953,6253800,DIS
2016-02-24,94.6500015258789,95.75,93.2300033569336,95.43000030517578,90.03278350830078,6945600,DIS
2016-02-25,95.91999816894531,95.94999694824219,94.3499984741211,95.6500015258789,90.24034118652344,4562300,DIS
2016-02-26,95.70999908447266,96.22000122070312,95.27999877929688,95.30999755859375,89.91957092285156,5277000,DIS
2016-02-29,95.30999755859375,96.29000091552734,95.2300033569336,95.5199966430664,90.11769104003906,7794400,DIS
2016-03-01,95.9000015258789,97.66000366210938,95.52999877929688,97.6500015258789,92.12722778320312,7139900,DIS
2016-03-02,97.66999816894531,97.83000183105469,96.41000366210938,97.0,91.51399993896484,6498600,DIS
2016-03-03,97.79000091552734,98.83999633789062,96.88999938964844,98.81999969482422,93.2310562133789,8581300,DIS
2016-03-04,99.0,99.20999908447266,97.9000015258789,98.4800033569336,92.91028594970703,6739800,DIS
2016-03-07,98.56999969482422,99.70999908447266,98.4800033569336,99.38999938964844,93.7688217163086,7218700,DIS
2016-03-08,98.93000030517578,98.9800033569336,97.5999984741211,97.81999969482422,92.28761291503906,6229300,DIS
2016-03-09,98.0,98.23999786376953,96.80999755859375,97.66000366210938,92.13666534423828,7010700,DIS
2016-03-10,97.94000244140625,98.41999816894531,95.87000274658203,97.04000091552734,91.55171966552734,5453500,DIS
2016-03-11,97.56999969482422,98.3499984741211,97.54000091552734,97.94000244140625,92.40084075927734,5605800,DIS
2016-03-14,97.94000244140625,99.22000122070312,97.83999633789062,98.80999755859375,93.22161865234375,6175000,DIS
2016-03-15,98.0199966430664,98.33000183105469,97.38999938964844,98.23999786376953,92.68385314941406,5942400,DIS
2016-03-16,98.16000366210938,99.08000183105469,97.47000122070312,98.44000244140625,92.87255096435547,6079400,DIS
2016-03-17,98.27999877929688,99.91000366210938,98.27999877929688,99.5999984741211,93.96693420410156,6385600,DIS
2016-03-18,99.9800033569336,100.1500015258789,98.95999908447266,99.19999694824219,93.58955383300781,10205100,DIS
2016-03-21,98.91999816894531,99.12000274658203,97.69999694824219,98.45999908447266,92.89141082763672,7070300,DIS
2016-03-22,97.58999633789062,98.31999969482422,97.44000244140625,97.58000183105469,92.06118774414062,6475700,DIS
2016-03-23,97.72000122070312,97.8499984741211,96.75,96.83000183105469,91.3536148071289,5517700,DIS
2016-03-24,96.55000305175781,97.48999786376953,96.30000305175781,97.22000122070312,91.72154998779297,5577700,DIS
2016-03-28,97.5,98.45999908447266,97.44999694824219,98.08999633789062,92.54232788085938,5317100,DIS
2016-03-29,98.0,98.37000274658203,97.36000061035156,98.16000366210938,92.60838317871094,5170800,DIS
2016-03-30,98.9000015258789,99.08999633789062,98.3499984741211,98.91000366210938,93.31597137451172,5677500,DIS
2016-03-31,99.01000213623047,100.37000274658203,99.01000213623047,99.30999755859375,93.69335174560547,7038800,DIS
2016-04-01,98.80000305175781,99.33999633789062,98.58000183105469,99.06999969482422,93.4669189453125,5895500,DIS
2016-04-04,99.30000305175781,99.44000244140625,98.58000183105469,98.68000030517578,93.09896850585938,5334700,DIS
2016-04-05,96.8499984741211,97.61000061035156,96.1500015258789,97.0,91.51399993896484,10818800,DIS
2016-04-06,96.95999908447266,97.62999725341797,96.83000183105469,97.4800033569336,91.96684265136719,6952400,DIS
2016-04-07,97.11000061035156,97.41999816894531,95.91999816894531,96.16000366210938,90.72150421142578,7525400,DIS
2016-04-08,96.62999725341797,96.83999633789062,95.80000305175781,96.41999816894531,90.966796875,6982700,DIS
2016-04-11,96.93000030517578,97.63999938964844,96.19999694824219,96.2699966430664,90.82527160644531,5916600,DIS
2016-04-12,96.27999877929688,97.52999877929688,96.06999969482422,97.3499984741211,91.84420776367188,6277200,DIS
2016-04-13,98.02999877929688,99.80999755859375,97.95999908447266,99.4800033569336,93.8537368774414,7967400,DIS
2016-04-14,99.79000091552734,99.87000274658203,98.26000213623047,98.62999725341797,93.05178833007812,6676200,DIS
2016-04-15,98.5,98.88999938964844,98.18000030517578,98.58999633789062,93.0140609741211,6146800,DIS
2016-04-18,99.5999984741211,101.94999694824219,99.5,101.4800033569336,95.74061584472656,10665200,DIS
2016-04-19,102.0,103.63999938964844,101.93000030517578,102.63999938964844,96.83499908447266,10639800,DIS
2016-04-20,103.0199966430664,103.4800033569336,101.95999908447266,103.2699966430664,97.42937469482422,7712000,DIS
2016-04-21,103.36000061035156,104.12000274658203,102.6500015258789,102.91000366210938,97.08973693847656,6824800,DIS
2016-04-22,103.05999755859375,103.98999786376953,102.93000030517578,103.7699966430664,97.9011001586914,5731300,DIS
2016-04-25,103.5,104.62000274658203,103.3499984741211,104.56999969482422,98.65585327148438,6117100,DIS
2016-04-26,104.58000183105469,105.56999969482422,104.18000030517578,104.88999938964844,98.957763671875,6452900,DIS
2016-04-27,105.19000244140625,105.5999984741211,104.76000213623047,105.27999877929688,99.32569122314453,5996100,DIS
2016-04-28,104.54000091552734,105.48999786376953,103.80000305175781,104.02999877929688,98.14639282226562,5658300,DIS
2016-04-29,103.94999694824219,104.20999908447266,102.4000015258789,103.26000213623047,97.4199447631836,7006900,DIS
2016-05-02,103.30000305175781,104.56999969482422,102.80000305175781,104.36000061035156,98.4577407836914,5285700,DIS
2016-05-03,103.87999725341797,103.98999786376953,103.19000244140625,103.77999877929688,97.91053009033203,6243300,DIS
2016-05-04,103.30999755859375,104.4800033569336,103.19999694824219,103.66999816894531,97.80674743652344,6445100,DIS
2016-05-05,103.9800033569336,105.12999725341797,103.44999694824219,104.93000030517578,98.99549865722656,6466000,DIS
2016-05-06,104.51000213623047,105.73999786376953,104.38999938964844,105.54000091552734,99.57099151611328,7407500,DIS
2016-05-09,106.01000213623047,106.68000030517578,104.97000122070312,105.33999633789062,99.3823013305664,8130300,DIS
2016-05-10,105.52999877929688,106.75,105.44999694824219,106.5999984741211,100.571044921875,15177200,DIS
2016-05-11,101.45999908447266,102.5,100.62000274658203,102.29000091552734,96.50480651855469,27068100,DIS
2016-05-12,102.5,102.8499984741211,101.12999725341797,101.70999908447266,95.95759582519531,11251700,DIS
2016-05-13,101.70999908447266,102.04000091552734,100.36000061035156,100.5199966430664,94.83489990234375,9570200,DIS
2016-05-16,100.41000366210938,100.66999816894531,99.37000274658203,100.36000061035156,94.68395233154297,9113000,DIS
2016-05-17,100.79000091552734,101.29000091552734,99.55000305175781,99.94000244140625,94.2877197265625,8694400,DIS
2016-05-18,99.58999633789062,99.7699966430664,98.36000061035156,99.0,93.40087127685547,9323100,DIS
2016-05-19,98.58000183105469,98.61000061035156,97.51000213623047,98.41000366210938,92.84425354003906,7063500,DIS
2016-05-20,99.0,99.93000030517578,98.7699966430664,99.77999877929688,94.13675689697266,7297000,DIS
2016-05-23,99.5999984741211,100.33000183105469,99.12000274658203,99.18000030517578,93.57068634033203,5588600,DIS
2016-05-24,99.44999694824219,100.04000091552734,99.37999725341797,99.51000213623047,93.88204193115234,5250800,DIS
2016-05-25,99.91999816894531,100.80000305175781,99.80999755859375,99.86000061035156,94.21224212646484,5667300,DIS
2016-05-26,99.88999938964844,100.48999786376953,99.56999969482422,99.80999755859375,94.16505432128906,3852600,DIS
2016-05-27,99.80999755859375,100.52999877929688,99.80999755859375,100.29000091552734,94.61791229248047,4589100,DIS
2016-05-31,99.8499984741211,99.88999938964844,98.56999969482422,99.22000122070312,93.60843658447266,10396200,DIS
2016-06-01,98.66999816894531,98.98999786376953,97.7300033569336,98.5199966430664,92.9480209350586,7243900,DIS
2016-06-02,98.06999969482422,98.72000122070312,97.87000274658203,98.72000122070312,93.13671112060547,4830100,DIS
2016-06-03,98.66000366210938,98.91999816894531,97.7300033569336,98.75,93.1650161743164,6857500,DIS
2016-06-06,98.95999908447266,99.12000274658203,98.47000122070312,98.77999877929688,93.19332122802734,4986600,DIS
2016-06-07,99.0,99.04000091552734,98.31999969482422,98.3499984741211,92.78764343261719,5608400,DIS
2016-06-08,98.48999786376953,98.81999969482422,97.69999694824219,98.04000091552734,92.49516296386719,5466200,DIS
2016-06-09,97.81999969482422,97.93000030517578,97.0999984741211,97.83999633789062,92.30647277832031,5379400,DIS
2016-06-10,97.1500015258789,97.70999908447266,96.77999877929688,97.33999633789062,91.83477020263672,7204400,DIS
2016-06-13,96.75,98.9800033569336,96.69999694824219,97.56999969482422,92.05174255371094,8766300,DIS
2016-06-14,97.19999694824219,98.55000305175781,97.18000030517578,98.4000015258789,92.8348159790039,6125700,DIS
2016-06-15,98.19000244140625,99.0,98.19000244140625,98.2699966430664,92.712158203125,6663200,DIS
2016-06-16,97.80000305175781,98.62999725341797,96.86000061035156,98.37999725341797,92.8159408569336,7129700,DIS
2016-06-17,98.41000366210938,99.13999938964844,98.2699966430664,99.0,93.40087127685547,8959400,DIS
2016-06-20,100.08000183105469,100.95999908447266,99.5,99.56999969482422,93.93862915039062,8268600,DIS
2016-06-21,99.7300033569336,99.79000091552734,98.7699966430664,98.81999969482422,93.2310562133789,5202500,DIS
2016-06-22,99.08000183105469,99.62000274658203,98.69999694824219,98.79000091552734,93.2027587890625,4948900,DIS
2016-06-23,99.44000244140625,99.62000274658203,98.61000061035156,99.0199966430664,93.41973876953125,5826100,DIS
2016-06-24,96.01000213623047,97.27999877929688,95.13999938964844,95.72000122070312,90.30638122558594,15079900,DIS
2016-06-27,94.91000366210938,95.2300033569336,94.0,94.37999725341797,89.04216766357422,9438400,DIS
2016-06-28,95.45999908447266,96.27999877929688,95.13999938964844,96.05000305175781,90.61771392822266,7143100,DIS
2016-06-29,96.91000366210938,97.29000091552734,96.27999877929688,96.9800033569336,91.49513244628906,6563600,DIS
2016-06-30,97.0999984741211,98.06999969482422,96.87999725341797,97.81999969482422,92.28761291503906,7189500,DIS
2016-07-01,97.75,98.63999938964844,97.70999908447266,98.02999877929688,92.48572540283203,5681600,DIS
2016-07-05,97.7699966430664,98.0,97.16999816894531,97.66000366210938,92.13666534423828,5846400,DIS
2016-07-06,97.0,98.5199966430664,96.76000213623047,98.44999694824219,92.88197326660156,6223300,DIS
2016-07-07,97.62999725341797,98.4800033569336,97.58000183105469,98.41000366210938,93.51869201660156,5146000,DIS
2016-07-08,99.25,99.8499984741211,98.7699966430664,99.62000274658203,94.66854095458984,6045800,DIS
2016-07-11,99.80000305175781,100.3499984741211,99.4000015258789,99.9800033569336,95.01065063476562,5428000,DIS
2016-07-12,100.18000030517578,100.79000091552734,100.0,100.19999694824219,95.21971130371094,8508500,DIS
2016-07-13,100.45999908447266,100.80000305175781,99.8499984741211,99.87999725341797,94.91561126708984,5494700,DIS
2016-07-14,100.41999816894531,100.80000305175781,99.68000030517578,99.97000122070312,95.00114440917969,7461500,DIS
2016-07-15,100.41999816894531,100.54000091552734,99.54000091552734,99.80000305175781,94.83959197998047,5764400,DIS
2016-07-18,99.9000015258789,100.70999908447266,99.87000274658203,100.1500015258789,95.17220306396484,5051300,DIS
2016-07-19,99.80999755859375,99.98999786376953,99.36000061035156,99.47000122070312,94.5260009765625,5742700,DIS
2016-07-20,98.6500015258789,98.69000244140625,97.13999938964844,98.22000122070312,93.33811950683594,10664900,DIS
2016-07-21,98.16999816894531,99.12999725341797,97.62000274658203,98.01000213623047,93.13856506347656,6726600,DIS
2016-07-22,98.38999938964844,98.41999816894531,97.47000122070312,97.70999908447266,92.85347747802734,5381700,DIS
2016-07-25,97.9000015258789,98.05999755859375,97.25,97.38999938964844,92.54937744140625,4825500,DIS
2016-07-26,97.0199966430664,97.16000366210938,96.33999633789062,96.69000244140625,91.88416290283203,6274800,DIS
2016-07-27,96.69999694824219,96.93000030517578,95.86000061035156,96.33000183105469,91.54207611083984,6911400,DIS
2016-07-28,96.4000015258789,96.48999786376953,95.81999969482422,95.91000366210938,91.1429443359375,7713500,DIS
2016-07-29,95.8499984741211,96.37999725341797,95.8499984741211,95.94999694824219,91.18094635009766,8264000,DIS
2016-08-01,96.1500015258789,96.19999694824219,95.08000183105469,95.54000091552734,90.79134368896484,7131600,DIS
2016-08-02,95.3499984741211,95.75,94.55999755859375,95.01000213623047,90.28767395019531,7644100,DIS
2016-08-03,95.05999755859375,96.43000030517578,95.0,96.08999633789062,91.3139877319336,9068700,DIS
2016-08-04,95.52999877929688,95.9800033569336,94.70999908447266,95.16000366210938,90.43022155761719,10038300,DIS
2016-08-05,95.4000015258789,96.0,95.3499984741211,95.83000183105469,91.0669174194336,6528500,DIS
2016-08-08,96.11000061035156,96.29000091552734,95.58000183105469,95.75,90.99089050292969,7792000,DIS
2016-08-09,95.61000061035156,96.8499984741211,95.30000305175781,96.66999816894531,91.86515808105469,15548700,DIS
2016-08-10,96.69999694824219,99.2699966430664,95.8499984741211,97.86000061035156,92.99600982666016,27181300,DIS
2016-08-11,98.19999694824219,98.38999938964844,97.1500015258789,97.7699966430664,92.91048431396484,9233900,DIS
2016-08-12,97.81999969482422,97.81999969482422,96.66000366210938,96.83999633789062,92.0267105102539,9360300,DIS
2016-08-15,97.3499984741211,97.61000061035156,96.91999816894531,97.0999984741211,92.27379608154297,5299600,DIS
2016-08-16,96.86000061035156,97.25,96.2699966430664,96.87999725341797,92.06472778320312,5777800,DIS
2016-08-17,96.83999633789062,96.97000122070312,96.5199966430664,96.87000274658203,92.05523681640625,5697300,DIS
2016-08-18,96.87000274658203,97.12000274658203,96.55000305175781,96.6500015258789,91.8461685180664,5250700,DIS
2016-08-19,96.4000015258789,96.79000091552734,96.05000305175781,96.38999938964844,91.59908294677734,6362400,DIS
2016-08-22,96.47000122070312,96.47000122070312,95.6500015258789,95.87000274658203,91.10492706298828,5495300,DIS
2016-08-23,96.12999725341797,96.43000030517578,95.80000305175781,95.97000122070312,91.19995880126953,4996300,DIS
2016-08-24,96.01000213623047,96.22000122070312,95.51000213623047,95.81999969482422,91.05741119384766,5912500,DIS
2016-08-25,95.62000274658203,95.81999969482422,95.41000366210938,95.55000305175781,90.80084228515625,4518700,DIS
2016-08-26,95.66000366210938,96.12999725341797,94.75,95.20999908447266,90.47773742675781,6019600,DIS
2016-08-29,95.06999969482422,95.31999969482422,94.45999908447266,94.87000274658203,90.15462493896484,7903000,DIS
2016-08-30,94.7699966430664,95.29000091552734,94.7699966430664,94.86000061035156,90.1451187133789,6845000,DIS
2016-08-31,94.69000244140625,94.9000015258789,94.16000366210938,94.45999908447266,89.7650146484375,7375200,DIS
2016-09-01,94.7300033569336,94.87000274658203,93.91000366210938,94.26000213623047,89.57494354248047,6274200,DIS
2016-09-02,94.75,94.95999908447266,94.12999725341797,94.41999816894531,89.72698974609375,5382000,DIS
2016-09-06,94.52999877929688,94.52999877929688,93.3499984741211,93.80000305175781,89.1378173828125,8463500,DIS
2016-09-07,93.9800033569336,94.02999877929688,93.33000183105469,93.70999908447266,89.05229187011719,6281500,DIS
2016-09-08,93.48999786376953,94.20999908447266,92.93000030517578,94.08999633789062,89.41339111328125,7438100,DIS
2016-09-09,93.51000213623047,93.73999786376953,92.38999938964844,92.41999816894531,87.82640838623047,10248400,DIS
2016-09-12,91.95999908447266,93.86000061035156,91.94999694824219,93.63999938964844,88.98577880859375,9367300,DIS
2016-09-13,93.04000091552734,93.30000305175781,92.44999694824219,92.69999694824219,88.09247589111328,7795200,DIS
2016-09-14,92.58999633789062,92.88999938964844,92.06999969482422,92.26000213623047,87.67434692382812,6386500,DIS
2016-09-15,92.12000274658203,92.75,91.19000244140625,92.5,87.90242004394531,7559400,DIS
2016-09-16,92.2699966430664,92.73999786376953,91.80000305175781,92.55999755859375,87.95945739746094,10568600,DIS
2016-09-19,92.80000305175781,93.31999969482422,92.33999633789062,92.62999725341797,88.02597045898438,5421500,DIS
2016-09-20,92.69999694824219,93.30000305175781,92.68000030517578,92.94999694824219,88.33006286621094,6200100,DIS
2016-09-21,93.0,93.08000183105469,91.69999694824219,92.38999938964844,87.79789733886719,12049500,DIS
2016-09-22,92.7300033569336,93.70999908447266,92.63999938964844,93.41000366210938,88.76720428466797,6470700,DIS
2016-09-23,93.06999969482422,93.5199966430664,93.0,93.2699966430664,88.63414764404297,4407700,DIS
2016-09-26,92.47000122070312,92.68000030517578,91.4000015258789,91.95999908447266,87.38927459716797,10449300,DIS
2016-09-27,91.93000030517578,92.18000030517578,91.5,91.72000122070312,87.16119384765625,9167400,DIS
2016-09-28,91.75,92.30000305175781,91.4800033569336,92.19999694824219,87.6173324584961,8272300,DIS
2016-09-29,92.13999938964844,93.0999984741211,91.52999877929688,91.80000305175781,87.23722839355469,7476600,DIS
2016-09-30,92.27999877929688,93.48999786376953,92.20999908447266,92.86000061035156,88.24453735351562,8923700,DIS
2016-10-03,92.47000122070312,92.72000122070312,92.05000305175781,92.48999786376953,87.8929214477539,5834700,DIS
2016-10-04,92.44999694824219,92.98999786376953,92.11000061035156,92.58999633789062,87.98795318603516,5903400,DIS
2016-10-05,92.94000244140625,93.27999877929688,92.37999725341797,92.44999694824219,87.85491180419922,5365000,DIS
2016-10-06,92.75,93.58000183105469,92.38999938964844,92.83000183105469,88.21602630615234,7484800,DIS
2016-10-07,93.05999755859375,93.29000091552734,92.0199966430664,92.48999786376953,87.8929214477539,6144100,DIS
2016-10-10,92.69999694824219,93.20999908447266,92.4000015258789,92.48999786376953,87.8929214477539,4241000,DIS
2016-10-11,92.33000183105469,92.37999725341797,91.56999969482422,91.86000061035156,87.29424285888672,6651100,DIS
2016-10-12,91.87999725341797,92.08000183105469,91.38999938964844,91.41000366210938,86.86661529541016,6836600,DIS
2016-10-13,90.94999694824219,91.36000061035156,90.31999969482422,91.12000274658203,86.59102630615234,5725200,DIS
2016-10-14,91.7699966430664,91.7699966430664,91.29000091552734,91.30000305175781,86.76206970214844,4345700,DIS
2016-10-17,91.3499984741211,91.47000122070312,90.55999755859375,90.83000183105469,86.31543731689453,5134600,DIS
2016-10-18,91.4000015258789,91.73999786376953,90.9800033569336,91.16999816894531,86.6385269165039,4890800,DIS
2016-10-19,91.2699966430664,92.13999938964844,91.0,91.93000030517578,87.36076354980469,6140500,DIS
2016-10-20,91.66000366210938,92.31999969482422,91.44000244140625,92.02999877929688,87.45579528808594,6153200,DIS
2016-10-21,91.33000183105469,94.19000244140625,90.5999984741211,93.02999877929688,88.40608215332031,13814500,DIS
2016-10-24,93.48999786376953,94.1500015258789,92.80000305175781,93.37000274658203,88.72918701171875,7281000,DIS
2016-10-25,93.13999938964844,93.36000061035156,92.63999938964844,92.75,88.14000701904297,6380700,DIS
2016-10-26,92.38999938964844,93.72000122070312,91.9000015258789,93.48999786376953,88.84322357177734,7152800,DIS
2016-10-27,93.80000305175781,94.33999633789062,93.30999755859375,94.0199966430664,89.34687805175781,6647000,DIS
2016-10-28,93.88999938964844,94.4000015258789,93.52999877929688,93.8499984741211,89.1853256225586,7309100,DIS
2016-10-31,93.72000122070312,93.81999969482422,92.30999755859375,92.69000244140625,88.08297729492188,9957600,DIS
2016-11-01,92.77999877929688,92.98999786376953,91.66000366210938,92.38999938964844,87.79789733886719,6449800,DIS
2016-11-02,91.91000366210938,92.55999755859375,91.69000244140625,91.91000366210938,87.34175872802734,6716200,DIS
2016-11-03,92.26000213623047,94.12999725341797,92.23999786376953,93.37000274658203,88.72918701171875,7751400,DIS
2016-11-04,93.5,93.79000091552734,92.36000061035156,92.44999694824219,87.85491180419922,7456500,DIS
2016-11-07,93.7699966430664,94.4800033569336,92.94999694824219,94.43000030517578,89.73650360107422,6996100,DIS
2016-11-08,94.52999877929688,94.8499984741211,93.9000015258789,94.37999725341797,89.6889877319336,6226900,DIS
2016-11-09,92.29000091552734,94.91999816894531,92.11000061035156,94.63999938964844,89.9360580444336,8635700,DIS
2016-11-10,94.88999938964844,96.05999755859375,94.2300033569336,94.95999908447266,90.24016571044922,13777900,DIS
2016-11-11,97.18000030517578,98.31999969482422,95.77999877929688,97.68000030517578,92.82495880126953,23008100,DIS
2016-11-14,97.55999755859375,98.30999755859375,97.44999694824219,97.91999816894531,93.05303955078125,13208400,DIS
2016-11-15,97.9000015258789,98.13999938964844,97.41999816894531,97.69999694824219,92.84396362304688,7184600,DIS
2016-11-16,98.33000183105469,99.16999816894531,98.0999984741211,99.12000274658203,94.19340515136719,9702400,DIS
2016-11-17,99.05000305175781,99.5,98.2699966430664,99.37000274658203,94.43096923828125,8662600,DIS
2016-11-18,99.05000305175781,99.37000274658203,98.13999938964844,98.23999786376953,93.35713195800781,8586100,DIS
2016-11-21,98.11000061035156,98.2699966430664,97.0,97.62999725341797,92.77745819091797,10771100,DIS
2016-11-22,97.4000015258789,97.93000030517578,97.2699966430664,97.70999908447266,92.85347747802734,5323700,DIS
2016-11-23,97.66999816894531,98.27999877929688,97.58999633789062,98.26000213623047,93.37614440917969,5897400,DIS
2016-11-25,98.70999908447266,99.06999969482422,98.5,98.81999969482422,93.90830993652344,4396800,DIS
2016-11-28,98.5199966430664,99.19999694824219,98.31999969482422,98.97000122070312,94.05084991455078,7106700,DIS
2016-11-29,99.23999786376953,99.68000030517578,98.97000122070312,99.66999816894531,94.71605682373047,8396800,DIS
2016-11-30,99.4000015258789,100.29000091552734,99.0,99.12000274658203,94.19340515136719,11369200,DIS
2016-12-01,99.12999725341797,99.75,98.62000274658203,98.94000244140625,94.02234649658203,9958100,DIS
2016-12-02,98.79000091552734,99.08000183105469,98.25,98.5,93.60421752929688,7737200,DIS
2016-12-05,98.9800033569336,100.2699966430664,98.68000030517578,99.95999908447266,94.99163818359375,11331500,DIS
2016-12-06,99.94999694824219,100.72000122070312,99.81999969482422,100.66000366210938,95.65684509277344,8427500,DIS
2016-12-07,100.51000213623047,102.06999969482422,100.44000244140625,101.98999786376953,96.92074584960938,12255700,DIS
2016-12-08,101.47000122070312,103.95999908447266,101.47000122070312,103.37999725341797,98.998779296875,16524800,DIS
2016-12-09,103.48999786376953,105.5199966430664,103.18000030517578,104.86000061035156,100.41605377197266,12173900,DIS
2016-12-12,104.61000061035156,104.69999694824219,103.7300033569336,104.05999755859375,99.64996337890625,7880200,DIS
2016-12-13,104.19999694824219,104.30999755859375,103.70999908447266,103.8499984741211,99.44886016845703,7393200,DIS
2016-12-14,103.62000274658203,104.41000366210938,103.5,104.05000305175781,99.64038848876953,7961900,DIS
2016-12-15,103.8499984741211,105.63999938964844,103.81999969482422,104.38999938964844,99.96597290039062,8745400,DIS
2016-12-16,104.70999908447266,104.7300033569336,103.75,103.91000366210938,99.50633239746094,12635500,DIS
2016-12-19,105.69999694824219,106.26000213623047,105.06999969482422,105.30000305175781,100.83740997314453,11475600,DIS
2016-12-20,105.63999938964844,106.19999694824219,105.05999755859375,105.45999908447266,100.99063110351562,8947300,DIS
2016-12-21,104.61000061035156,105.91000366210938,104.51000213623047,105.55999755859375,101.08638763427734,5202400,DIS
2016-12-22,104.95999908447266,105.48999786376953,104.69999694824219,105.41999816894531,100.95232391357422,5230800,DIS
2016-12-23,105.23999786376953,105.33999633789062,104.75,105.1500015258789,100.69377136230469,3238800,DIS
2016-12-27,104.8499984741211,105.55999755859375,104.77999877929688,105.16999816894531,100.7129135131836,3639500,DIS
2016-12-28,104.98999786376953,105.31999969482422,104.05999755859375,104.30000305175781,99.87979125976562,5178600,DIS
2016-12-29,104.2300033569336,104.7699966430664,103.87000274658203,104.55999755859375,100.1287612915039,5896800,DIS
2016-12-30,104.56999969482422,105.0,103.95999908447266,104.22000122070312,99.80319213867188,6983300,DIS
2017-01-03,105.30000305175781,106.9000015258789,105.20999908447266,106.08000183105469,101.58435821533203,8884300,DIS
2017-01-04,106.63999938964844,107.5,106.25,107.44000244140625,102.88671875,8322000,DIS
2017-01-05,107.16999816894531,107.62000274658203,106.79000091552734,107.37999725341797,102.82926177978516,6303000,DIS
2017-01-06,108.0199966430664,109.3499984741211,107.75,108.9800033569336,104.36145782470703,9551300,DIS
2017-01-09,108.58000183105469,108.83000183105469,108.11000061035156,108.36000061035156,103.76773071289062,6195200,DIS
2017-01-10,107.9000015258789,108.81999969482422,107.3499984741211,108.37999725341797,103.78688049316406,7901900,DIS
2017-01-11,108.54000091552734,109.48999786376953,108.37999725341797,109.44000244140625,104.80196380615234,7616800,DIS
2017-01-12,108.12000274658203,109.0,107.43000030517578,107.52999877929688,102.972900390625,8218900,DIS
2017-01-13,107.16000366210938,108.3499984741211,106.9000015258789,108.05999755859375,103.48043823242188,6489000,DIS
2017-01-17,107.91000366210938,108.93000030517578,107.6500015258789,107.97000122070312,103.39425659179688,7586500,DIS
2017-01-18,106.93000030517578,108.4000015258789,106.80999755859375,108.16000366210938,103.57621002197266,7162900,DIS
2017-01-19,107.91999816894531,108.01000213623047,107.08000183105469,107.27999877929688,102.7334976196289,5350200,DIS
2017-01-20,107.3499984741211,107.81999969482422,107.18000030517578,107.66000366210938,103.09739685058594,5649000,DIS
2017-01-23,107.33999633789062,107.68000030517578,106.56999969482422,107.12000274658203,102.58026885986328,5716600,DIS
2017-01-24,107.19999694824219,108.05999755859375,107.08000183105469,107.9000015258789,103.32722473144531,5456100,DIS
2017-01-25,108.2300033569336,108.41999816894531,108.0,108.04000091552734,103.46129608154297,6180200,DIS
2017-01-26,108.20999908447266,108.62000274658203,107.9800033569336,108.05999755859375,103.48043823242188,6088100,DIS
2017-01-27,108.48999786376953,109.4000015258789,108.1500015258789,109.30000305175781,104.66788482666016,5578300,DIS
2017-01-30,109.86000061035156,111.05000305175781,108.95999908447266,110.94000244140625,106.23838806152344,13793600,DIS
2017-01-31,110.58999633789062,110.80000305175781,109.9800033569336,110.6500015258789,105.96067810058594,8485800,DIS
2017-02-01,110.70999908447266,111.98999786376953,110.68000030517578,111.30000305175781,106.58313751220703,10501300,DIS
2017-02-02,111.20999908447266,111.54000091552734,110.55000305175781,110.61000061035156,105.9223861694336,6515900,DIS
2017-02-03,110.9000015258789,111.1500015258789,110.20999908447266,110.30000305175781,105.62551879882812,7923400,DIS
2017-02-06,109.91999816894531,110.1500015258789,109.30000305175781,109.56999969482422,104.92645263671875,6896300,DIS
2017-02-07,109.6500015258789,109.7300033569336,108.7699966430664,109.0,104.38059997558594,10184800,DIS
2017-02-08,109.55999755859375,111.41999816894531,108.9800033569336,109.0,104.38059997558594,13615500,DIS
2017-02-09,109.0,109.8499984741211,109.0,109.48999786376953,104.84983825683594,6369700,DIS
2017-02-10,109.3499984741211,109.80000305175781,108.58000183105469,109.26000213623047,104.62960052490234,7671800,DIS
2017-02-13,108.94999694824219,109.9000015258789,108.9000015258789,109.6500015258789,105.00306701660156,5653200,DIS
2017-02-14,109.80000305175781,110.33000183105469,109.52999877929688,110.33000183105469,105.65424346923828,4768700,DIS
2017-02-15,109.91000366210938,110.68000030517578,109.80000305175781,110.18000030517578,105.51060485839844,7087100,DIS
2017-02-16,110.33999633789062,110.87000274658203,110.08999633789062,110.70999908447266,106.01814270019531,7179600,DIS
2017-02-17,110.23999786376953,110.5,109.5199966430664,110.05999755859375,105.39567565917969,6349200,DIS
2017-02-21,109.94000244140625,110.20999908447266,109.80000305175781,110.01000213623047,105.34780883789062,5432700,DIS
2017-02-22,109.69000244140625,110.27999877929688,109.52999877929688,110.12000274658203,105.45314025878906,5478400,DIS
2017-02-23,110.30000305175781,110.48999786376953,109.58999633789062,109.7300033569336,105.07967376708984,5470400,DIS
2017-02-24,109.62000274658203,110.31999969482422,109.0999984741211,110.31999969482422,105.64466857910156,4786800,DIS
2017-02-27,109.93000030517578,110.47000122070312,109.83000183105469,110.2300033569336,105.5584716796875,3547700,DIS
2017-02-28,110.0,110.4000015258789,109.83000183105469,110.08999633789062,105.42440795898438,4766000,DIS
2017-03-01,110.66000366210938,111.80000305175781,110.66000366210938,111.04000091552734,106.33415222167969,7418100,DIS
2017-03-02,111.0,111.20999908447266,110.44999694824219,110.58999633789062,105.9032211303711,4715600,DIS
2017-03-03,110.58999633789062,111.5,110.04000091552734,111.23999786376953,106.52566528320312,5837900,DIS
2017-03-06,110.7699966430664,110.9800033569336,110.08999633789062,110.66999816894531,105.9798355102539,4983200,DIS
2017-03-07,110.69999694824219,110.93000030517578,110.16000366210938,110.86000061035156,106.16177368164062,5114400,DIS
2017-03-08,110.87000274658203,111.31999969482422,110.66000366210938,110.83999633789062,106.14262390136719,4929900,DIS
2017-03-09,110.9000015258789,111.31999969482422,110.69000244140625,111.02999877929688,106.32457733154297,4005700,DIS
2017-03-10,111.4000015258789,111.5,110.69000244140625,110.91999816894531,106.21923828125,4027400,DIS
2017-03-13,110.91999816894531,111.68000030517578,110.81999969482422,111.5199966430664,106.79380798339844,5213600,DIS
2017-03-14,111.7300033569336,112.88999938964844,111.72000122070312,112.30999755859375,107.55032348632812,7273500,DIS
2017-03-15,112.43000030517578,112.44999694824219,111.1500015258789,111.87000274658203,107.12897491455078,5319500,DIS
2017-03-16,112.18000030517578,112.31999969482422,111.4000015258789,111.70999908447266,106.97575378417969,4409400,DIS
2017-03-17,111.87000274658203,112.08999633789062,111.18000030517578,111.76000213623047,107.02363586425781,9061200,DIS
2017-03-20,112.06999969482422,113.16000366210938,112.05000305175781,112.70999908447266,107.9333724975586,8156300,DIS
2017-03-21,112.97000122070312,113.0999984741211,111.54000091552734,111.75,107.0140609741211,7109800,DIS
2017-03-22,111.8499984741211,112.18000030517578,111.3499984741211,112.08000183105469,107.330078125,5044700,DIS
2017-03-23,111.70999908447266,112.9800033569336,111.66000366210938,112.23999786376953,107.4832992553711,8307900,DIS
2017-03-24,112.4000015258789,112.58000183105469,111.68000030517578,112.13999938964844,107.38753509521484,4707300,DIS
2017-03-27,111.80999755859375,112.55000305175781,111.44999694824219,112.37999725341797,107.61735534667969,4469800,DIS
2017-03-28,112.5999984741211,113.23999786376953,112.0199966430664,113.05000305175781,108.25897216796875,6280900,DIS
2017-03-29,112.66000366210938,112.94000244140625,112.30999755859375,112.52999877929688,107.7610092163086,3781200,DIS
2017-03-30,112.52999877929688,113.30000305175781,112.27999877929688,113.18000030517578,108.38345336914062,4192800,DIS
2017-03-31,113.0,113.70999908447266,112.94999694824219,113.38999938964844,108.58456420898438,4617400,DIS
2017-04-03,113.18000030517578,113.6500015258789,112.43000030517578,113.19999694824219,108.40260314941406,4643300,DIS
2017-04-04,113.1500015258789,113.55000305175781,112.83000183105469,113.04000091552734,108.2493896484375,3386100,DIS
2017-04-05,113.58000183105469,113.83999633789062,112.79000091552734,113.0,108.21109008789062,4795100,DIS
2017-04-06,112.8499984741211,113.41999816894531,112.38999938964844,113.05000305175781,108.25897216796875,4744000,DIS
2017-04-07,112.81999969482422,113.27999877929688,112.52999877929688,112.58000183105469,107.80888366699219,4300700,DIS
2017-04-10,112.80000305175781,112.88999938964844,112.04000091552734,112.43000030517578,107.66524505615234,4053600,DIS
2017-04-11,113.68000030517578,113.83000183105469,112.58999633789062,113.06999969482422,108.27812194824219,5230800,DIS
2017-04-12,113.02999877929688,113.27999877929688,112.76000213623047,113.04000091552734,108.2493896484375,4086300,DIS
2017-04-13,113.04000091552734,114.25,112.98999786376953,113.19999694824219,108.40260314941406,6530800,DIS
2017-04-17,113.33000183105469,113.94000244140625,113.22000122070312,113.77999877929688,108.9580307006836,5120200,DIS
2017-04-18,113.4800033569336,114.75,113.0,114.19000244140625,109.35066223144531,6191100,DIS
2017-04-19,114.55999755859375,115.0,113.54000091552734,113.7300033569336,108.91015625,5303400,DIS
2017-04-20,114.16999816894531,115.05000305175781,113.87000274658203,114.79000091552734,109.92523193359375,5279300,DIS
2017-04-21,114.37999725341797,115.12000274658203,114.2699966430664,114.44000244140625,109.59005737304688,6654500,DIS
2017-04-24,115.26000213623047,115.37999725341797,113.66000366210938,113.69999694824219,108.88142395019531,7294600,DIS
2017-04-25,113.7300033569336,115.5199966430664,113.68000030517578,115.18000030517578,110.2987060546875,6918300,DIS
2017-04-26,115.4000015258789,115.95999908447266,114.86000061035156,115.58000183105469,110.68174743652344,4809800,DIS
2017-04-27,115.80000305175781,116.0999984741211,115.38999938964844,115.83999633789062,110.93072509765625,3910800,DIS
2017-04-28,115.87000274658203,115.9000015258789,115.23999786376953,115.5999984741211,110.70089721679688,3987600,DIS
2017-05-01,115.58999633789062,115.61000061035156,114.72000122070312,114.7300033569336,109.8677749633789,4963300,DIS
2017-05-02,114.87000274658203,114.98999786376953,113.68000030517578,114.37000274658203,109.52302551269531,6604600,DIS
2017-05-03,114.02999877929688,114.08999633789062,111.18000030517578,111.62000274658203,106.88957977294922,11521200,DIS
2017-05-04,110.58000183105469,111.30000305175781,109.05999755859375,111.16999816894531,106.4586410522461,10691200,DIS
2017-05-05,111.48999786376953,112.1500015258789,110.91999816894531,111.98999786376953,107.2438735961914,5871400,DIS
2017-05-08,112.38999938964844,112.38999938964844,111.0,111.41999816894531,106.69804382324219,5980100,DIS
2017-05-09,111.55000305175781,112.1500015258789,110.3499984741211,112.06999969482422,107.32050323486328,9337400,DIS
2017-05-10,109.0,109.66000366210938,108.12999725341797,109.66000366210938,105.01264190673828,17061100,DIS
2017-05-11,109.73999786376953,110.01000213623047,108.5,109.58000183105469,104.93603515625,8021300,DIS
2017-05-12,109.80000305175781,109.88999938964844,109.2699966430664,109.69000244140625,105.04136657714844,5067700,DIS
2017-05-15,109.7300033569336,110.08000183105469,109.12000274658203,109.12999725341797,104.50509643554688,6241300,DIS
2017-05-16,109.12999725341797,109.2300033569336,107.81999969482422,107.9800033569336,103.4038314819336,10047100,DIS
2017-05-17,107.9800033569336,107.9800033569336,105.2300033569336,106.30999755859375,101.80460357666016,12763200,DIS
2017-05-18,105.9800033569336,107.30999755859375,105.9800033569336,106.68000030517578,102.15892791748047,6532200,DIS
2017-05-19,106.76000213623047,107.86000061035156,106.69999694824219,107.5199966430664,102.96332550048828,6336700,DIS
2017-05-22,107.6500015258789,108.19999694824219,107.41000366210938,107.62999725341797,103.06867218017578,5487200,DIS
2017-05-23,107.68000030517578,107.80000305175781,106.91000366210938,107.0199966430664,102.48451232910156,7542600,DIS
2017-05-24,107.1500015258789,107.83000183105469,106.93000030517578,107.70999908447266,103.14527130126953,4366700,DIS
2017-05-25,108.12999725341797,108.12999725341797,106.77999877929688,107.2699966430664,102.72392272949219,8030400,DIS
2017-05-26,107.70999908447266,108.48999786376953,107.4800033569336,108.41000366210938,103.81560516357422,6236800,DIS
2017-05-30,108.48999786376953,108.5999984741211,107.94999694824219,108.33999633789062,103.74857330322266,4813400,DIS
2017-05-31,108.4000015258789,108.6500015258789,107.63999938964844,107.94000244140625,103.36553192138672,9963600,DIS
2017-06-01,107.7300033569336,108.20999908447266,107.16999816894531,108.20999908447266,103.62408447265625,5907400,DIS
2017-06-02,108.45999908447266,108.63999938964844,106.94999694824219,107.18000030517578,102.63773345947266,10876900,DIS
2017-06-05,107.04000091552734,107.22000122070312,106.11000061035156,106.5199966430664,102.00570678710938,6372800,DIS
2017-06-06,106.16999816894531,106.19000244140625,104.61000061035156,105.5,101.02893829345703,9589500,DIS
2017-06-07,105.79000091552734,106.25,105.54000091552734,105.91999816894531,101.4311294555664,5777700,DIS
2017-06-08,105.91999816894531,105.91999816894531,104.16000366210938,104.31999969482422,99.8989486694336,11002400,DIS
2017-06-09,104.27999877929688,105.91999816894531,104.08000183105469,105.62000274658203,101.14384460449219,9392500,DIS
2017-06-12,105.62000274658203,107.19999694824219,105.62000274658203,107.04000091552734,102.50366973876953,8049500,DIS
2017-06-13,107.13999938964844,107.26000213623047,106.16000366210938,106.55999755859375,102.04402160644531,4918900,DIS
2017-06-14,106.94999694824219,107.01000213623047,105.76000213623047,106.13999938964844,101.64181518554688,4781100,DIS
2017-06-15,105.94000244140625,106.16000366210938,105.2300033569336,105.9800033569336,101.48860168457031,5309900,DIS
2017-06-16,106.27999877929688,106.3499984741211,104.7699966430664,105.51000213623047,101.03852081298828,8683400,DIS
2017-06-19,105.5999984741211,106.0,105.19000244140625,105.37000274658203,100.90444946289062,5956200,DIS
2017-06-20,105.06999969482422,105.30000305175781,103.80999755859375,103.94000244140625,99.53504943847656,7895700,DIS
2017-06-21,104.38999938964844,105.08000183105469,103.54000091552734,104.80000305175781,100.35859680175781,7765700,DIS
2017-06-22,104.70999908447266,104.7699966430664,104.08999633789062,104.22000122070312,99.80319213867188,6156000,DIS
2017-06-23,103.83000183105469,104.58000183105469,103.16999816894531,104.36000061035156,99.93724822998047,18147900,DIS
2017-06-26,104.5999984741211,105.8499984741211,104.55999755859375,105.56999969482422,101.09597778320312,5867000,DIS
2017-06-27,105.33000183105469,106.1500015258789,105.13999938964844,105.41000366210938,100.94275665283203,5694500,DIS
2017-06-28,106.0199966430664,107.54000091552734,104.5199966430664,106.86000061035156,102.33130645751953,7874400,DIS
2017-06-29,106.80000305175781,107.41000366210938,105.33000183105469,105.70999908447266,101.23003387451172,7268700,DIS
2017-06-30,106.25,106.55999755859375,105.5,106.25,101.74715423583984,5113800,DIS
2017-07-03,106.76000213623047,108.62000274658203,106.76000213623047,107.45999908447266,102.90587615966797,5399400,DIS
2017-07-05,107.83000183105469,107.8499984741211,105.29000091552734,105.62999725341797,101.1534194946289,8049700,DIS
2017-07-06,104.61000061035156,104.69000244140625,102.94000244140625,103.3499984741211,99.70630645751953,8690800,DIS
2017-07-07,103.51000213623047,103.7300033569336,102.72000122070312,103.31999969482422,99.67736053466797,6030900,DIS
2017-07-10,103.30000305175781,103.91000366210938,102.87000274658203,103.58999633789062,99.93785095214844,4421300,DIS
2017-07-11,103.5999984741211,104.19000244140625,103.19000244140625,103.83999633789062,100.17902374267578,4557300,DIS
2017-07-12,104.33999633789062,104.6500015258789,103.6500015258789,104.37999725341797,100.69999694824219,5203300,DIS
2017-07-13,104.44999694824219,105.33999633789062,104.04000091552734,104.29000091552734,100.61317443847656,5339500,DIS
2017-07-14,104.43000030517578,105.25,104.41000366210938,105.08999633789062,101.38496398925781,4370300,DIS
2017-07-17,105.16999816894531,105.41999816894531,104.70999908447266,104.79000091552734,101.09553527832031,3973800,DIS
2017-07-18,104.5999984741211,105.80000305175781,104.30999755859375,105.75,102.02169036865234,5740500,DIS
2017-07-19,106.12999725341797,106.87000274658203,106.05000305175781,106.81999969482422,103.05396270751953,5789400,DIS
2017-07-20,106.98999786376953,107.70999908447266,106.75,107.36000061035156,103.57494354248047,6185500,DIS
2017-07-21,107.0999984741211,107.33000183105469,106.80999755859375,107.08999633789062,103.31444549560547,4328500,DIS
2017-07-24,107.30999755859375,107.54000091552734,106.9000015258789,107.0,103.22763061523438,4615500,DIS
2017-07-25,107.5999984741211,107.73999786376953,106.19999694824219,106.41999816894531,102.6680679321289,5394700,DIS
2017-07-26,106.55000305175781,107.02999877929688,106.30999755859375,106.94000244140625,103.16973876953125,4149000,DIS
2017-07-27,107.69000244140625,110.0,107.44000244140625,110.0,106.12185668945312,10468700,DIS
2017-07-28,109.9800033569336,110.19000244140625,109.66999816894531,109.95999908447266,106.08326721191406,4864500,DIS
2017-07-31,110.0199966430664,110.13999938964844,109.33999633789062,109.93000030517578,106.0543212890625,6815300,DIS
2017-08-01,109.9800033569336,110.83000183105469,109.94999694824219,110.61000061035156,106.71035766601562,5987200,DIS
2017-08-02,109.87999725341797,109.87999725341797,107.5199966430664,108.66999816894531,104.8387451171875,8812700,DIS
2017-08-03,108.5199966430664,109.16999816894531,108.05000305175781,109.12000274658203,105.27288818359375,6895800,DIS
2017-08-04,108.2300033569336,108.5,107.31999969482422,107.69000244140625,103.89330291748047,8503800,DIS
2017-08-07,107.58999633789062,107.6500015258789,106.11000061035156,106.3499984741211,102.60053253173828,8093100,DIS
2017-08-08,106.55000305175781,107.13999938964844,106.18000030517578,106.9800033569336,103.20832824707031,9787100,DIS
2017-08-09,100.70999908447266,103.0,100.5,102.83000183105469,99.20464324951172,27877600,DIS
2017-08-10,102.5,102.81999969482422,101.22000122070312,101.3499984741211,97.77681732177734,12259900,DIS
2017-08-11,101.25,102.51000213623047,101.02999877929688,101.98999786376953,98.39425659179688,9410400,DIS
2017-08-14,102.80000305175781,102.80999755859375,101.26000213623047,101.4000015258789,97.82505798339844,9707300,DIS
2017-08-15,101.62999725341797,102.0999984741211,101.36000061035156,101.51000213623047,97.9311752319336,8868500,DIS
2017-08-16,101.83999633789062,102.6500015258789,101.72000122070312,102.19999694824219,98.59684753417969,6698800,DIS
2017-08-17,102.23999786376953,102.58999633789062,101.33999633789062,101.37999725341797,97.8057632446289,6612400,DIS
2017-08-18,101.31999969482422,101.73999786376953,100.66000366210938,100.69999694824219,97.14972686767578,6893900,DIS
2017-08-21,100.63999938964844,101.41999816894531,100.52999877929688,101.16999816894531,97.60315704345703,6492700,DIS
2017-08-22,101.41000366210938,102.91000366210938,101.16999816894531,102.7699966430664,99.1467514038086,6888700,DIS
2017-08-23,102.4800033569336,102.9800033569336,101.4800033569336,101.5,97.9215316772461,5954400,DIS
2017-08-24,101.81999969482422,102.02999877929688,101.43000030517578,101.5199966430664,97.94082641601562,6976600,DIS
2017-08-25,101.69000244140625,102.69000244140625,101.55999755859375,102.41000366210938,98.79945373535156,6186900,DIS
2017-08-28,102.48999786376953,102.8499984741211,102.08000183105469,102.55999755859375,98.94415283203125,5630400,DIS
2017-08-29,102.0,102.98999786376953,101.81999969482422,102.56999969482422,98.95380401611328,6011700,DIS
2017-08-30,102.4800033569336,103.44999694824219,102.4800033569336,102.87000274658203,99.24323272705078,6573200,DIS
2017-08-31,103.0,103.19000244140625,101.0,101.19999694824219,97.63211059570312,9823800,DIS
2017-09-01,101.6500015258789,101.91999816894531,101.36000061035156,101.5,97.9215316772461,7827400,DIS
2017-09-05,102.0,102.55000305175781,100.9000015258789,101.5999984741211,98.01800537109375,9346100,DIS
2017-09-06,101.76000213623047,102.04000091552734,100.88999938964844,101.5,97.9215316772461,7531000,DIS
2017-09-07,101.55000305175781,101.86000061035156,96.19999694824219,97.05999755859375,93.63806915283203,26419400,DIS
2017-09-08,96.48999786376953,97.48999786376953,96.26000213623047,97.06999969482422,93.64771270751953,13147700,DIS
2017-09-11,97.9000015258789,98.0199966430664,96.95999908447266,97.08999633789062,93.66700744628906,9610300,DIS
2017-09-12,97.58999633789062,98.36000061035156,97.12999725341797,97.88999938964844,94.43880462646484,9151700,DIS
2017-09-13,98.23999786376953,98.94999694824219,98.0199966430664,98.81999969482422,95.33601379394531,7615300,DIS
2017-09-14,98.79000091552734,98.83999633789062,97.54000091552734,97.9000015258789,94.44845581054688,9710000,DIS
2017-09-15,98.05000305175781,98.93000030517578,98.0,98.5199966430664,95.04659271240234,23870300,DIS
2017-09-18,98.38999938964844,98.72000122070312,97.72000122070312,98.0999984741211,94.64139556884766,7013600,DIS
2017-09-19,98.2300033569336,98.66999816894531,98.08000183105469,98.43000030517578,94.95976257324219,6970300,DIS
2017-09-20,98.76000213623047,99.27999877929688,98.62000274658203,99.20999908447266,95.71226501464844,6459100,DIS
2017-09-21,99.19000244140625,99.38999938964844,98.75,98.88999938964844,95.40354919433594,4958000,DIS
2017-09-22,98.55000305175781,98.98999786376953,98.52999877929688,98.5999984741211,95.12377166748047,6359100,DIS
2017-09-25,98.5999984741211,99.6500015258789,98.41999816894531,99.56999969482422,96.05957794189453,7492500,DIS
2017-09-26,99.63999938964844,99.73999786376953,98.61000061035156,98.62999725341797,95.1527099609375,6220500,DIS
2017-09-27,98.97000122070312,99.52999877929688,98.0199966430664,99.23999786376953,95.7412109375,7596600,DIS
2017-09-28,98.7699966430664,99.05000305175781,98.0,98.05000305175781,94.5931625366211,7149600,DIS
2017-09-29,97.88999938964844,98.58999633789062,97.66000366210938,98.56999969482422,95.09483337402344,8185900,DIS
2017-10-02,99.30999755859375,100.44000244140625,99.11000061035156,99.86000061035156,96.33935546875,6923300,DIS
2017-10-03,100.05000305175781,100.8499984741211,99.91000366210938,100.79000091552734,97.23656463623047,5447700,DIS
2017-10-04,100.73999786376953,100.93000030517578,100.19999694824219,100.55000305175781,97.0050277709961,5126100,DIS
2017-10-05,100.63999938964844,100.87000274658203,100.0199966430664,100.11000061035156,96.58053588867188,4736700,DIS
2017-10-06,99.94999694824219,100.2699966430664,99.33999633789062,100.06999969482422,96.54193878173828,4360200,DIS
2017-10-09,100.80999755859375,100.9800033569336,99.44999694824219,99.56999969482422,96.05957794189453,5429600,DIS
2017-10-10,99.98999786376953,100.06999969482422,98.66000366210938,99.58000183105469,96.06922912597656,7704400,DIS
2017-10-11,99.58000183105469,99.58000183105469,98.05000305175781,98.55000305175781,95.0755386352539,7984000,DIS
2017-10-12,97.55999755859375,97.81999969482422,96.80999755859375,96.93000030517578,93.51264953613281,11018200,DIS
2017-10-13,96.80000305175781,97.68000030517578,96.80000305175781,97.37999725341797,93.94678497314453,6858000,DIS
2017-10-16,97.63999938964844,98.2699966430664,97.54000091552734,98.12999725341797,94.67033386230469,4911600,DIS
2017-10-17,98.4000015258789,98.47000122070312,97.86000061035156,98.36000061035156,94.89224243164062,5942500,DIS
2017-10-18,98.36000061035156,98.48999786376953,97.55000305175781,98.25,94.78611755371094,5404300,DIS
2017-10-19,98.19000244140625,99.30000305175781,98.11000061035156,99.01000213623047,95.51933288574219,5634300,DIS
2017-10-20,99.44999694824219,99.66000366210938,98.94000244140625,99.4000015258789,95.89557647705078,5938700,DIS
2017-10-23,99.12000274658203,99.18000030517578,98.62999725341797,98.69999694824219,95.22024536132812,5888200,DIS
2017-10-24,98.5199966430664,98.86000061035156,98.05999755859375,98.29000091552734,94.82469940185547,4966200,DIS
2017-10-25,98.05000305175781,98.22000122070312,97.44999694824219,97.80000305175781,94.35197448730469,5144400,DIS
2017-10-26,97.58000183105469,99.4800033569336,97.25,98.55999755859375,95.0851821899414,6167500,DIS
2017-10-27,97.9000015258789,98.36000061035156,96.88999938964844,98.30999755859375,94.84400177001953,7868700,DIS
2017-10-30,98.12000274658203,98.33000183105469,97.69999694824219,98.04000091552734,94.58351135253906,7093200,DIS
2017-10-31,97.94000244140625,98.08999633789062,97.37999725341797,97.80999755859375,94.36162567138672,5701700,DIS
2017-11-01,98.12999725341797,99.45999908447266,98.0,99.02999877929688,95.53860473632812,6920400,DIS
2017-11-02,98.87000274658203,99.12000274658203,98.0199966430664,98.3499984741211,94.8825912475586,6799200,DIS
2017-11-03,98.36000061035156,99.37999725341797,97.9000015258789,98.63999938964844,95.16236877441406,5416900,DIS
2017-11-06,98.37000274658203,101.12999725341797,98.3499984741211,100.63999938964844,97.09185028076172,14728700,DIS
2017-11-07,101.29000091552734,102.9000015258789,100.73999786376953,101.61000061035156,98.02765655517578,12177500,DIS
2017-11-08,101.87999725341797,102.0,100.41999816894531,101.18000030517578,97.61280822753906,8023200,DIS
2017-11-09,100.83000183105469,103.91000366210938,100.80000305175781,102.68000030517578,99.05992126464844,13172500,DIS
2017-11-10,104.98999786376953,106.23999786376953,104.08000183105469,104.77999877929688,101.08589172363281,16701500,DIS
2017-11-13,104.13999938964844,105.13999938964844,103.9800033569336,104.73999786376953,101.04730224609375,7856000,DIS
2017-11-14,104.56999969482422,104.56999969482422,103.0,103.16999816894531,99.53265380859375,6929300,DIS
2017-11-15,102.75,103.95999908447266,102.44999694824219,103.69000244140625,100.03431701660156,5691500,DIS
2017-11-16,103.62999725341797,103.9800033569336,102.76000213623047,103.5999984741211,99.94749450683594,6410900,DIS
2017-11-17,103.22000122070312,103.98999786376953,102.97000122070312,103.44000244140625,99.79312896728516,7500800,DIS
2017-11-20,103.41999816894531,103.41999816894531,102.69999694824219,102.75,99.12745666503906,5112600,DIS
2017-11-21,102.97000122070312,103.16999816894531,102.79000091552734,103.0,99.36864471435547,5725900,DIS
2017-11-22,103.22000122070312,103.31999969482422,102.69000244140625,102.73999786376953,99.11781311035156,4140700,DIS
2017-11-24,102.91000366210938,102.91999816894531,102.44999694824219,102.63999938964844,99.02133178710938,2217600,DIS
2017-11-27,102.62999725341797,102.97000122070312,102.37999725341797,102.79000091552734,99.16604614257812,4007500,DIS
2017-11-28,102.55999755859375,103.87999725341797,102.16999816894531,103.41000366210938,99.76419830322266,8401100,DIS
2017-11-29,103.5,106.26000213623047,103.43000030517578,105.23999786376953,101.52967071533203,14503100,DIS
2017-11-30,105.36000061035156,105.70999908447266,104.47000122070312,104.81999969482422,101.12447357177734,9949000,DIS
2017-12-01,104.58000183105469,105.8499984741211,103.87000274658203,105.25,101.53932189941406,9258400,DIS
2017-12-04,106.5,112.66999816894531,106.5,110.22000122070312,106.33409118652344,17824000,DIS
2017-12-05,109.52999877929688,110.04000091552734,106.5199966430664,107.22000122070312,103.43985748291016,13055600,DIS
2017-12-06,107.16999816894531,107.98999786376953,105.36000061035156,105.45999908447266,101.74191284179688,8121700,DIS
2017-12-07,105.73999786376953,106.0,104.48999786376953,105.26000213623047,101.5489730834961,9948600,DIS
2017-12-08,104.91000366210938,104.9800033569336,104.08000183105469,104.2300033569336,101.36419677734375,6536600,DIS
2017-12-11,104.87000274658203,106.83999633789062,104.7699966430664,106.83000183105469,103.89270782470703,7434000,DIS
2017-12-12,107.13999938964844,107.83000183105469,106.58999633789062,107.43000030517578,104.47620391845703,8147000,DIS
2017-12-13,108.1500015258789,108.19000244140625,106.75,107.61000061035156,104.65126037597656,10368300,DIS
2017-12-14,107.29000091552734,111.54000091552734,107.19999694824219,110.56999969482422,107.52987670898438,27571300,DIS
2017-12-15,111.9800033569336,112.0,110.5999984741211,111.2699966430664,108.21062469482422,19978600,DIS
2017-12-18,111.83999633789062,111.98999786376953,110.30999755859375,111.02999877929688,107.97722625732422,12270000,DIS
2017-12-19,111.33000183105469,112.38999938964844,110.7699966430664,111.80999755859375,108.73577880859375,10546600,DIS
2017-12-20,111.62000274658203,112.30000305175781,109.69000244140625,109.69000244140625,106.674072265625,8661100,DIS
2017-12-21,109.72000122070312,111.08999633789062,109.19000244140625,109.56999969482422,106.55736541748047,9372800,DIS
2017-12-22,109.48999786376953,109.69000244140625,108.44999694824219,108.66999816894531,105.68211364746094,7378400,DIS
2017-12-26,108.48999786376953,109.37000274658203,107.88999938964844,108.12000274658203,105.1472396850586,3982400,DIS
2017-12-27,108.41999816894531,108.55000305175781,107.45999908447266,107.63999938964844,104.68043518066406,5624000,DIS
2017-12-28,108.0,108.05000305175781,107.05999755859375,107.7699966430664,104.8068618774414,3477700,DIS
2017-12-29,108.05000305175781,108.33999633789062,107.51000213623047,107.51000213623047,104.55400848388672,4538400,DIS
2018-01-02,108.94999694824219,111.80999755859375,108.55999755859375,111.80000305175781,108.72606658935547,11014300,DIS
2018-01-03,112.19000244140625,113.19000244140625,111.44999694824219,112.27999877929688,109.19285583496094,9237900,DIS
2018-01-04,112.94999694824219,113.0,111.62999725341797,112.2300033569336,109.14424133300781,7417400,DIS
2018-01-05,112.68000030517578,112.68000030517578,111.23999786376953,111.62000274658203,108.5510025024414,6008300,DIS
2018-01-08,110.88999938964844,111.27999877929688,109.54000091552734,110.0199966430664,106.9949951171875,8052600,DIS
2018-01-09,110.12999725341797,110.86000061035156,109.86000061035156,109.94000244140625,106.91719055175781,5838000,DIS
2018-01-10,109.95999908447266,110.5,109.01000213623047,109.47000122070312,106.46011352539062,6060000,DIS
2018-01-11,110.25,111.08000183105469,109.51000213623047,110.98999786376953,107.93832397460938,6427000,DIS
2018-01-12,111.31999969482422,112.72000122070312,111.0,112.47000122070312,109.37763214111328,5899900,DIS
2018-01-16,113.06999969482422,113.16000366210938,110.62000274658203,110.69000244140625,107.64657592773438,8069200,DIS
2018-01-17,111.19999694824219,112.20999908447266,110.56999969482422,111.97000122070312,108.8913803100586,7030700,DIS
2018-01-18,111.73999786376953,111.98999786376953,110.19999694824219,110.41999816894531,107.38400268554688,8070900,DIS
2018-01-19,110.97000122070312,111.08999633789062,109.83999633789062,110.58999633789062,107.54931640625,10514300,DIS
2018-01-22,110.2699966430664,111.55999755859375,110.05999755859375,111.0999984741211,108.04529571533203,8073600,DIS
2018-01-23,110.2699966430664,111.13999938964844,109.88999938964844,110.41000366210938,107.37428283691406,7477300,DIS
2018-01-24,110.95999908447266,111.43000030517578,110.29000091552734,110.5,107.4617919921875,7211800,DIS
2018-01-25,110.5999984741211,111.81999969482422,110.12000274658203,110.55000305175781,107.51042175292969,6291000,DIS
2018-01-26,110.80999755859375,112.52999877929688,110.66999816894531,112.19000244140625,109.10533142089844,7743800,DIS
2018-01-29,112.0999984741211,112.44999694824219,111.23999786376953,111.54000091552734,108.47320556640625,6847800,DIS
2018-01-30,111.41999816894531,112.41999816894531,110.0999984741211,110.11000061035156,107.08251953125,8393900,DIS
2018-01-31,110.08000183105469,110.12000274658203,108.47000122070312,108.66999816894531,105.68211364746094,9841400,DIS
2018-02-01,108.62000274658203,110.6500015258789,107.36000061035156,110.48999786376953,107.45207214355469,9518900,DIS
2018-02-02,109.94999694824219,110.58000183105469,108.44999694824219,108.69999694824219,105.71128845214844,9947700,DIS
2018-02-05,107.0999984741211,108.62999725341797,104.01000213623047,104.69999694824219,101.82125854492188,15107900,DIS
2018-02-06,102.87999725341797,106.19999694824219,101.76000213623047,106.16999816894531,103.2508544921875,17765100,DIS
2018-02-07,107.83000183105469,108.02999877929688,104.41000366210938,104.76000213623047,101.87962341308594,12445000,DIS
2018-02-08,105.47000122070312,105.81999969482422,101.19000244140625,101.3499984741211,98.5633773803711,12667500,DIS
2018-02-09,102.55000305175781,103.75,100.26000213623047,103.08999633789062,100.25553131103516,12479700,DIS
2018-02-12,103.93000030517578,104.63999938964844,102.0999984741211,103.38999938964844,100.54728698730469,9584700,DIS
2018-02-13,102.63999938964844,104.30999755859375,102.4000015258789,104.12000274658203,101.25721740722656,8447900,DIS
2018-02-14,103.48999786376953,104.76000213623047,102.69000244140625,104.5999984741211,101.72401428222656,7425700,DIS
2018-02-15,105.36000061035156,105.56999969482422,103.93000030517578,105.18000030517578,102.28807067871094,6494700,DIS
2018-02-16,105.19000244140625,107.3499984741211,105.19000244140625,106.52999877929688,103.6009521484375,8746400,DIS
2018-02-20,106.37000274658203,107.56999969482422,105.5199966430664,105.9800033569336,103.06607818603516,6734500,DIS
2018-02-21,106.0,106.91000366210938,105.0199966430664,105.05000305175781,102.16165161132812,6743300,DIS
2018-02-22,105.30999755859375,106.01000213623047,104.93000030517578,105.23999786376953,102.34642028808594,4462200,DIS
2018-02-23,105.75,107.36000061035156,105.43000030517578,107.25,104.30115509033203,6101100,DIS
2018-02-26,108.0,109.80999755859375,107.66999816894531,109.80999755859375,106.790771484375,8138200,DIS
2018-02-27,108.0,108.16000366210938,104.8499984741211,104.87000274658203,101.9865951538086,14179600,DIS
2018-02-28,105.44999694824219,105.56999969482422,103.13999938964844,103.16000366210938,100.32361602783203,10760800,DIS
2018-03-01,103.19999694824219,104.02999877929688,101.33000183105469,102.56999969482422,99.74983215332031,10487300,DIS
2018-03-02,102.0,103.16999816894531,101.44000244140625,102.98999786376953,100.15828704833984,7835400,DIS
2018-03-05,102.70999908447266,103.97000122070312,102.41999816894531,103.41000366210938,100.56674194335938,5736700,DIS
2018-03-06,104.0,104.94999694824219,103.51000213623047,104.94000244140625,102.05467987060547,6216200,DIS
2018-03-07,103.72000122070312,104.23999786376953,102.7699966430664,103.58999633789062,100.74179077148438,6214800,DIS
2018-03-08,103.98999786376953,104.58999633789062,103.47000122070312,104.02999877929688,101.16968536376953,6627000,DIS
2018-03-09,104.43000030517578,104.75,103.63999938964844,104.7300033569336,101.85044860839844,5618400,DIS
2018-03-12,104.72000122070312,105.94000244140625,104.72000122070312,105.16999816894531,102.2783432006836,6485300,DIS
2018-03-13,105.83000183105469,105.83000183105469,103.41999816894531,103.7300033569336,100.87793731689453,6716700,DIS
2018-03-14,104.52999877929688,104.6500015258789,103.47000122070312,103.9000015258789,101.04326629638672,6235900,DIS
2018-03-15,104.0,104.29000091552734,103.23999786376953,103.23999786376953,100.40140533447266,5174600,DIS
2018-03-16,103.55999755859375,104.2699966430664,102.83999633789062,102.87000274658203,100.04158782958984,10468000,DIS
2018-03-19,102.80000305175781,102.94999694824219,101.0,101.4800033569336,98.68980407714844,6528300,DIS
2018-03-20,101.54000091552734,102.1500015258789,100.75,101.3499984741211,98.5633773803711,8330300,DIS
2018-03-21,101.5,102.94000244140625,101.41999816894531,101.81999969482422,99.02045440673828,6136400,DIS
2018-03-22,101.29000091552734,101.63999938964844,100.41000366210938,100.5999984741211,97.83399963378906,8911600,DIS
2018-03-23,100.8499984741211,101.11000061035156,98.44999694824219,98.54000091552734,95.83064270019531,7505100,DIS
2018-03-26,99.86000061035156,100.77999877929688,99.08000183105469,100.6500015258789,97.88262176513672,7340100,DIS
2018-03-27,100.87999725341797,101.18000030517578,98.88999938964844,99.36000061035156,96.62808990478516,7193500,DIS
2018-03-28,99.5,100.08000183105469,98.1500015258789,98.54000091552734,95.83064270019531,9099700,DIS
2018-03-29,99.01000213623047,101.27999877929688,98.86000061035156,100.44000244140625,97.67839813232422,9343600,DIS
2018-04-02,100.18000030517578,100.98999786376953,97.77999877929688,98.66000366210938,95.94734191894531,8203700,DIS
2018-04-03,98.80000305175781,99.48999786376953,97.69999694824219,99.41999816894531,96.68643951416016,8484700,DIS
2018-04-04,98.43000030517578,101.1500015258789,97.76000213623047,100.94999694824219,98.17437744140625,8759200,DIS
2018-04-05,101.36000061035156,102.37999725341797,100.9800033569336,102.11000061035156,99.30248260498047,6612800,DIS
2018-04-06,101.62999725341797,102.19000244140625,99.44999694824219,100.3499984741211,97.59087371826172,7162400,DIS
2018-04-09,100.69999694824219,101.51000213623047,99.58000183105469,99.69999694824219,96.95874786376953,7094300,DIS
2018-04-10,100.91999816894531,101.52999877929688,100.31999969482422,101.37000274658203,98.58283233642578,8116800,DIS
2018-04-11,100.77999877929688,101.6500015258789,100.41000366210938,100.80000305175781,98.02850341796875,6305000,DIS
2018-04-12,101.41999816894531,101.51000213623047,99.68000030517578,100.38999938964844,97.62976837158203,7337800,DIS
2018-04-13,101.0,101.5199966430664,100.16000366210938,100.3499984741211,97.59087371826172,6324600,DIS
2018-04-16,100.69000244140625,101.0,99.7300033569336,100.23999786376953,97.48389434814453,10328000,DIS
2018-04-17,101.19999694824219,102.58999633789062,100.75,102.16999816894531,99.36082458496094,9577400,DIS
2018-04-18,102.66999816894531,102.70999908447266,101.19999694824219,101.20999908447266,98.4272232055664,5822100,DIS
2018-04-19,101.0,101.58000183105469,100.22000122070312,100.88999938964844,98.11602020263672,6803400,DIS
2018-04-20,101.18000030517578,101.4000015258789,99.91000366210938,100.23999786376953,97.48389434814453,6396900,DIS
2018-04-23,100.55000305175781,100.72000122070312,99.52999877929688,100.1500015258789,97.39636993408203,5889800,DIS
2018-04-24,100.58000183105469,100.8499984741211,98.86000061035156,99.45999908447266,96.725341796875,6567700,DIS
2018-04-25,99.5,101.48999786376953,99.05000305175781,101.1500015258789,98.3688735961914,8977700,DIS
2018-04-26,101.2300033569336,101.37999725341797,99.73999786376953,99.83999633789062,97.09489440917969,8038400,DIS
2018-04-27,99.77999877929688,99.98999786376953,98.94000244140625,99.2300033569336,96.50166320800781,8038000,DIS
2018-04-30,100.41000366210938,101.37000274658203,100.12000274658203,100.33000183105469,97.57142639160156,8558900,DIS
2018-05-01,100.18000030517578,100.69999694824219,98.93000030517578,100.05999755859375,97.30884552001953,6716200,DIS
2018-05-02,100.16999816894531,100.72000122070312,99.25,99.62000274658203,96.88094329833984,9286400,DIS
2018-05-03,99.11000061035156,99.25,97.68000030517578,98.76000213623047,96.04459381103516,10450800,DIS
2018-05-04,98.70999908447266,101.3499984741211,98.58000183105469,101.1500015258789,98.3688735961914,9980100,DIS
2018-05-07,102.3499984741211,102.68000030517578,101.72000122070312,102.4800033569336,99.66230773925781,10181100,DIS
2018-05-08,101.19999694824219,102.63999938964844,100.83999633789062,101.79000091552734,98.99127960205078,14229500,DIS
2018-05-09,102.25,102.2699966430664,99.30000305175781,99.97000122070312,97.22132110595703,18345700,DIS
2018-05-10,100.41999816894531,102.06999969482422,100.30000305175781,101.68000030517578,98.88430786132812,8927300,DIS
2018-05-11,101.88999938964844,102.20999908447266,101.26000213623047,102.06999969482422,99.26358032226562,7036000,DIS
2018-05-14,102.44000244140625,103.48999786376953,101.9800033569336,102.44000244140625,99.6234130859375,9891900,DIS
2018-05-15,102.44000244140625,103.31999969482422,102.0999984741211,102.91999816894531,100.09020233154297,5762400,DIS
2018-05-16,103.25,105.04000091552734,103.1500015258789,105.04000091552734,102.15192413330078,8111600,DIS
2018-05-17,105.2300033569336,105.4800033569336,104.08999633789062,104.33999633789062,101.4711685180664,7320600,DIS
2018-05-18,104.33999633789062,104.79000091552734,103.55999755859375,103.93000030517578,101.07244110107422,5427300,DIS
2018-05-21,104.22000122070312,104.68000030517578,103.61000061035156,104.05999755859375,101.19886016845703,5848700,DIS
2018-05-22,104.4000015258789,105.48999786376953,103.98999786376953,104.06999969482422,101.20858764648438,6971600,DIS
2018-05-23,103.19999694824219,103.33999633789062,102.06999969482422,102.88999938964844,100.06104278564453,8046600,DIS
2018-05-24,102.80999755859375,102.86000061035156,101.20999908447266,102.11000061035156,99.30248260498047,7474100,DIS
2018-05-25,102.25,103.0,101.97000122070312,102.19999694824219,99.38999938964844,6982700,DIS
2018-05-29,100.55000305175781,101.6500015258789,99.37999725341797,99.69000244140625,96.94902038574219,11270400,DIS
2018-05-30,100.5,100.55000305175781,99.41999816894531,99.9800033569336,97.23104858398438,7216400,DIS
2018-05-31,99.76000213623047,100.13999938964844,98.80999755859375,99.47000122070312,96.73506927490234,9620000,DIS
2018-06-01,99.69000244140625,100.05000305175781,99.19999694824219,99.36000061035156,96.62808990478516,6847700,DIS
2018-06-04,99.76000213623047,100.5,99.69999694824219,100.23999786376953,97.48389434814453,6598000,DIS
2018-06-05,100.36000061035156,100.51000213623047,99.77999877929688,99.94000244140625,97.19214630126953,5974400,DIS
2018-06-06,100.05999755859375,101.94000244140625,99.76000213623047,101.91000366210938,99.10797882080078,7833000,DIS
2018-06-07,101.91000366210938,102.95999908447266,101.80999755859375,102.47000122070312,99.65258026123047,7559200,DIS
2018-06-08,102.08999633789062,103.98999786376953,101.83000183105469,103.9800033569336,101.1210708618164,7090300,DIS
2018-06-11,103.93000030517578,104.79000091552734,103.75,104.3499984741211,101.48089599609375,8175000,DIS
2018-06-12,104.7300033569336,105.22000122070312,103.95999908447266,104.33000183105469,101.4614486694336,9215300,DIS
2018-06-13,103.19999694824219,107.87999725341797,102.66999816894531,106.30999755859375,103.38700103759766,22009400,DIS
2018-06-14,106.44999694824219,109.48999786376953,106.44999694824219,108.75,105.75991821289062,18068700,DIS
2018-06-15,108.16999816894531,109.41999816894531,107.8499984741211,108.8499984741211,105.85717010498047,16169200,DIS
2018-06-18,107.0,107.4800033569336,106.5,107.05999755859375,104.11637878417969,9288600,DIS
2018-06-19,105.87000274658203,106.98999786376953,105.76000213623047,106.0999984741211,103.18277740478516,8869500,DIS
2018-06-20,107.0,107.9000015258789,105.80999755859375,107.1500015258789,104.20390319824219,18625900,DIS
2018-06-21,107.01000213623047,107.25,105.79000091552734,105.88999938964844,102.97854614257812,7707800,DIS
2018-06-22,106.06999969482422,106.80000305175781,105.80999755859375,106.33999633789062,103.41616821289062,8959100,DIS
2018-06-25,106.0,106.08000183105469,103.73999786376953,104.44999694824219,101.57814025878906,7995800,DIS
2018-06-26,104.45999908447266,104.70999908447266,103.91000366210938,104.26000213623047,101.39336395263672,6550000,DIS
2018-06-27,104.5,105.87999725341797,103.4800033569336,103.95999908447266,101.10161590576172,8803300,DIS
2018-06-28,103.91000366210938,105.12000274658203,103.68000030517578,104.7699966430664,101.88935089111328,6303600,DIS
2018-06-29,104.93000030517578,105.68000030517578,104.6500015258789,104.80999755859375,101.9282455444336,6774000,DIS
2018-07-02,104.1500015258789,105.37000274658203,103.9000015258789,105.33000183105469,102.43394470214844,5488900,DIS
2018-07-03,105.87999725341797,105.94999694824219,103.5,104.04000091552734,101.1794204711914,2406300,DIS
2018-07-05,104.69999694824219,105.5999984741211,104.43000030517578,105.33999633789062,102.44367218017578,6202800,DIS
2018-07-06,104.5,105.04000091552734,104.04000091552734,104.77999877929688,102.71817016601562,4134500,DIS
2018-07-09,105.01000213623047,106.06999969482422,104.75,106.0199966430664,103.93376159667969,4725200,DIS
2018-07-10,106.25,106.56999969482422,104.83000183105469,106.02999877929688,103.94356536865234,4213600,DIS
2018-07-11,105.31999969482422,109.33999633789062,105.31999969482422,108.04000091552734,105.91401672363281,11753800,DIS
2018-07-12,108.05000305175781,109.19999694824219,107.81999969482422,108.25,106.11988830566406,5931400,DIS
2018-07-13,108.0,110.23999786376953,107.66000366210938,110.0,107.83544921875,8188800,DIS
2018-07-16,109.81999969482422,110.44999694824219,108.7699966430664,110.19999694824219,108.03150177001953,8245900,DIS
2018-07-17,110.26000213623047,112.62000274658203,110.08999633789062,110.30000305175781,108.12954711914062,9075900,DIS
2018-07-18,110.30999755859375,111.05999755859375,109.6500015258789,110.69000244140625,108.51187133789062,6414100,DIS
2018-07-19,111.54000091552734,114.68000030517578,111.30000305175781,112.12999725341797,109.92353820800781,17796800,DIS
2018-07-20,112.1500015258789,112.19999694824219,110.83000183105469,111.4800033569336,109.28633117675781,11787900,DIS
2018-07-23,111.05000305175781,111.20999908447266,110.33999633789062,111.08999633789062,108.90399169921875,5447800,DIS
2018-07-24,111.83999633789062,111.88999938964844,110.54000091552734,110.69999694824219,108.52166748046875,5648800,DIS
2018-07-25,110.63999938964844,111.41999816894531,109.62999725341797,111.18000030517578,108.99222564697266,6756800,DIS
2018-07-26,112.1500015258789,114.55999755859375,111.68000030517578,113.51000213623047,111.27637481689453,9466400,DIS
2018-07-27,114.0,114.05000305175781,111.91999816894531,112.62000274658203,110.40389251708984,5717000,DIS
2018-07-30,112.19999694824219,113.33999633789062,112.05000305175781,112.62999725341797,110.4136962890625,5199300,DIS
2018-07-31,112.55000305175781,114.05000305175781,112.36000061035156,113.55999755859375,111.32539367675781,8421200,DIS
2018-08-01,113.68000030517578,113.83000183105469,112.58999633789062,112.97000122070312,110.74700927734375,6466600,DIS
2018-08-02,112.5,113.31999969482422,111.68000030517578,112.75,110.53132629394531,4027300,DIS
2018-08-03,113.19999694824219,114.0999984741211,112.4000015258789,114.08999633789062,111.84496307373047,4747500,DIS
2018-08-06,114.66000366210938,116.83999633789062,114.16000366210938,115.94000244140625,113.65856170654297,12715600,DIS
2018-08-07,116.56999969482422,117.9000015258789,116.23999786376953,116.55999755859375,114.266357421875,15466900,DIS
2018-08-08,115.9000015258789,116.41000366210938,113.9000015258789,113.9800033569336,111.73712921142578,11722900,DIS
2018-08-09,114.05000305175781,114.80000305175781,112.80999755859375,114.16000366210938,111.9135971069336,7042000,DIS
2018-08-10,113.58000183105469,113.80000305175781,112.4000015258789,112.68000030517578,110.46271514892578,5740200,DIS
2018-08-13,112.66000366210938,112.83999633789062,111.72000122070312,112.12000274658203,109.91373443603516,6080900,DIS
2018-08-14,112.37999725341797,113.19000244140625,111.94999694824219,112.75,110.53132629394531,4326400,DIS
2018-08-15,112.18000030517578,113.12000274658203,111.47000122070312,112.8499984741211,110.62936401367188,5183200,DIS
2018-08-16,113.30000305175781,113.33000183105469,112.4000015258789,112.4800033569336,110.26664733886719,5082500,DIS
2018-08-17,112.51000213623047,112.86000061035156,111.88999938964844,112.4800033569336,110.26664733886719,4764500,DIS
2018-08-20,112.93000030517578,113.0,111.91000366210938,111.98999786376953,109.7862777709961,5167600,DIS
2018-08-21,112.25,113.0,112.0,112.38999938964844,110.17841339111328,4770400,DIS
2018-08-22,112.44000244140625,112.75,111.94000244140625,111.94000244140625,109.73727416992188,3213000,DIS
2018-08-23,111.94000244140625,112.13999938964844,111.52999877929688,112.0,109.79608917236328,4257400,DIS
2018-08-24,111.62999725341797,112.69999694824219,111.44000244140625,111.93000030517578,109.72747802734375,5049000,DIS
2018-08-27,112.48999786376953,112.88999938964844,112.06999969482422,112.33000183105469,110.11959838867188,4767700,DIS
2018-08-28,112.56999969482422,112.79000091552734,112.19999694824219,112.58000183105469,110.36467742919922,3131600,DIS
2018-08-29,112.58000183105469,112.72000122070312,112.0199966430664,112.44999694824219,110.23722839355469,4001500,DIS
2018-08-30,112.06999969482422,112.41999816894531,111.58999633789062,111.91999816894531,109.71766662597656,3481600,DIS
2018-08-31,111.9000015258789,112.27999877929688,111.55999755859375,112.0199966430664,109.81568908691406,4642800,DIS
2018-09-04,111.80000305175781,112.0,110.6500015258789,110.8499984741211,108.66871643066406,6391200,DIS
2018-09-05,110.58000183105469,110.81999969482422,109.69999694824219,109.87000274658203,107.7080078125,6388300,DIS
2018-09-06,110.0,110.41000366210938,109.36000061035156,110.26000213623047,108.09033203125,5267200,DIS
2018-09-07,110.08000183105469,111.3499984741211,110.01000213623047,110.97000122070312,108.78636169433594,4754800,DIS
2018-09-10,111.44000244140625,111.91000366210938,110.37000274658203,110.68000030517578,108.50206756591797,4636500,DIS
2018-09-11,110.5,110.61000061035156,109.51000213623047,109.5999984741211,107.44331359863281,5488600,DIS
2018-09-12,109.25,110.25,109.18000030517578,109.45999908447266,107.30606842041016,5236700,DIS
2018-09-13,109.55000305175781,110.72000122070312,109.37000274658203,110.66999816894531,108.49226379394531,5119400,DIS
2018-09-14,110.91999816894531,111.25,108.87999725341797,109.26000213623047,107.11001586914062,6012400,DIS
2018-09-17,109.58000183105469,109.87999725341797,108.61000061035156,109.36000061035156,107.20803833007812,5592900,DIS
2018-09-18,108.88999938964844,109.75,108.2300033569336,109.52999877929688,107.37469482421875,4937800,DIS
2018-09-19,109.62999725341797,110.18000030517578,109.4800033569336,109.79000091552734,107.62957763671875,5964600,DIS
2018-09-20,110.58000183105469,111.94999694824219,109.94000244140625,111.62000274658203,109.42356872558594,7121800,DIS
2018-09-21,111.94999694824219,111.9800033569336,110.4000015258789,110.4000015258789,108.22757720947266,25753600,DIS
2018-09-24,112.2699966430664,113.13999938964844,111.69999694824219,112.7699966430664,110.55093383789062,9232300,DIS
2018-09-25,113.30999755859375,114.70999908447266,112.6500015258789,113.62999725341797,111.39401245117188,12169400,DIS
2018-09-26,114.01000213623047,116.31999969482422,114.01000213623047,115.20999908447266,112.94292449951172,11141500,DIS
2018-09-27,115.19000244140625,116.5999984741211,115.0999984741211,116.04000091552734,113.75659942626953,5195300,DIS
2018-09-28,115.6500015258789,117.45999908447266,115.3499984741211,116.94000244140625,114.63888549804688,7366800,DIS
2018-10-01,117.27999877929688,117.4000015258789,115.68000030517578,116.23999786376953,113.9526596069336,8643900,DIS
2018-10-02,115.55000305175781,117.69999694824219,115.30000305175781,117.66000366210938,115.34471130371094,6441700,DIS
2018-10-03,117.94999694824219,118.0999984741211,116.73999786376953,116.91000366210938,114.6094741821289,6111700,DIS
2018-10-04,117.0,117.16999816894531,115.12000274658203,116.12999725341797,113.84481811523438,6442800,DIS
2018-10-05,116.0,116.58000183105469,114.7300033569336,114.77999877929688,112.52139282226562,5835700,DIS
2018-10-08,114.83000183105469,116.16000366210938,114.12000274658203,116.0199966430664,113.73698425292969,5652300,DIS
2018-10-09,116.62000274658203,117.7699966430664,116.04000091552734,116.88999938964844,114.5898666381836,6761400,DIS
2018-10-10,116.83999633789062,117.2300033569336,112.7300033569336,112.86000061035156,110.63917541503906,9006500,DIS
2018-10-11,112.5,113.25,110.31999969482422,111.1500015258789,108.96282196044922,10045400,DIS
2018-10-12,111.97000122070312,113.2699966430664,111.2300033569336,112.61000061035156,110.39408874511719,5963900,DIS
2018-10-15,111.93000030517578,114.62000274658203,111.88999938964844,113.44000244140625,111.20775604248047,6628800,DIS
2018-10-16,114.33999633789062,116.37000274658203,113.83999633789062,116.19000244140625,113.90364074707031,7619000,DIS
2018-10-17,116.0999984741211,117.22000122070312,115.43000030517578,117.12999725341797,114.82514190673828,7120600,DIS
2018-10-18,116.75,117.12999725341797,115.58000183105469,116.18000030517578,113.89383697509766,6056300,DIS
2018-10-19,117.41999816894531,119.16999816894531,117.22000122070312,118.9000015258789,116.56031799316406,10431000,DIS
2018-10-22,119.05000305175781,119.69000244140625,117.72000122070312,118.2699966430664,115.94271087646484,8406400,DIS
2018-10-23,116.94999694824219,118.48999786376953,115.41000366210938,117.8499984741211,115.53097534179688,8607400,DIS
2018-10-24,117.05999755859375,117.05999755859375,111.25,111.61000061035156,109.41376495361328,11630500,DIS
2018-10-25,112.62000274658203,114.69000244140625,112.12000274658203,114.16000366210938,111.9135971069336,7406900,DIS
2018-10-26,112.83999633789062,114.13999938964844,112.0999984741211,113.19000244140625,110.96267700195312,7984700,DIS
2018-10-29,114.44999694824219,114.94000244140625,111.95999908447266,113.04000091552734,110.81562805175781,9234100,DIS
2018-10-30,113.38999938964844,114.88999938964844,112.41000366210938,114.76000213623047,112.50178527832031,7365400,DIS
2018-10-31,116.2300033569336,116.5199966430664,114.68000030517578,114.83000183105469,112.57040405273438,9196700,DIS
2018-11-01,115.19999694824219,116.27999877929688,114.9000015258789,116.0999984741211,113.8154067993164,6779900,DIS
2018-11-02,116.83000183105469,116.94999694824219,114.37000274658203,115.18000030517578,112.91352081298828,6377900,DIS
2018-11-05,115.73999786376953,116.22000122070312,115.12000274658203,115.44999694824219,113.1781997680664,7920800,DIS
2018-11-06,115.73999786376953,116.83999633789062,115.44999694824219,116.70999908447266,114.41341400146484,5036600,DIS
2018-11-07,116.56999969482422,117.29000091552734,115.16000366210938,117.05000305175781,114.74671936035156,8249800,DIS
2018-11-08,117.44999694824219,117.83000183105469,115.20999908447266,116.0,113.7173843383789,11074800,DIS
2018-11-09,118.19999694824219,120.19999694824219,117.18000030517578,118.0,115.67802429199219,16878200,DIS
2018-11-12,118.0,118.45999908447266,116.5999984741211,116.69999694824219,114.40360260009766,9170600,DIS
2018-11-13,117.11000061035156,117.77999877929688,116.18000030517578,116.8499984741211,114.55065155029297,4650600,DIS
2018-11-14,117.44000244140625,118.22000122070312,116.44000244140625,117.12000274658203,114.81534576416016,7109100,DIS
2018-11-15,116.48999786376953,117.43000030517578,115.69999694824219,117.11000061035156,114.8055419921875,7088700,DIS
2018-11-16,116.52999877929688,117.33999633789062,115.98999786376953,116.19000244140625,113.90364074707031,7141900,DIS
2018-11-19,116.0,117.83000183105469,114.79000091552734,115.41999816894531,113.14878845214844,9714600,DIS
2018-11-20,113.5199966430664,114.58999633789062,111.5199966430664,111.87000274658203,109.66865539550781,11194600,DIS
2018-11-21,112.5,113.98999786376953,112.30000305175781,113.02999877929688,110.80582427978516,7242500,DIS
2018-11-23,112.23999786376953,112.79000091552734,111.73999786376953,112.08000183105469,109.87451934814453,3242300,DIS
2018-11-26,113.18000030517578,113.18000030517578,111.91999816894531,112.55000305175781,110.33527374267578,7002400,DIS
2018-11-27,113.61000061035156,114.0999984741211,112.41000366210938,113.9000015258789,111.65870666503906,7357500,DIS
2018-11-28,114.31999969482422,116.30000305175781,114.05000305175781,116.0999984741211,113.8154067993164,9039800,DIS
2018-11-29,115.75,117.13999938964844,115.20999908447266,116.61000061035156,114.31537628173828,10834700,DIS
2018-11-30,116.83999633789062,117.06999969482422,115.05999755859375,115.48999786376953,113.21741485595703,16857800,DIS
2018-12-03,116.6500015258789,116.91999816894531,114.91000366210938,115.73999786376953,113.46248626708984,9273300,DIS
2018-12-04,115.62000274658203,116.29000091552734,112.66000366210938,112.87000274658203,110.64897918701172,10806700,DIS
2018-12-06,112.05999755859375,114.33999633789062,111.16000366210938,114.33000183105469,112.08024597167969,10546200,DIS
2018-12-07,113.86000061035156,113.98999786376953,111.61000061035156,111.9800033569336,110.62799835205078,8305500,DIS
2018-12-10,111.98999786376953,112.29000091552734,109.52999877929688,111.86000061035156,110.50943756103516,7337500,DIS
2018-12-11,112.97000122070312,113.72000122070312,111.43000030517578,111.97000122070312,110.61811828613281,6861800,DIS
2018-12-12,113.0,113.9800033569336,112.1500015258789,112.20999908447266,110.85521697998047,7723900,DIS
2018-12-13,112.87000274658203,113.5999984741211,112.33999633789062,113.38999938964844,112.02096557617188,6661500,DIS
2018-12-14,112.37000274658203,113.91999816894531,112.05000305175781,112.19999694824219,110.8453369140625,7601900,DIS
2018-12-17,112.29000091552734,112.88999938964844,110.02999877929688,110.62000274658203,109.28441619873047,7731800,DIS
2018-12-18,110.87000274658203,111.08000183105469,108.9000015258789,109.44999694824219,108.12853240966797,6682300,DIS
2018-12-19,110.0,112.12999725341797,108.94999694824219,109.22000122070312,107.90132141113281,9416900,DIS
2018-12-20,108.75,109.20999908447266,106.12999725341797,107.0,105.70812225341797,9387300,DIS
2018-12-21,106.47000122070312,108.75,103.86000061035156,104.22000122070312,102.9616928100586,15530600,DIS
2018-12-24,103.2300033569336,103.9000015258789,100.3499984741211,100.3499984741211,99.13841247558594,7133000,DIS
2018-12-26,100.48999786376953,105.8499984741211,100.37999725341797,105.83000183105469,104.55225372314453,9422800,DIS
2018-12-27,104.41000366210938,106.55000305175781,102.80000305175781,106.5199966430664,105.2339096069336,8201400,DIS
2018-12-28,107.27999877929688,108.5199966430664,106.19000244140625,107.30000305175781,106.00450134277344,7620500,DIS
2018-12-31,109.11000061035156,109.66999816894531,107.55000305175781,109.6500015258789,108.32612609863281,7241700,DIS
2019-01-02,108.0999984741211,109.13999938964844,107.7300033569336,108.97000122070312,107.65434265136719,9723500,DIS
2019-01-03,108.4800033569336,108.6500015258789,105.94000244140625,106.33000183105469,105.04621124267578,10594700,DIS
2019-01-04,107.94000244140625,110.75,107.25,109.61000061035156,108.28660583496094,10122800,DIS
2019-01-07,109.91000366210938,111.4000015258789,109.30000305175781,110.55999755859375,109.22513580322266,6714700,DIS
2019-01-08,111.80000305175781,112.55999755859375,111.16999816894531,111.41999816894531,110.07475280761719,8730700,DIS
2019-01-09,111.80000305175781,112.80000305175781,111.55999755859375,112.66999816894531,111.30966186523438,5931900,DIS
2019-01-10,111.98999786376953,112.91000366210938,111.5,112.80000305175781,111.43809509277344,6160100,DIS
2019-01-11,112.18000030517578,112.91999816894531,111.7300033569336,112.6500015258789,111.28990936279297,4819100,DIS
2019-01-14,111.6500015258789,112.69999694824219,111.43000030517578,112.41999816894531,111.06268310546875,6980600,DIS
2019-01-15,112.30000305175781,113.18000030517578,110.61000061035156,111.76000213623047,110.41065216064453,9800900,DIS
2019-01-16,111.44999694824219,112.01000213623047,110.80999755859375,110.91000366210938,109.57091522216797,5899900,DIS
2019-01-17,110.72000122070312,111.26000213623047,110.16000366210938,111.01000213623047,109.66970825195312,6392000,DIS
2019-01-18,111.86000061035156,111.93000030517578,110.83000183105469,111.04000091552734,109.69934844970703,8554700,DIS
2019-01-22,110.62000274658203,111.33000183105469,109.75,110.5999984741211,109.26465606689453,6986700,DIS
2019-01-23,111.19000244140625,111.83999633789062,110.0,111.12000274658203,109.77838134765625,6845600,DIS
2019-01-24,111.0,111.11000061035156,109.93000030517578,110.55000305175781,109.21526336669922,6716800,DIS
2019-01-25,111.47000122070312,111.5,110.66000366210938,111.08999633789062,109.74873352050781,5706900,DIS
2019-01-28,110.76000213623047,110.98999786376953,109.94999694824219,110.80999755859375,109.47211456298828,6178800,DIS
2019-01-29,110.6500015258789,110.93000030517578,110.0,110.9000015258789,109.56103515625,5253700,DIS
2019-01-30,110.30000305175781,110.58000183105469,108.95999908447266,110.12999725341797,108.80033111572266,7853800,DIS
2019-01-31,110.0999984741211,111.54000091552734,110.01000213623047,111.5199966430664,110.17354583740234,8351600,DIS
2019-02-01,111.97000122070312,112.05000305175781,110.93000030517578,111.30000305175781,109.95620727539062,6557700,DIS
2019-02-04,111.41000366210938,111.9800033569336,110.68000030517578,111.80000305175781,110.4501724243164,7037000,DIS
2019-02-05,112.0199966430664,112.73999786376953,111.44999694824219,112.66000366210938,111.29978942871094,13619800,DIS
2019-02-06,113.8499984741211,113.91999816894531,111.06999969482422,111.41000366210938,110.06488037109375,14229000,DIS
2019-02-07,111.05000305175781,111.11000061035156,109.80999755859375,110.94999694824219,109.61042022705078,8658100,DIS
2019-02-08,110.45999908447266,111.54000091552734,110.05999755859375,111.51000213623047,110.1636734008789,6395500,DIS
2019-02-11,111.7699966430664,111.80999755859375,109.25,109.44000244140625,108.11866760253906,11086400,DIS
2019-02-12,110.20999908447266,110.83000183105469,109.1500015258789,109.19999694824219,107.88155364990234,7610200,DIS
2019-02-13,109.23999786376953,110.4800033569336,109.2300033569336,110.19999694824219,108.86947631835938,6919700,DIS
2019-02-14,109.8499984741211,111.5,109.54000091552734,110.66000366210938,109.32392883300781,6324300,DIS
2019-02-15,111.4000015258789,112.62999725341797,111.02999877929688,112.58999633789062,111.23062133789062,8197300,DIS
2019-02-19,112.91000366210938,113.7699966430664,112.83000183105469,113.51000213623047,112.13951873779297,8169600,DIS
2019-02-20,113.5999984741211,114.08999633789062,113.29000091552734,113.68000030517578,112.30746459960938,7081500,DIS
2019-02-21,113.4000015258789,114.54000091552734,112.87000274658203,114.29000091552734,112.91010284423828,9480100,DIS
2019-02-22,114.62999725341797,115.7699966430664,113.94999694824219,115.25,113.85851287841797,8734700,DIS
2019-02-25,115.62000274658203,115.80000305175781,113.45999908447266,113.58999633789062,112.21855163574219,9327700,DIS
2019-02-26,113.6500015258789,114.01000213623047,112.8499984741211,113.5,112.129638671875,8956000,DIS
2019-02-27,113.0999984741211,113.51000213623047,112.45999908447266,112.77999877929688,111.4183349609375,7249500,DIS
2019-02-28,112.9000015258789,113.43000030517578,112.75,112.83999633789062,111.47760772705078,6716700,DIS
2019-03-01,113.44999694824219,114.44000244140625,113.44999694824219,114.01000213623047,112.63348388671875,6996900,DIS
2019-03-04,114.41999816894531,114.41999816894531,113.08999633789062,114.33000183105469,112.94962310791016,6015000,DIS
2019-03-05,114.2300033569336,114.54000091552734,113.76000213623047,114.0,112.62360382080078,5225100,DIS
2019-03-06,114.0,115.05000305175781,114.0,114.8499984741211,113.46334075927734,7352800,DIS
2019-03-07,114.8499984741211,114.9000015258789,113.47000122070312,114.01000213623047,112.63348388671875,6324000,DIS
2019-03-08,113.45999908447266,113.83999633789062,112.9000015258789,113.80999755859375,112.43589782714844,6549100,DIS
2019-03-11,114.04000091552734,115.0,114.02999877929688,114.75,113.36454772949219,6952700,DIS
2019-03-12,114.72000122070312,115.30000305175781,114.04000091552734,114.7300033569336,113.34479522705078,9920300,DIS
2019-03-13,114.83999633789062,114.8499984741211,113.72000122070312,114.08999633789062,112.71250915527344,17994500,DIS
2019-03-14,114.12000274658203,114.7699966430664,113.93000030517578,114.4800033569336,113.09781646728516,17409600,DIS
2019-03-15,114.5,115.4800033569336,113.68000030517578,114.95999908447266,113.57201385498047,14932700,DIS
2019-03-18,113.02999877929688,114.0,112.45999908447266,113.12000274658203,111.75423431396484,21769800,DIS
2019-03-19,112.94999694824219,113.70999908447266,109.80000305175781,110.0,108.6718978881836,45384400,DIS
2019-03-20,110.30999755859375,110.87999725341797,108.05000305175781,109.98999786376953,108.66201782226562,35588700,DIS
2019-03-21,110.0999984741211,110.1500015258789,108.37000274658203,108.66000366210938,107.34808349609375,27438900,DIS
2019-03-22,108.33000183105469,109.0,107.51000213623047,108.2300033569336,106.92327880859375,24133800,DIS
2019-03-25,108.48999786376953,109.06999969482422,107.31999969482422,107.79000091552734,106.48858642578125,18187500,DIS
2019-03-26,108.4000015258789,110.33999633789062,108.2699966430664,110.13999938964844,108.81021118164062,16693100,DIS
2019-03-27,110.44999694824219,111.08999633789062,109.7300033569336,110.27999877929688,108.94851684570312,10794800,DIS
2019-03-28,110.5999984741211,111.2699966430664,110.23999786376953,110.70999908447266,109.37332916259766,11748900,DIS
2019-03-29,111.55999755859375,111.5999984741211,110.38999938964844,111.02999877929688,109.68946075439453,16358800,DIS
2019-04-01,111.58999633789062,112.87000274658203,111.37999725341797,112.51000213623047,111.15159606933594,10785100,DIS
2019-04-02,113.1500015258789,113.30999755859375,111.91999816894531,111.95999908447266,110.60823822021484,9231800,DIS
2019-04-03,112.69999694824219,113.11000061035156,112.20999908447266,112.5199966430664,111.16146850585938,10534900,DIS
2019-04-04,113.23999786376953,114.86000061035156,113.02999877929688,114.75,113.36454772949219,14378400,DIS
2019-04-05,114.97000122070312,115.12999725341797,114.30999755859375,115.0,113.61152648925781,10907900,DIS
2019-04-08,115.0,115.83000183105469,114.63999938964844,114.95999908447266,113.57201385498047,11054200,DIS
2019-04-09,115.61000061035156,117.16000366210938,115.27999877929688,116.86000061035156,115.4490737915039,17340300,DIS
2019-04-10,117.58000183105469,118.02999877929688,116.27999877929688,117.16000366210938,115.7454605102539,14091100,DIS
2019-04-11,117.7300033569336,117.86000061035156,116.31999969482422,116.5999984741211,115.19221496582031,12784500,DIS
2019-04-12,127.91000366210938,130.89999389648438,126.36000061035156,130.05999755859375,128.4897003173828,65253500,DIS
2019-04-15,131.0500030517578,132.6999969482422,129.7899932861328,132.0399932861328,130.44578552246094,32773700,DIS
2019-04-16,131.75,132.1300048828125,129.55999755859375,129.89999389648438,128.3316192626953,14564300,DIS
2019-04-17,129.80999755859375,132.36000061035156,129.27999877929688,131.75,130.1593017578125,14253700,DIS
2019-04-18,131.77000427246094,132.8699951171875,131.11000061035156,132.4499969482422,130.85084533691406,11890600,DIS
2019-04-22,131.89999389648438,132.1999969482422,131.02999877929688,131.67999267578125,130.0901336669922,10197500,DIS
2019-04-23,133.38999938964844,134.24000549316406,132.64999389648438,133.36000061035156,131.74986267089844,12159300,DIS
2019-04-24,133.11000061035156,135.75,132.72000122070312,135.10000610351562,133.46885681152344,11449500,DIS
2019-04-25,135.36000061035156,138.8800048828125,134.83999633789062,137.24000549316406,135.5830078125,16382500,DIS
2019-04-26,138.6999969482422,140.0399932861328,137.50999450683594,139.9199981689453,138.2306671142578,14167600,DIS
2019-04-29,142.19000244140625,142.3699951171875,137.61000061035156,139.3000030517578,137.61814880371094,25746100,DIS
2019-04-30,139.1199951171875,139.38999938964844,136.02999877929688,136.97000122070312,135.31626892089844,15253100,DIS
2019-05-01,137.49000549316406,138.1699981689453,136.24000549316406,136.3800048828125,134.7333984375,8906700,DIS
2019-05-02,135.3800048828125,135.69000244140625,132.3800048828125,134.13999938964844,132.52044677734375,16580400,DIS
2019-05-03,135.22000122070312,135.30999755859375,133.77999877929688,134.3300018310547,132.70814514160156,8874400,DIS
2019-05-06,132.5399932861328,135.3300018310547,132.3000030517578,135.0,133.37005615234375,9955600,DIS
2019-05-07,135.35000610351562,135.97000122070312,132.75999450683594,133.44000244140625,131.82888793945312,10972700,DIS
2019-05-08,133.5,135.6999969482422,133.30999755859375,134.99000549316406,133.3601837158203,15423500,DIS
2019-05-09,135.02999877929688,136.47999572753906,132.83999633789062,133.58999633789062,131.97708129882812,15297100,DIS
2019-05-10,133.00999450683594,134.32000732421875,131.22999572753906,134.0399932861328,132.42164611816406,9858500,DIS
2019-05-13,131.5,132.66000366210938,130.5500030517578,131.33999633789062,129.75424194335938,11389900,DIS
2019-05-14,133.52000427246094,134.66000366210938,132.0500030517578,133.1999969482422,131.59178161621094,12001700,DIS
2019-05-15,132.5500030517578,135.2100067138672,132.0399932861328,134.67999267578125,133.0539093017578,9734100,DIS
2019-05-16,135.2899932861328,136.39999389648438,134.80999755859375,135.5,133.864013671875,9689400,DIS
2019-05-17,134.25999450683594,135.97999572753906,134.02999877929688,135.0399932861328,133.40957641601562,8964200,DIS
2019-05-20,134.25,134.39999389648438,133.25,133.91000366210938,132.29322814941406,8009000,DIS
2019-05-21,134.57000732421875,134.57000732421875,133.11000061035156,134.08999633789062,132.47103881835938,7050300,DIS
2019-05-22,133.82000732421875,134.1699981689453,133.38999938964844,133.85000610351562,132.23394775390625,5093700,DIS
2019-05-23,132.7100067138672,133.5500030517578,131.9499969482422,132.72999572753906,131.12747192382812,6743300,DIS
2019-05-24,133.10000610351562,133.2899932861328,132.22000122070312,132.7899932861328,131.1867218017578,4570100,DIS
2019-05-28,133.2100067138672,134.0399932861328,132.58999633789062,132.6199951171875,131.01878356933594,8938400,DIS
2019-05-29,131.9600067138672,132.14999389648438,130.77999877929688,131.57000732421875,129.9814910888672,7749600,DIS
2019-05-30,131.8800048828125,132.67999267578125,131.33999633789062,132.1999969482422,130.60385131835938,5274000,DIS
2019-05-31,130.9600067138672,132.92999267578125,130.77999877929688,132.0399932861328,130.44578552246094,7420700,DIS
2019-06-03,132.02000427246094,132.9499969482422,131.49000549316406,132.47000122070312,130.87062072753906,7901400,DIS
2019-06-04,133.4499969482422,134.8800048828125,132.9199981689453,134.82000732421875,133.19224548339844,8247500,DIS
2019-06-05,135.41000366210938,136.0,134.94000244140625,135.94000244140625,134.29872131347656,6842800,DIS
2019-06-06,136.50999450683594,137.44000244140625,135.72999572753906,137.2100067138672,135.5533905029297,6027300,DIS
2019-06-07,137.60000610351562,138.75999450683594,137.3300018310547,138.0399932861328,136.37335205078125,7026300,DIS
2019-06-10,138.8800048828125,138.8800048828125,136.07000732421875,137.07000732421875,135.41506958007812,8479500,DIS
2019-06-11,137.58999633789062,137.75,134.94000244140625,135.0800018310547,133.4490966796875,6352200,DIS
2019-06-12,135.08999633789062,136.27999877929688,134.82000732421875,135.72000122070312,134.0813751220703,5537000,DIS
2019-06-13,137.9499969482422,141.85000610351562,137.61000061035156,141.74000549316406,140.0286865234375,17939500,DIS
2019-06-14,142.0500030517578,142.9499969482422,140.52999877929688,141.64999389648438,139.9397735595703,11125200,DIS
2019-06-17,140.80999755859375,141.47999572753906,139.11000061035156,140.97000122070312,139.26797485351562,8542700,DIS
2019-06-18,141.99000549316406,143.50999450683594,138.97000122070312,139.24000549316406,137.55886840820312,11231400,DIS
2019-06-19,139.50999450683594,141.07000732421875,138.5800018310547,140.9199981689453,139.2185821533203,6877100,DIS
2019-06-20,141.97999572753906,142.22999572753906,139.91000366210938,142.02000427246094,140.3052978515625,8485800,DIS
2019-06-21,141.9499969482422,142.0,140.0,140.22999572753906,138.53689575195312,14150000,DIS
2019-06-24,140.1199951171875,140.47000122070312,137.8000030517578,139.22000122070312,137.5391082763672,10497400,DIS
2019-06-25,139.02000427246094,140.41000366210938,138.6699981689453,139.94000244140625,138.2504119873047,14675400,DIS
2019-06-26,140.36000061035156,140.74000549316406,139.50999450683594,140.39999389648438,138.70484924316406,8842100,DIS
2019-06-27,141.0,141.74000549316406,138.9199981689453,139.3000030517578,137.61814880371094,6466300,DIS
2019-06-28,139.41000366210938,140.2100067138672,138.61000061035156,139.63999938964844,137.9540252685547,20078800,DIS
2019-07-01,140.4499969482422,141.9499969482422,139.22000122070312,141.64999389648438,139.9397735595703,8972400,DIS
2019-07-02,141.39999389648438,142.86000061035156,141.27000427246094,142.52999877929688,140.80914306640625,7554100,DIS
2019-07-03,142.6999969482422,143.0,142.0,142.97999572753906,141.2537078857422,4150900,DIS
2019-07-05,141.4199981689453,142.88999938964844,140.6999969482422,142.4499969482422,141.60162353515625,5596000,DIS
2019-07-08,142.17999267578125,142.22999572753906,140.97000122070312,141.02000427246094,140.18014526367188,4993900,DIS
2019-07-09,140.05999755859375,141.72000122070312,139.75,141.61000061035156,140.76663208007812,7396300,DIS
2019-07-10,142.39999389648438,144.25,142.00999450683594,143.5399932861328,142.6851348876953,9533700,DIS
2019-07-11,144.00999450683594,145.33999633789062,143.5399932861328,143.55999755859375,142.70501708984375,10471100,DIS
2019-07-12,144.14999389648438,145.42999267578125,144.0,144.8800048828125,144.0171661376953,8510000,DIS
2019-07-15,145.1300048828125,145.36000061035156,143.97000122070312,145.05999755859375,144.19607543945312,5289200,DIS
2019-07-16,144.75,144.99000549316406,143.80999755859375,144.3000030517578,143.44061279296875,5854700,DIS
2019-07-17,144.60000610351562,144.67999267578125,142.3699951171875,142.57000732421875,141.72091674804688,5296400,DIS
2019-07-18,142.4600067138672,142.4600067138672,140.1699981689453,141.6300048828125,140.78651428222656,8031700,DIS
2019-07-19,142.24000549316406,142.24000549316406,139.74000549316406,139.85000610351562,139.01712036132812,6109900,DIS
2019-07-22,141.25,141.44000244140625,140.00999450683594,140.83999633789062,140.00120544433594,7706400,DIS
2019-07-23,141.64999389648438,142.5399932861328,140.27000427246094,141.25999450683594,140.41871643066406,7514500,DIS
2019-07-24,141.39999389648438,141.58999633789062,140.39999389648438,141.2899932861328,140.4485321044922,5896600,DIS
2019-07-25,141.39999389648438,143.22999572753906,141.0399932861328,143.2100067138672,142.3571014404297,7294400,DIS
2019-07-26,143.74000549316406,145.19000244140625,143.0500030517578,144.64999389648438,143.78851318359375,8139400,DIS
2019-07-29,145.58999633789062,147.14999389648438,145.1699981689453,146.38999938964844,145.51815795898438,11674100,DIS
2019-07-30,145.75999450683594,146.8000030517578,144.61000061035156,144.92999267578125,144.0668487548828,6563100,DIS
2019-07-31,144.99000549316406,145.0,142.33999633789062,143.00999450683594,142.15829467773438,9710700,DIS
2019-08-01,143.33999633789062,144.52999877929688,141.25999450683594,141.85000610351562,141.0052032470703,8911700,DIS
2019-08-02,140.99000549316406,142.22000122070312,139.94000244140625,141.7100067138672,140.8660430908203,6539100,DIS
2019-08-05,139.13999938964844,140.22999572753906,137.02999877929688,138.3000030517578,137.47634887695312,10669700,DIS
2019-08-06,140.41000366210938,141.9499969482422,138.3699951171875,141.8699951171875,141.0250701904297,18818900,DIS
2019-08-07,134.92999267578125,135.8699951171875,132.25999450683594,134.86000061035156,134.0568389892578,29084500,DIS
2019-08-08,137.89999389648438,138.0,136.00999450683594,137.88999938964844,137.06878662109375,14054800,DIS
2019-08-09,137.10000610351562,139.24000549316406,136.75999450683594,138.52000427246094,137.69503784179688,8811900,DIS
2019-08-12,137.30999755859375,137.57000732421875,135.22999572753906,135.75,134.9415283203125,7918900,DIS
2019-08-13,135.0,137.9199981689453,135.0,137.00999450683594,136.1940155029297,8145400,DIS
2019-08-14,135.05999755859375,135.14999389648438,132.67999267578125,132.85000610351562,132.05880737304688,11797700,DIS
2019-08-15,133.5,134.27999877929688,132.47000122070312,133.41000366210938,132.61546325683594,7590100,DIS
2019-08-16,134.02000427246094,135.5,133.8300018310547,135.1999969482422,134.39480590820312,6353800,DIS
2019-08-19,136.7899932861328,137.6199951171875,134.27999877929688,135.2899932861328,134.48426818847656,11741800,DIS
2019-08-20,133.3300018310547,136.0399932861328,133.25999450683594,135.1300048828125,134.32522583007812,8628000,DIS
2019-08-21,134.61000061035156,136.05999755859375,134.0500030517578,135.75999450683594,134.9514617919922,6325000,DIS
2019-08-22,136.1999969482422,136.6699981689453,134.69000244140625,136.0800018310547,135.26956176757812,6967100,DIS
2019-08-23,135.50999450683594,136.44000244140625,131.02000427246094,131.6699981689453,130.88583374023438,10190900,DIS
2019-08-26,134.19000244140625,134.63999938964844,132.5500030517578,134.61000061035156,133.80831909179688,8093800,DIS
2019-08-27,135.77000427246094,135.99000549316406,134.19000244140625,134.49000549316406,133.6890411376953,6013600,DIS
2019-08-28,134.05999755859375,136.72999572753906,133.52000427246094,136.5500030517578,135.7367706298828,5950500,DIS
2019-08-29,138.1199951171875,138.67999267578125,137.4199981689453,137.83999633789062,137.01907348632812,6532700,DIS
2019-08-30,138.2899932861328,138.5,136.75999450683594,137.25999450683594,136.44253540039062,5622200,DIS
2019-09-03,136.3699951171875,136.4199981689453,135.05999755859375,136.30999755859375,135.49819946289062,5997400,DIS
2019-09-04,136.74000549316406,138.1999969482422,136.38999938964844,137.88999938964844,137.06878662109375,4285400,DIS
2019-09-05,138.9199981689453,139.27000427246094,138.32000732421875,138.83999633789062,138.01312255859375,5143500,DIS
2019-09-06,139.1300048828125,139.80999755859375,138.25,139.5500030517578,138.71890258789062,4090000,DIS
2019-09-09,139.5800018310547,140.0800018310547,138.47999572753906,138.8300018310547,138.00318908691406,5458700,DIS
2019-09-10,138.1199951171875,138.44000244140625,134.5800018310547,135.7899932861328,134.98129272460938,10974600,DIS
2019-09-11,135.55999755859375,136.24000549316406,134.92999267578125,136.19000244140625,135.37890625,7896400,DIS
2019-09-12,136.83999633789062,138.6699981689453,136.5399932861328,137.5,136.6811065673828,7333900,DIS
2019-09-13,137.85000610351562,138.22000122070312,137.11000061035156,138.02000427246094,137.19801330566406,5209100,DIS
2019-09-16,136.2899932861328,137.24000549316406,135.3000030517578,135.8000030517578,134.99124145507812,6329300,DIS
2019-09-17,135.8000030517578,136.72999572753906,135.6699981689453,136.30999755859375,135.49819946289062,4726500,DIS
2019-09-18,136.41000366210938,137.07000732421875,135.72000122070312,136.8000030517578,135.9852752685547,6857900,DIS
2019-09-19,137.0,137.36000061035156,133.0,133.3000030517578,132.50611877441406,12216100,DIS
2019-09-20,133.02999877929688,133.22999572753906,131.61000061035156,132.27000427246094,131.4822540283203,25231600,DIS
2019-09-23,131.99000549316406,132.88999938964844,131.88999938964844,132.4600067138672,131.67112731933594,6096100,DIS
2019-09-24,134.00999450683594,134.14999389648438,131.5,131.97000122070312,131.1840362548828,11904000,DIS
2019-09-25,131.7899932861328,133.4199981689453,131.22000122070312,133.08999633789062,132.29736328125,6523000,DIS
2019-09-26,133.13999938964844,133.3000030517578,129.05999755859375,131.27000427246094,130.48822021484375,11615100,DIS
2019-09-27,130.10000610351562,131.0,128.9199981689453,129.9600067138672,129.18601989746094,8401300,DIS
2019-09-30,130.35000610351562,130.86000061035156,129.82000732421875,130.32000732421875,129.5438690185547,5532500,DIS
2019-10-01,130.8000030517578,131.77999877929688,129.50999450683594,129.5500030517578,128.77845764160156,5978500,DIS
2019-10-02,128.50999450683594,129.22000122070312,127.56999969482422,129.13999938964844,128.3708953857422,8296100,DIS
2019-10-03,128.60000610351562,129.42999267578125,127.54000091552734,128.14999389648438,127.38678741455078,8498700,DIS
2019-10-04,128.69000244140625,130.44000244140625,128.61000061035156,130.27000427246094,129.49417114257812,6732900,DIS
2019-10-07,130.27000427246094,131.57000732421875,129.0399932861328,130.89999389648438,130.1204071044922,5784100,DIS
2019-10-08,129.89999389648438,130.0399932861328,128.3699951171875,128.47000122070312,127.70488739013672,6526000,DIS
2019-10-09,129.10000610351562,129.85000610351562,128.05999755859375,129.3300018310547,128.5597686767578,5004600,DIS
2019-10-10,129.22000122070312,130.13999938964844,128.8800048828125,129.33999633789062,128.5697021484375,4512000,DIS
2019-10-11,130.3000030517578,130.99000549316406,129.83999633789062,130.02000427246094,129.24566650390625,6559000,DIS
2019-10-14,130.1300048828125,130.3000030517578,129.47999572753906,129.6999969482422,128.92755126953125,3710300,DIS
2019-10-15,130.00999450683594,130.88999938964844,129.39999389648438,129.75999450683594,128.98719787597656,5914700,DIS
2019-10-16,129.75999450683594,131.8300018310547,129.6999969482422,130.86000061035156,130.08065795898438,7610800,DIS
2019-10-17,132.52999877929688,133.44000244140625,130.50999450683594,132.3699951171875,131.58164978027344,8005100,DIS
2019-10-18,132.3699951171875,133.16000366210938,130.88999938964844,130.88999938964844,130.1104736328125,8694000,DIS
2019-10-21,131.44000244140625,131.72999572753906,130.02000427246094,130.25999450683594,129.48422241210938,6257100,DIS
2019-10-22,133.14999389648438,133.67999267578125,132.10000610351562,132.39999389648438,131.61148071289062,9291600,DIS
2019-10-23,132.4499969482422,132.67999267578125,130.75999450683594,131.1300048828125,130.3490447998047,5970800,DIS
2019-10-24,131.52000427246094,131.6999969482422,129.6300048828125,130.25999450683594,129.48422241210938,5746300,DIS
2019-10-25,130.5,131.75999450683594,130.02999877929688,130.89999389648438,130.1204071044922,6696000,DIS
2019-10-28,131.4499969482422,132.0800018310547,130.13999938964844,130.52999877929688,129.75262451171875,8940300,DIS
2019-10-29,130.5,130.77000427246094,129.44000244140625,129.47999572753906,128.7088623046875,9305100,DIS
2019-10-30,129.69000244140625,130.30999755859375,129.14999389648438,129.60000610351562,128.8281707763672,10880000,DIS
2019-10-31,129.52999877929688,130.14999389648438,128.75,129.9199981689453,129.14625549316406,9628300,DIS
2019-11-01,130.99000549316406,132.8000030517578,130.50999450683594,132.75,131.9593963623047,8507600,DIS
2019-11-04,134.1199951171875,134.13999938964844,132.47000122070312,132.9199981689453,132.12838745117188,7631800,DIS
2019-11-05,132.77000427246094,132.77000427246094,130.88999938964844,131.4499969482422,130.66712951660156,7404500,DIS
2019-11-06,131.60000610351562,131.66000366210938,130.66000366210938,131.27000427246094,130.48822021484375,9132500,DIS
2019-11-07,132.35000610351562,133.6999969482422,131.75,132.9600067138672,132.16815185546875,18047600,DIS
2019-11-08,140.22000122070312,140.25,136.74000549316406,137.9600067138672,137.1383819580078,24175900,DIS
2019-11-11,137.5,138.55999755859375,136.2100067138672,136.74000549316406,135.92564392089844,10138400,DIS
2019-11-12,138.02999877929688,139.33999633789062,136.74000549316406,138.5800018310547,137.7546844482422,17284000,DIS
2019-11-13,138.5800018310547,149.9199981689453,136.83999633789062,148.72000122070312,147.83428955078125,45725400,DIS
2019-11-14,148.0,150.6300048828125,146.27999877929688,147.14999389648438,146.2736358642578,28393600,DIS
2019-11-15,147.13999938964844,147.1999969482422,144.2100067138672,144.6699981689453,143.80841064453125,13733400,DIS
2019-11-18,144.75,149.0399932861328,143.69000244140625,147.64999389648438,146.77066040039062,15353100,DIS
2019-11-19,148.17999267578125,149.47999572753906,146.8000030517578,148.3800048828125,147.49632263183594,11504300,DIS
2019-11-20,148.08999633789062,148.99000549316406,146.02999877929688,146.92999267578125,146.05494689941406,9448400,DIS
2019-11-21,147.16000366210938,147.47000122070312,146.25999450683594,146.89999389648438,146.02511596679688,6241400,DIS
2019-11-22,147.2100067138672,149.44000244140625,146.67999267578125,148.2899932861328,147.40684509277344,9639400,DIS
2019-11-25,148.8000030517578,150.2100067138672,147.6999969482422,149.69000244140625,148.7985076904297,11316800,DIS
2019-11-26,151.75,153.41000366210938,150.61000061035156,151.63999938964844,150.7368927001953,24949900,DIS
2019-11-27,152.3000030517578,152.57000732421875,151.14999389648438,151.47999572753906,150.57785034179688,6155400,DIS
2019-11-29,151.47999572753906,152.47000122070312,151.00999450683594,151.5800018310547,150.67726135253906,6284900,DIS
2019-12-02,152.94000244140625,152.97000122070312,149.10000610351562,150.6199951171875,149.72296142578125,10351000,DIS
2019-12-03,147.74000549316406,149.11000061035156,146.8699951171875,148.5800018310547,147.69512939453125,9273800,DIS
2019-12-04,149.3000030517578,149.3300018310547,148.17999267578125,148.27999877929688,147.39691162109375,7684800,DIS
2019-12-05,148.69000244140625,148.8300018310547,147.10000610351562,147.44000244140625,146.56190490722656,7363300,DIS
2019-12-06,148.39999389648438,148.61000061035156,147.17999267578125,147.66000366210938,146.78060913085938,7084900,DIS
2019-12-09,147.9600067138672,148.50999450683594,145.39999389648438,146.2100067138672,145.33924865722656,11515000,DIS
2019-12-10,145.25999450683594,146.85000610351562,145.0500030517578,146.10000610351562,145.22988891601562,7084100,DIS
2019-12-11,147.38999938964844,147.88999938964844,146.75999450683594,147.58999633789062,146.7110137939453,8253700,DIS
2019-12-12,147.9199981689453,148.92999267578125,147.25,147.75999450683594,146.8800048828125,7748300,DIS
2019-12-13,147.42999267578125,147.8000030517578,146.30999755859375,146.3800048828125,146.3800048828125,9350100,DIS
2019-12-16,147.58999633789062,148.64999389648438,146.5500030517578,148.4600067138672,148.4600067138672,9134400,DIS
2019-12-17,148.10000610351562,148.4600067138672,147.6199951171875,147.72999572753906,147.72999572753906,8776100,DIS
2019-12-18,147.77000427246094,147.9499969482422,146.19000244140625,146.25999450683594,146.25999450683594,9467800,DIS
2019-12-19,146.17999267578125,146.8000030517578,145.32000732421875,146.14999389648438,146.14999389648438,10243900,DIS
2019-12-20,147.14999389648438,147.8800048828125,145.77000427246094,146.8800048828125,146.8800048828125,12629900,DIS
2019-12-23,145.91000366210938,146.3300018310547,144.3300018310547,144.67999267578125,144.67999267578125,9314000,DIS
2019-12-24,144.5800018310547,145.42999267578125,144.4499969482422,145.2899932861328,145.2899932861328,3508500,DIS
2019-12-26,145.39999389648438,145.86000061035156,145.1699981689453,145.6999969482422,145.6999969482422,4422000,DIS
2019-12-27,146.0500030517578,146.50999450683594,145.4499969482422,145.75,145.75,5495300,DIS
2019-12-30,145.75,145.8699951171875,143.39999389648438,143.77000427246094,143.77000427246094,6602800,DIS
2019-12-31,143.6699981689453,144.77000427246094,143.25999450683594,144.6300048828125,144.6300048828125,5662900,DIS
2020-01-02,145.2899932861328,148.1999969482422,145.10000610351562,148.1999969482422,148.1999969482422,9502100,DIS
2020-01-03,146.39999389648438,147.89999389648438,146.0500030517578,146.5,146.5,7320200,DIS
2020-01-06,145.5399932861328,146.02999877929688,144.30999755859375,145.64999389648438,145.64999389648438,8262500,DIS
2020-01-07,145.99000549316406,146.8699951171875,145.4199981689453,145.6999969482422,145.6999969482422,6906500,DIS
2020-01-08,145.49000549316406,146.1300048828125,144.82000732421875,145.39999389648438,145.39999389648438,6984200,DIS
2020-01-09,146.47000122070312,146.6300048828125,144.61000061035156,144.8300018310547,144.8300018310547,6664200,DIS
2020-01-10,145.3000030517578,145.5,144.25999450683594,144.6199951171875,144.6199951171875,5152500,DIS
2020-01-13,144.75,144.75,143.36000061035156,143.8800048828125,143.8800048828125,9921300,DIS
2020-01-14,143.41000366210938,146.72000122070312,142.2899932861328,145.1999969482422,145.1999969482422,14839100,DIS
2020-01-15,145.7100067138672,145.7100067138672,143.92999267578125,144.32000732421875,144.32000732421875,6818200,DIS
2020-01-16,145.08999633789062,145.42999267578125,144.44000244140625,145.1199951171875,145.1199951171875,6948400,DIS
2020-01-17,145.5399932861328,145.63999938964844,144.00999450683594,144.3300018310547,144.3300018310547,10355300,DIS
2020-01-21,144.24000549316406,144.58999633789062,143.00999450683594,143.55999755859375,143.55999755859375,9250200,DIS
2020-01-22,144.4499969482422,144.7899932861328,143.5399932861328,144.00999450683594,144.00999450683594,7550000,DIS
2020-01-23,143.60000610351562,143.61000061035156,140.64999389648438,142.1999969482422,142.1999969482422,11082000,DIS
2020-01-24,141.39999389648438,142.25,139.1999969482422,140.0800018310547,140.0800018310547,13076300,DIS
2020-01-27,135.86000061035156,137.72999572753906,135.0,135.89999389648438,135.89999389648438,12831800,DIS
2020-01-28,136.5,138.92999267578125,135.86000061035156,138.3699951171875,138.3699951171875,10390000,DIS
2020-01-29,138.60000610351562,138.67999267578125,135.7899932861328,136.05999755859375,136.05999755859375,9382700,DIS
2020-01-30,135.08999633789062,137.85000610351562,134.8300018310547,137.80999755859375,137.80999755859375,11847300,DIS
2020-01-31,138.39999389648438,138.6699981689453,137.05999755859375,138.30999755859375,138.30999755859375,12379100,DIS
2020-02-03,139.7899932861328,141.82000732421875,139.75,141.32000732421875,141.32000732421875,12639900,DIS
2020-02-04,145.49000549316406,145.58999633789062,143.25,144.72999572753906,144.72999572753906,23519700,DIS
2020-02-05,146.60000610351562,147.3000030517578,138.57000732421875,141.3699951171875,141.3699951171875,27824100,DIS
2020-02-06,141.9199981689453,143.9499969482422,141.22000122070312,142.6999969482422,142.6999969482422,9504600,DIS
2020-02-07,141.88999938964844,141.99000549316406,140.1199951171875,141.02000427246094,141.02000427246094,10948900,DIS
2020-02-10,141.02999877929688,142.58999633789062,140.4600067138672,142.58999633789062,142.58999633789062,8162100,DIS
2020-02-11,142.85000610351562,142.99000549316406,140.4600067138672,141.00999450683594,141.00999450683594,10790100,DIS
2020-02-12,141.33999633789062,142.22000122070312,140.8699951171875,141.85000610351562,141.85000610351562,8168200,DIS
2020-02-13,141.1699981689453,141.89999389648438,140.82000732421875,140.89999389648438,140.89999389648438,7543100,DIS
2020-02-14,141.10000610351562,141.27999877929688,139.1300048828125,139.5399932861328,139.5399932861328,9110500,DIS
2020-02-18,139.02000427246094,139.66000366210938,138.10000610351562,139.13999938964844,139.13999938964844,8214900,DIS
2020-02-19,139.6300048828125,141.8699951171875,139.22999572753906,141.3000030517578,141.3000030517578,7080900,DIS
2020-02-20,141.6300048828125,141.6300048828125,138.85000610351562,140.3699951171875,140.3699951171875,5981700,DIS
2020-02-21,139.86000061035156,139.8800048828125,138.5800018310547,138.97000122070312,138.97000122070312,7725800,DIS
2020-02-24,132.89999389648438,134.44000244140625,131.2100067138672,133.00999450683594,133.00999450683594,19336500,DIS
2020-02-25,133.75,133.94000244140625,127.9800033569336,128.19000244140625,128.19000244140625,21032500,DIS
2020-02-26,126.12000274658203,128.3699951171875,122.12999725341797,123.36000061035156,123.36000061035156,31195900,DIS
2020-02-27,119.80999755859375,122.9000015258789,117.91999816894531,118.04000091552734,118.04000091552734,30827500,DIS
2020-02-28,114.51000213623047,118.30999755859375,113.20999908447266,117.6500015258789,117.6500015258789,35389900,DIS
2020-03-02,119.12999725341797,119.9800033569336,116.02999877929688,119.9800033569336,119.9800033569336,21775900,DIS
2020-03-03,121.1500015258789,121.77999877929688,115.1500015258789,116.44999694824219,116.44999694824219,19529700,DIS
2020-03-04,118.95999908447266,119.23999786376953,115.4800033569336,119.18000030517578,119.18000030517578,13842100,DIS
2020-03-05,116.86000061035156,116.95999908447266,112.11000061035156,113.9800033569336,113.9800033569336,22397200,DIS
2020-03-06,110.76000213623047,115.87000274658203,110.31999969482422,115.2699966430664,115.2699966430664,22899600,DIS
2020-03-09,108.69000244140625,110.43000030517578,104.27999877929688,104.3499984741211,104.3499984741211,26233600,DIS
2020-03-10,108.0999984741211,111.58000183105469,102.43000030517578,111.45999908447266,111.45999908447266,24083700,DIS
2020-03-11,108.41999816894531,108.9000015258789,102.86000061035156,105.51000213623047,105.51000213623047,24771300,DIS
2020-03-12,97.62000274658203,100.0,91.63999938964844,91.80999755859375,91.80999755859375,40392900,DIS
2020-03-13,100.77999877929688,102.87000274658203,92.25,102.5199966430664,102.5199966430664,40960100,DIS
2020-03-16,91.80000305175781,98.27999877929688,90.0,95.01000213623047,95.01000213623047,35379500,DIS
2020-03-17,95.80000305175781,97.45999908447266,91.1500015258789,93.52999877929688,93.52999877929688,27526200,DIS
2020-03-18,87.58999633789062,89.33999633789062,79.06999969482422,88.80000305175781,88.80000305175781,43592500,DIS
2020-03-19,88.0,97.4000015258789,85.11000061035156,94.93000030517578,94.93000030517578,30866800,DIS
2020-03-20,95.98999786376953,96.98999786376953,85.83999633789062,85.9800033569336,85.9800033569336,31957800,DIS
2020-03-23,84.48999786376953,87.27999877929688,81.08999633789062,85.76000213623047,85.76000213623047,32246600,DIS
2020-03-24,92.33000183105469,99.16999816894531,91.80000305175781,98.12000274658203,98.12000274658203,32538100,DIS
2020-03-25,100.66000366210938,105.91999816894531,95.51000213623047,100.7300033569336,100.7300033569336,28533000,DIS
2020-03-26,100.83000183105469,107.7300033569336,100.80000305175781,105.36000061035156,105.36000061035156,24520300,DIS
2020-03-27,100.44999694824219,101.48999786376953,95.54000091552734,96.4000015258789,96.4000015258789,30591500,DIS
2020-03-30,96.0,100.45999908447266,92.0999984741211,99.80000305175781,99.80000305175781,23119200,DIS
2020-03-31,100.22000122070312,103.16000366210938,96.16000366210938,96.5999984741211,96.5999984741211,21563200,DIS
2020-04-01,93.5,97.4000015258789,92.55999755859375,94.91999816894531,94.91999816894531,18303900,DIS
2020-04-02,94.19999694824219,97.26000213623047,94.19999694824219,96.97000122070312,96.97000122070312,13936500,DIS
2020-04-03,96.30999755859375,96.91999816894531,92.70999908447266,93.87999725341797,93.87999725341797,14814600,DIS
2020-04-06,97.26000213623047,100.19000244140625,94.5199966430664,99.58000183105469,99.58000183105469,20407400,DIS
2020-04-07,104.86000061035156,105.88999938964844,100.25,101.23999786376953,101.23999786376953,22899600,DIS
2020-04-08,100.52999877929688,102.3499984741211,98.6500015258789,101.06999969482422,101.06999969482422,22562500,DIS
2020-04-09,107.91999816894531,107.98999786376953,103.52999877929688,104.5,104.5,31453600,DIS
2020-04-13,104.70999908447266,104.87000274658203,99.61000061035156,103.5,103.5,17306000,DIS
2020-04-14,105.5,107.63999938964844,103.9000015258789,106.02999877929688,106.02999877929688,19866900,DIS
2020-04-15,104.38999938964844,104.87999725341797,102.69999694824219,103.37000274658203,103.37000274658203,14157600,DIS
2020-04-16,103.52999877929688,103.72000122070312,100.88999938964844,102.0199966430664,102.0199966430664,18029300,DIS
2020-04-17,106.20999908447266,106.79000091552734,104.3499984741211,106.62999725341797,106.62999725341797,17926900,DIS
2020-04-20,103.58000183105469,104.86000061035156,102.0,102.26000213623047,102.26000213623047,17021000,DIS
2020-04-21,100.01000213623047,101.51000213623047,99.12999725341797,100.54000091552734,100.54000091552734,16101400,DIS
2020-04-22,101.80000305175781,102.62999725341797,100.88999938964844,100.98999786376953,100.98999786376953,11463800,DIS
2020-04-23,100.6500015258789,102.52999877929688,99.45999908447266,101.0,101.0,17132200,DIS
2020-04-24,101.77999877929688,101.91999816894531,99.5199966430664,101.19000244140625,101.19000244140625,13614100,DIS
2020-04-27,102.0,106.5199966430664,101.61000061035156,106.05999755859375,106.05999755859375,15518300,DIS
2020-04-28,108.79000091552734,110.05999755859375,105.9800033569336,106.20999908447266,106.20999908447266,16503700,DIS
2020-04-29,109.94000244140625,112.69999694824219,108.55999755859375,112.25,112.25,20139800,DIS
2020-04-30,109.44000244140625,110.30999755859375,106.86000061035156,108.1500015258789,108.1500015258789,18638700,DIS
2020-05-01,106.36000061035156,106.91000366210938,104.47000122070312,105.5,105.5,13209100,DIS
2020-05-04,102.01000213623047,103.83000183105469,100.55000305175781,103.18000030517578,103.18000030517578,19514800,DIS
2020-05-05,101.51000213623047,105.18000030517578,100.9000015258789,101.05999755859375,101.05999755859375,30169800,DIS
2020-05-06,101.4800033569336,105.2699966430664,98.86000061035156,100.87999725341797,100.87999725341797,51992400,DIS
2020-05-07,101.8499984741211,105.61000061035156,101.83000183105469,105.56999969482422,105.56999969482422,20868800,DIS
2020-05-08,109.05000305175781,109.18000030517578,106.62999725341797,109.16000366210938,109.16000366210938,24079700,DIS
2020-05-11,108.4000015258789,108.80999755859375,106.41000366210938,107.7699966430664,107.7699966430664,20555900,DIS
2020-05-12,109.05999755859375,109.44000244140625,104.48999786376953,104.55999755859375,104.55999755859375,17049700,DIS
2020-05-13,104.5,104.54000091552734,101.5999984741211,102.91999816894531,102.91999816894531,21085800,DIS
2020-05-14,101.9800033569336,105.91999816894531,99.66000366210938,105.91000366210938,105.91000366210938,22002200,DIS
2020-05-15,104.9800033569336,109.37999725341797,104.2699966430664,109.05000305175781,109.05000305175781,29766000,DIS
2020-05-18,114.47000122070312,119.77999877929688,114.47000122070312,116.8499984741211,116.8499984741211,40044600,DIS
2020-05-19,115.0999984741211,116.47000122070312,113.41999816894531,114.37000274658203,114.37000274658203,20332600,DIS
2020-05-20,116.41999816894531,120.87000274658203,116.04000091552734,119.91999816894531,119.91999816894531,25749900,DIS
2020-05-21,119.33999633789062,120.30000305175781,116.5,117.83000183105469,117.83000183105469,17578300,DIS
2020-05-22,117.5,118.56999969482422,116.83000183105469,118.0199966430664,118.0199966430664,9288200,DIS
2020-05-26,121.05000305175781,122.51000213623047,120.43000030517578,120.94999694824219,120.94999694824219,16466400,DIS
2020-05-27,123.68000030517578,123.77999877929688,119.70999908447266,121.52999877929688,121.52999877929688,19345400,DIS
2020-05-28,121.5999984741211,121.9800033569336,116.0,116.75,116.75,18606000,DIS
2020-05-29,116.19000244140625,117.75,114.12000274658203,117.30000305175781,117.30000305175781,17745100,DIS
2020-06-01,117.26000213623047,119.6500015258789,116.93000030517578,118.7699966430664,118.7699966430664,10538300,DIS
2020-06-02,119.0,119.8499984741211,117.83000183105469,118.75,118.75,10753100,DIS
2020-06-03,119.98999786376953,122.44999694824219,119.31999969482422,122.18000030517578,122.18000030517578,12584300,DIS
2020-06-04,121.94999694824219,124.5,121.8499984741211,123.69000244140625,123.69000244140625,14195100,DIS
2020-06-05,126.30999755859375,127.81999969482422,124.27999877929688,124.81999969482422,124.81999969482422,16581600,DIS
2020-06-08,125.0999984741211,127.44000244140625,123.94000244140625,127.27999877929688,127.27999877929688,13858100,DIS
2020-06-09,125.62999725341797,125.79000091552734,123.51000213623047,123.88999938964844,123.88999938964844,10882800,DIS
2020-06-10,124.0199966430664,124.0999984741211,120.93000030517578,122.18000030517578,122.18000030517578,11497100,DIS
2020-06-11,117.5999984741211,118.0,112.25,112.63999938964844,112.63999938964844,26078800,DIS
2020-06-12,115.16999816894531,117.0,112.88999938964844,115.48999786376953,115.48999786376953,18361900,DIS
2020-06-15,112.08000183105469,118.12000274658203,111.70999908447266,117.08000183105469,117.08000183105469,14156400,DIS
2020-06-16,121.23999786376953,121.5,116.05000305175781,118.44000244140625,118.44000244140625,12951200,DIS
2020-06-17,118.63999938964844,119.2300033569336,117.13999938964844,117.6500015258789,117.6500015258789,8921600,DIS
2020-06-18,116.87999725341797,118.52999877929688,115.93000030517578,118.37000274658203,118.37000274658203,9577300,DIS
2020-06-19,119.9800033569336,120.12000274658203,114.3499984741211,114.3499984741211,114.3499984741211,23496300,DIS
2020-06-22,114.19000244140625,116.19000244140625,113.11000061035156,115.91999816894531,115.91999816894531,12868000,DIS
2020-06-23,116.95999908447266,117.44999694824219,115.97000122070312,116.58999633789062,116.58999633789062,10187600,DIS
2020-06-24,115.8499984741211,116.0,110.02999877929688,112.06999969482422,112.06999969482422,22252500,DIS
2020-06-25,108.98999786376953,111.51000213623047,108.5,111.36000061035156,111.36000061035156,17240400,DIS
2020-06-26,110.94999694824219,111.19999694824219,108.0199966430664,109.0999984741211,109.0999984741211,15270900,DIS
2020-06-29,109.0,111.56999969482422,108.0999984741211,111.5199966430664,111.5199966430664,12584300,DIS
2020-06-30,111.5,112.05000305175781,109.93000030517578,111.51000213623047,111.51000213623047,10565900,DIS
2020-07-01,112.81999969482422,115.5999984741211,112.29000091552734,113.01000213623047,113.01000213623047,11930900,DIS
2020-07-02,115.0,115.0999984741211,112.0,112.18000030517578,112.18000030517578,10312000,DIS
2020-07-06,113.83000183105469,114.52999877929688,112.9000015258789,114.43000030517578,114.43000030517578,11933400,DIS
2020-07-07,113.62999725341797,115.08000183105469,112.61000061035156,113.62999725341797,113.62999725341797,10836500,DIS
2020-07-08,113.4800033569336,117.12999725341797,112.80999755859375,116.66000366210938,116.66000366210938,13629500,DIS
2020-07-09,116.51000213623047,117.8499984741211,115.37999725341797,116.80999755859375,116.80999755859375,13582900,DIS
2020-07-10,116.83000183105469,119.44000244140625,116.20999908447266,119.33999633789062,119.33999633789062,14207900,DIS
2020-07-13,119.94000244140625,120.12999725341797,115.88999938964844,116.22000122070312,116.22000122070312,15620200,DIS
2020-07-14,115.2300033569336,119.08000183105469,114.54000091552734,118.66000366210938,118.66000366210938,12425100,DIS
2020-07-15,121.62999725341797,122.08999633789062,119.69999694824219,120.9000015258789,120.9000015258789,15314200,DIS
2020-07-16,117.72000122070312,119.98999786376953,117.5999984741211,119.43000030517578,119.43000030517578,10210100,DIS
2020-07-17,118.9000015258789,119.55999755859375,117.05999755859375,118.6500015258789,118.6500015258789,9843500,DIS
2020-07-20,118.05000305175781,118.48999786376953,116.81999969482422,117.79000091552734,117.79000091552734,8947900,DIS
2020-07-21,118.05000305175781,120.38999938964844,117.66000366210938,118.62000274658203,118.62000274658203,8946300,DIS
2020-07-22,118.19000244140625,119.30000305175781,117.93000030517578,119.02999877929688,119.02999877929688,7063300,DIS
2020-07-23,118.86000061035156,119.3499984741211,117.01000213623047,118.12000274658203,118.12000274658203,7255800,DIS
2020-07-24,115.69999694824219,118.20999908447266,115.52999877929688,117.61000061035156,117.61000061035156,8233300,DIS
2020-07-27,117.19999694824219,117.41999816894531,115.68000030517578,116.30999755859375,116.30999755859375,9413000,DIS
2020-07-28,115.45999908447266,116.83999633789062,114.68000030517578,116.18000030517578,116.18000030517578,6821100,DIS
2020-07-29,116.22000122070312,116.70999908447266,115.11000061035156,115.61000061035156,115.61000061035156,9496500,DIS
2020-07-30,114.91000366210938,116.29000091552734,113.37000274658203,115.66000366210938,115.66000366210938,9713500,DIS
2020-07-31,115.22000122070312,117.05000305175781,114.12000274658203,116.94000244140625,116.94000244140625,9601000,DIS
2020-08-03,116.16999816894531,117.12000274658203,115.3499984741211,116.3499984741211,116.3499984741211,10229200,DIS
2020-08-04,115.95999908447266,118.3499984741211,115.76000213623047,117.29000091552734,117.29000091552734,17293900,DIS
2020-08-05,123.37000274658203,130.30999755859375,123.27999877929688,127.61000061035156,127.61000061035156,53000200,DIS
2020-08-06,126.95999908447266,131.6300048828125,125.61000061035156,130.82000732421875,130.82000732421875,27238000,DIS
2020-08-07,130.22000122070312,131.94000244140625,128.66000366210938,129.92999267578125,129.92999267578125,16088600,DIS
2020-08-10,129.75,131.32000732421875,128.49000549316406,128.7899932861328,128.7899932861328,8529200,DIS
2020-08-11,130.52999877929688,132.75999450683594,130.0,130.49000549316406,130.49000549316406,13885700,DIS
2020-08-12,130.6699981689453,133.0,130.49000549316406,131.7899932861328,131.7899932861328,12204200,DIS
2020-08-13,130.63999938964844,132.35000610351562,130.4499969482422,130.9600067138672,130.9600067138672,6468600,DIS
2020-08-14,130.00999450683594,131.0800018310547,129.74000549316406,130.52999877929688,130.52999877929688,6507600,DIS
2020-08-17,130.10000610351562,130.13999938964844,128.5399932861328,129.3699951171875,129.3699951171875,7492200,DIS
2020-08-18,129.44000244140625,129.58999633789062,128.36000061035156,128.9199981689453,128.9199981689453,6714600,DIS
2020-08-19,129.25,130.22000122070312,127.43000030517578,127.7699966430664,127.7699966430664,7624200,DIS
2020-08-20,126.80000305175781,128.4499969482422,126.52999877929688,128.1199951171875,128.1199951171875,4918100,DIS
2020-08-21,127.72000122070312,128.30999755859375,127.2300033569336,127.44000244140625,127.44000244140625,6064700,DIS
2020-08-24,128.14999389648438,130.8800048828125,127.93000030517578,130.69000244140625,130.69000244140625,7613600,DIS
2020-08-25,130.8300018310547,131.08999633789062,129.30999755859375,129.7899932861328,129.7899932861328,5494400,DIS
2020-08-26,130.0,132.60000610351562,129.52000427246094,132.17999267578125,132.17999267578125,8447800,DIS
2020-08-27,133.0,136.36000061035156,132.82000732421875,133.72999572753906,133.72999572753906,13667600,DIS
2020-08-28,134.5,136.8000030517578,133.5800018310547,135.5399932861328,135.5399932861328,11020100,DIS
2020-08-31,135.25,135.5399932861328,131.25,131.8699951171875,131.8699951171875,11617500,DIS
2020-09-01,131.9199981689453,133.61000061035156,130.88999938964844,133.5500030517578,133.5500030517578,7351200,DIS
2020-09-02,133.6300048828125,135.9199981689453,133.25999450683594,135.38999938964844,135.38999938964844,8187800,DIS
2020-09-03,135.24000549316406,137.24000549316406,132.02000427246094,133.24000549316406,133.24000549316406,12079200,DIS
2020-09-04,133.75,134.8800048828125,129.4199981689453,131.99000549316406,131.99000549316406,11248300,DIS
2020-09-08,131.99000549316406,137.13999938964844,130.86000061035156,134.1999969482422,134.1999969482422,17257300,DIS
2020-09-09,134.27999877929688,135.5500030517578,132.25999450683594,133.36000061035156,133.36000061035156,8891800,DIS
2020-09-10,133.5800018310547,136.75,132.74000549316406,133.22000122070312,133.22000122070312,9853400,DIS
2020-09-11,133.74000549316406,133.74000549316406,131.08999633789062,131.75,131.75,7165300,DIS
2020-09-14,132.52999877929688,132.92999267578125,130.89999389648438,131.25,131.25,8391900,DIS
2020-09-15,131.4600067138672,132.5399932861328,131.00999450683594,131.24000549316406,131.24000549316406,7289100,DIS
2020-09-16,132.1699981689453,133.6199951171875,131.39999389648438,132.08999633789062,132.08999633789062,6601000,DIS
2020-09-17,130.5500030517578,131.77000427246094,128.60000610351562,130.22000122070312,130.22000122070312,6723500,DIS
2020-09-18,129.5,130.7899932861328,128.1199951171875,128.6300048828125,128.6300048828125,9916300,DIS
2020-09-21,125.9800033569336,126.88999938964844,123.58999633789062,125.41000366210938,125.41000366210938,10352700,DIS
2020-09-22,125.26000213623047,127.47000122070312,124.69999694824219,127.20999908447266,127.20999908447266,6978800,DIS
2020-09-23,127.06999969482422,127.30000305175781,122.9000015258789,123.27999877929688,123.27999877929688,8323600,DIS
2020-09-24,121.93000030517578,123.80000305175781,120.77999877929688,122.48999786376953,122.48999786376953,8480000,DIS
2020-09-25,121.36000061035156,124.19000244140625,120.9800033569336,124.0,124.0,6851800,DIS
2020-09-28,125.75,126.86000061035156,125.37000274658203,125.98999786376953,125.98999786376953,6283700,DIS
2020-09-29,125.91999816894531,126.29000091552734,123.68000030517578,125.4000015258789,125.4000015258789,7405800,DIS
2020-09-30,123.23999786376953,125.55000305175781,123.23999786376953,124.08000183105469,124.08000183105469,13642500,DIS
2020-10-01,124.94000244140625,125.47000122070312,122.41999816894531,123.30999755859375,123.30999755859375,8908300,DIS
2020-10-02,121.98999786376953,123.68000030517578,121.69000244140625,122.55000305175781,122.55000305175781,6490200,DIS
2020-10-05,123.26000213623047,123.5999984741211,122.33000183105469,123.37000274658203,123.37000274658203,5919200,DIS
2020-10-06,123.12999725341797,124.19000244140625,120.61000061035156,120.93000030517578,120.93000030517578,9052000,DIS
2020-10-07,121.94999694824219,123.30999755859375,120.93000030517578,122.91000366210938,122.91000366210938,10187800,DIS
2020-10-08,123.58000183105469,123.75,122.41999816894531,123.08999633789062,123.08999633789062,7404600,DIS
2020-10-09,123.8499984741211,125.55000305175781,123.33000183105469,124.9800033569336,124.9800033569336,11502200,DIS
2020-10-12,124.9000015258789,125.94000244140625,123.7300033569336,124.97000122070312,124.97000122070312,10958200,DIS
2020-10-13,129.8000030517578,131.36000061035156,127.9000015258789,128.9600067138672,128.9600067138672,22389000,DIS
2020-10-14,129.13999938964844,129.5,125.29000091552734,126.58999633789062,126.58999633789062,11531500,DIS
2020-10-15,125.0,127.4000015258789,124.43000030517578,127.36000061035156,127.36000061035156,7744000,DIS
2020-10-16,127.80999755859375,128.1199951171875,126.33000183105469,126.80999755859375,126.80999755859375,6291700,DIS
2020-10-19,127.37000274658203,127.4000015258789,123.70999908447266,124.2300033569336,124.2300033569336,6576900,DIS
2020-10-20,124.58000183105469,125.7300033569336,123.63999938964844,124.94999694824219,124.94999694824219,6161200,DIS
2020-10-21,124.36000061035156,127.55999755859375,123.83999633789062,126.62999725341797,126.62999725341797,6591500,DIS
2020-10-22,126.66999816894531,128.10000610351562,125.97000122070312,127.55999755859375,127.55999755859375,5177700,DIS
2020-10-23,128.10000610351562,128.5,126.3499984741211,128.35000610351562,128.35000610351562,5439900,DIS
2020-10-26,127.11000061035156,127.11000061035156,122.94999694824219,124.05999755859375,124.05999755859375,8578900,DIS
2020-10-27,124.02999877929688,124.61000061035156,123.02999877929688,123.30999755859375,123.30999755859375,6813800,DIS
2020-10-28,121.01000213623047,121.52999877929688,118.31999969482422,118.47000122070312,118.47000122070312,11654700,DIS
2020-10-29,118.16000366210938,122.62999725341797,117.2300033569336,121.54000091552734,121.54000091552734,9583700,DIS
2020-10-30,120.63999938964844,121.75,119.08999633789062,121.25,121.25,8090200,DIS
2020-11-02,122.23999786376953,122.93000030517578,119.80999755859375,120.12999725341797,120.12999725341797,9186000,DIS
2020-11-03,121.61000061035156,125.06999969482422,121.37000274658203,124.0199966430664,124.0199966430664,8144900,DIS
2020-11-04,123.58000183105469,126.86000061035156,123.41000366210938,125.06999969482422,125.06999969482422,7483000,DIS
2020-11-05,126.77999877929688,128.6199951171875,125.80000305175781,126.95999908447266,126.95999908447266,7654800,DIS
2020-11-06,126.26000213623047,128.0399932861328,124.61000061035156,127.45999908447266,127.45999908447266,6259700,DIS
2020-11-09,140.25999450683594,147.67999267578125,138.07000732421875,142.58999633789062,142.58999633789062,35634700,DIS
2020-11-10,139.97000122070312,142.3699951171875,137.6699981689453,142.11000061035156,142.11000061035156,18115400,DIS
2020-11-11,141.47000122070312,142.0,136.6199951171875,137.82000732421875,137.82000732421875,9600900,DIS
2020-11-12,136.33999633789062,138.49000549316406,134.10000610351562,135.52000427246094,135.52000427246094,13768200,DIS
2020-11-13,140.89999389648438,141.19000244140625,136.52000427246094,138.36000061035156,138.36000061035156,21062300,DIS
2020-11-16,141.57000732421875,144.74000549316406,141.57000732421875,144.6699981689453,144.6699981689453,16382500,DIS
2020-11-17,144.39999389648438,144.8300018310547,142.55999755859375,144.5,144.5,9354900,DIS
2020-11-18,144.5,145.47999572753906,143.35000610351562,143.89999389648438,143.89999389648438,9456200,DIS
2020-11-19,142.57000732421875,143.3000030517578,141.6999969482422,141.72000122070312,141.72000122070312,8892500,DIS
2020-11-20,141.7100067138672,142.61000061035156,140.86000061035156,141.07000732421875,141.07000732421875,8481600,DIS
2020-11-23,142.4499969482422,147.75,141.6999969482422,145.97999572753906,145.97999572753906,12887000,DIS
2020-11-24,148.16000366210938,151.86000061035156,147.85000610351562,151.49000549316406,151.49000549316406,16711700,DIS
2020-11-25,150.27000427246094,150.27000427246094,147.24000549316406,149.08999633789062,149.08999633789062,9552000,DIS
2020-11-27,149.0,150.35000610351562,146.52999877929688,147.1300048828125,147.1300048828125,5306400,DIS
2020-11-30,147.05999755859375,148.69000244140625,146.2899932861328,148.00999450683594,148.00999450683594,9710100,DIS
2020-12-01,149.57000732421875,151.39999389648438,149.0,149.44000244140625,149.44000244140625,8825500,DIS
2020-12-02,149.49000549316406,154.00999450683594,148.33999633789062,153.61000061035156,153.61000061035156,10601900,DIS
2020-12-03,153.4499969482422,154.44000244140625,152.1300048828125,153.24000549316406,153.24000549316406,9063200,DIS
2020-12-04,153.69000244140625,154.67999267578125,152.80999755859375,154.13999938964844,154.13999938964844,6033300,DIS
2020-12-07,153.17999267578125,153.8800048828125,152.25999450683594,153.67999267578125,153.67999267578125,6815500,DIS
2020-12-08,152.4199981689453,154.8800048828125,152.25,153.72000122070312,153.72000122070312,7900600,DIS
2020-12-09,156.2899932861328,157.4600067138672,153.88999938964844,154.42999267578125,154.42999267578125,10804300,DIS
2020-12-10,153.32000732421875,155.33999633789062,152.5,154.69000244140625,154.69000244140625,8993200,DIS
2020-12-11,169.67999267578125,179.4499969482422,165.3300018310547,175.72000122070312,175.72000122070312,87410700,DIS
2020-12-14,173.8000030517578,177.3000030517578,168.80999755859375,169.3000030517578,169.3000030517578,30939400,DIS
2020-12-15,170.49000549316406,174.47000122070312,167.82000732421875,173.94000244140625,173.94000244140625,18802600,DIS
2020-12-16,173.99000549316406,174.85000610351562,171.6199951171875,173.1199951171875,173.1199951171875,11105800,DIS
2020-12-17,173.82000732421875,174.83999633789062,171.9600067138672,173.5500030517578,173.5500030517578,9004600,DIS
2020-12-18,173.60000610351562,175.83999633789062,172.27999877929688,172.88999938964844,172.88999938964844,21172100,DIS
2020-12-21,170.08999633789062,171.94000244140625,168.19000244140625,170.69000244140625,170.69000244140625,11424200,DIS
2020-12-22,170.0,171.4499969482422,169.16000366210938,170.4499969482422,170.4499969482422,6419200,DIS
2020-12-23,172.9600067138672,175.9499969482422,172.3000030517578,173.5500030517578,173.5500030517578,9994000,DIS
2020-12-24,173.99000549316406,174.5800018310547,172.3800048828125,173.72999572753906,173.72999572753906,2721000,DIS
2020-12-28,175.75,179.9199981689453,175.0500030517578,178.86000061035156,178.86000061035156,13145400,DIS
2020-12-29,180.00999450683594,180.1999969482422,176.22000122070312,177.3000030517578,177.3000030517578,6875400,DIS
2020-12-30,178.5,183.39999389648438,178.3699951171875,181.1699981689453,181.1699981689453,11680400,DIS
2020-12-31,181.22000122070312,183.39999389648438,180.27000427246094,181.17999267578125,181.17999267578125,7073500,DIS
2021-01-04,182.25999450683594,182.58999633789062,174.72999572753906,177.67999267578125,177.67999267578125,13426600,DIS
2021-01-05,176.1999969482422,180.33999633789062,176.1999969482422,178.44000244140625,178.44000244140625,7771800,DIS
2021-01-06,178.32000732421875,181.61000061035156,177.27999877929688,179.1199951171875,179.1199951171875,7517800,DIS
2021-01-07,179.5,179.9499969482422,177.5800018310547,178.5800018310547,178.5800018310547,7300800,DIS
2021-01-08,178.80999755859375,180.02000427246094,176.60000610351562,178.69000244140625,178.69000244140625,7894500,DIS
2021-01-11,177.75,181.25999450683594,177.35000610351562,179.08999633789062,179.08999633789062,6461300,DIS
2021-01-12,177.3000030517578,178.32000732421875,174.86000061035156,175.99000549316406,175.99000549316406,8349800,DIS
2021-01-13,174.39999389648438,177.72999572753906,173.74000549316406,176.1199951171875,176.1199951171875,6839500,DIS
2021-01-14,177.00999450683594,178.35000610351562,173.39999389648438,173.42999267578125,173.42999267578125,8951200,DIS
2021-01-15,172.9499969482422,174.19000244140625,170.1699981689453,171.44000244140625,171.44000244140625,12232500,DIS
2021-01-19,172.10000610351562,173.7100067138672,171.44000244140625,172.25999450683594,172.25999450683594,7834700,DIS
2021-01-20,175.22000122070312,177.8800048828125,173.0,173.63999938964844,173.63999938964844,9809200,DIS
2021-01-21,173.24000549316406,175.0,171.02000427246094,171.27999877929688,171.27999877929688,8416400,DIS
2021-01-22,174.0,175.25,171.88999938964844,172.77999877929688,172.77999877929688,9517200,DIS
2021-01-25,171.88999938964844,173.11000061035156,168.77000427246094,171.88999938964844,171.88999938964844,7833700,DIS
2021-01-26,173.0,173.35000610351562,169.0500030517578,169.55999755859375,169.55999755859375,7523200,DIS
2021-01-27,165.00999450683594,166.33999633789062,160.52000427246094,163.02999877929688,163.02999877929688,18239200,DIS
2021-01-28,166.1699981689453,172.8800048828125,165.9499969482422,171.8800048828125,171.8800048828125,14449100,DIS
2021-01-29,168.8000030517578,169.80999755859375,165.7899932861328,168.1699981689453,168.1699981689453,12848800,DIS
2021-02-01,170.83999633789062,171.72999572753906,168.02999877929688,170.97000122070312,170.97000122070312,8140400,DIS
2021-02-02,173.77000427246094,179.75999450683594,172.8000030517578,176.9600067138672,176.9600067138672,12215200,DIS
2021-02-03,177.0,178.42999267578125,175.75999450683594,176.42999267578125,176.42999267578125,5508600,DIS
2021-02-04,177.58999633789062,181.3800048828125,176.49000549316406,180.22999572753906,180.22999572753906,9035400,DIS
2021-02-05,181.7100067138672,182.32000732421875,179.3300018310547,181.16000366210938,181.16000366210938,6640500,DIS
2021-02-08,183.85000610351562,190.63999938964844,183.3000030517578,190.0,190.0,16085700,DIS
2021-02-09,188.1699981689453,189.25,186.0399932861328,188.2100067138672,188.2100067138672,11270800,DIS
2021-02-10,189.97999572753906,190.6999969482422,185.80999755859375,189.6300048828125,189.6300048828125,11464600,DIS
2021-02-11,189.17999267578125,191.25,188.07000732421875,190.91000366210938,190.91000366210938,17507900,DIS
2021-02-12,193.0,193.85000610351562,186.55999755859375,187.6699981689453,187.6699981689453,27233800,DIS
2021-02-16,187.3000030517578,188.44000244140625,184.86000061035156,186.35000610351562,186.35000610351562,11630700,DIS
2021-02-17,185.36000061035156,187.6300048828125,182.16000366210938,186.44000244140625,186.44000244140625,11391800,DIS
2021-02-18,184.7899932861328,186.39999389648438,182.83999633789062,183.0,183.0,12380900,DIS
2021-02-19,184.27000427246094,184.77999877929688,182.7899932861328,183.64999389648438,183.64999389648438,8834500,DIS
2021-02-22,181.74000549316406,194.02000427246094,181.52999877929688,191.75999450683594,191.75999450683594,18799600,DIS
2021-02-23,193.58999633789062,198.94000244140625,188.66000366210938,197.08999633789062,197.08999633789062,23191400,DIS
2021-02-24,197.5800018310547,200.60000610351562,195.3300018310547,197.50999450683594,197.50999450683594,16205900,DIS
2021-02-25,197.72999572753906,197.9600067138672,190.3800048828125,190.97999572753906,190.97999572753906,12712000,DIS
2021-02-26,190.07000732421875,191.61000061035156,185.4499969482422,189.0399932861328,189.0399932861328,15844000,DIS
2021-03-01,193.22999572753906,196.89999389648438,191.38999938964844,194.97999572753906,194.97999572753906,10709900,DIS
2021-03-02,196.10000610351562,197.9600067138672,193.49000549316406,193.94000244140625,193.94000244140625,8371400,DIS
2021-03-03,194.6300048828125,196.80999755859375,192.2100067138672,192.25999450683594,192.25999450683594,8750300,DIS
2021-03-04,189.89999389648438,192.47999572753906,184.1199951171875,188.02999877929688,188.02999877929688,12542600,DIS
2021-03-05,189.14999389648438,190.57000732421875,183.33999633789062,189.99000549316406,189.99000549316406,10266400,DIS
2021-03-08,197.30999755859375,203.02000427246094,193.7899932861328,201.91000366210938,201.91000366210938,25093200,DIS
2021-03-09,200.19000244140625,201.6999969482422,194.3699951171875,194.50999450683594,194.50999450683594,23331000,DIS
2021-03-10,197.30999755859375,198.8000030517578,194.67999267578125,195.05999755859375,195.05999755859375,13662100,DIS
2021-03-11,197.3800048828125,199.0500030517578,195.39999389648438,196.75,196.75,11933900,DIS
2021-03-12,196.52999877929688,198.41000366210938,195.17999267578125,197.16000366210938,197.16000366210938,13249100,DIS
2021-03-15,198.5399932861328,198.5399932861328,194.80999755859375,196.75999450683594,196.75999450683594,10311400,DIS
2021-03-16,196.10000610351562,196.58999633789062,192.8800048828125,194.24000549316406,194.24000549316406,9680700,DIS
2021-03-17,193.44000244140625,196.19000244140625,191.77999877929688,195.24000549316406,195.24000549316406,14418700,DIS
2021-03-18,194.9499969482422,195.0800018310547,191.74000549316406,192.27999877929688,192.27999877929688,9644500,DIS
2021-03-19,190.9199981689453,194.0,189.75999450683594,191.13999938964844,191.13999938964844,28354600,DIS
2021-03-22,193.25999450683594,196.3300018310547,192.0,192.86000061035156,192.86000061035156,8838500,DIS
2021-03-23,191.58999633789062,192.33999633789062,187.97000122070312,188.72999572753906,188.72999572753906,10701200,DIS
2021-03-24,190.05999755859375,190.5,184.63999938964844,184.72000122070312,184.72000122070312,13549100,DIS
2021-03-25,181.85000610351562,187.7100067138672,181.00999450683594,186.91000366210938,186.91000366210938,9609200,DIS
2021-03-26,188.8300018310547,188.97999572753906,182.57000732421875,185.9199981689453,185.9199981689453,10196100,DIS
2021-03-29,185.24000549316406,185.94000244140625,183.14999389648438,184.85000610351562,184.85000610351562,7544700,DIS
2021-03-30,183.8300018310547,186.32000732421875,183.55999755859375,185.52999877929688,185.52999877929688,5929700,DIS
2021-03-31,185.8300018310547,186.89999389648438,184.4199981689453,184.52000427246094,184.52000427246094,8478000,DIS
2021-04-01,186.42999267578125,189.10000610351562,185.58999633789062,188.97000122070312,188.97000122070312,7749400,DIS
2021-04-05,191.47000122070312,191.6699981689453,188.08999633789062,188.5,188.5,7405300,DIS
2021-04-06,188.5,191.27999877929688,187.8699951171875,189.72999572753906,189.72999572753906,7926200,DIS
2021-04-07,189.8000030517578,190.3300018310547,186.9499969482422,187.55999755859375,187.55999755859375,6238700,DIS
2021-04-08,187.1999969482422,188.0500030517578,185.6300048828125,187.32000732421875,187.32000732421875,7763000,DIS
2021-04-09,188.1699981689453,188.22000122070312,186.14999389648438,187.88999938964844,187.88999938964844,6089300,DIS
2021-04-12,187.75,187.85000610351562,185.47999572753906,186.49000549316406,186.49000549316406,6662500,DIS
2021-04-13,185.58999633789062,186.44000244140625,184.60000610351562,185.49000549316406,185.49000549316406,6826500,DIS
2021-04-14,185.97000122070312,190.39999389648438,185.7100067138672,187.4600067138672,187.4600067138672,9089900,DIS
2021-04-15,188.08999633789062,188.89999389648438,185.6999969482422,185.92999267578125,185.92999267578125,7262500,DIS
2021-04-16,187.57000732421875,189.47000122070312,186.1999969482422,187.25999450683594,187.25999450683594,9453500,DIS
2021-04-19,187.50999450683594,190.3300018310547,185.64999389648438,187.42999267578125,187.42999267578125,7625800,DIS
2021-04-20,187.2899932861328,188.0800018310547,181.82000732421875,182.7899932861328,182.7899932861328,10765800,DIS
2021-04-21,181.2899932861328,183.3800048828125,178.86000061035156,183.11000061035156,183.11000061035156,8400200,DIS
2021-04-22,184.22000122070312,184.8800048828125,181.25999450683594,182.75999450683594,182.75999450683594,7378300,DIS
2021-04-23,182.35000610351562,183.89999389648438,181.9600067138672,183.02000427246094,183.02000427246094,6075500,DIS
2021-04-26,183.9600067138672,185.60000610351562,183.25999450683594,184.27000427246094,184.27000427246094,6178300,DIS
2021-04-27,184.99000549316406,185.80999755859375,184.14999389648438,184.63999938964844,184.63999938964844,4870000,DIS
2021-04-28,184.7899932861328,184.7899932861328,182.82000732421875,183.38999938964844,183.38999938964844,5199300,DIS
2021-04-29,184.8000030517578,185.5500030517578,182.75,185.3300018310547,185.3300018310547,5958300,DIS
2021-04-30,184.2899932861328,186.32000732421875,183.5399932861328,186.02000427246094,186.02000427246094,7866300,DIS
2021-05-03,187.69000244140625,189.22000122070312,185.25,185.50999450683594,185.50999450683594,7542800,DIS
2021-05-04,184.8699951171875,185.6300048828125,182.30999755859375,184.25,184.25,7069300,DIS
2021-05-05,185.00999450683594,185.00999450683594,181.36000061035156,181.50999450683594,181.50999450683594,5901700,DIS
2021-05-06,182.77999877929688,182.99000549316406,179.80999755859375,181.7899932861328,181.7899932861328,6944900,DIS
2021-05-07,182.0,185.1199951171875,181.50999450683594,184.83999633789062,184.83999633789062,6888400,DIS
2021-05-10,185.6999969482422,186.97000122070312,184.02999877929688,184.3000030517578,184.3000030517578,8260300,DIS
2021-05-11,181.8000030517578,182.25,178.42999267578125,181.6699981689453,181.6699981689453,10865600,DIS
2021-05-12,180.6999969482422,182.4600067138672,177.5800018310547,177.85000610351562,177.85000610351562,8988100,DIS
2021-05-13,178.3699951171875,180.75,175.8000030517578,178.33999633789062,178.33999633789062,12332200,DIS
2021-05-14,172.92999267578125,174.91000366210938,168.77999877929688,173.6999969482422,173.6999969482422,33149400,DIS
2021-05-17,172.6999969482422,172.99000549316406,168.57000732421875,170.0800018310547,170.0800018310547,17771600,DIS
2021-05-18,170.25999450683594,171.25999450683594,169.4499969482422,169.67999267578125,169.67999267578125,10401000,DIS
2021-05-19,167.7100067138672,169.39999389648438,167.10000610351562,169.27000427246094,169.27000427246094,9251000,DIS
2021-05-20,169.2100067138672,171.89999389648438,168.97999572753906,171.36000061035156,171.36000061035156,7400700,DIS
2021-05-21,172.22000122070312,173.1199951171875,171.52000427246094,172.39999389648438,172.39999389648438,8105700,DIS
2021-05-24,172.4499969482422,175.11000061035156,171.75,174.30999755859375,174.30999755859375,7346700,DIS
2021-05-25,175.60000610351562,177.4499969482422,175.39999389648438,176.1699981689453,176.1699981689453,8089700,DIS
2021-05-26,176.6199951171875,177.89999389648438,176.1999969482422,176.47000122070312,176.47000122070312,8086200,DIS
2021-05-27,177.1999969482422,179.58999633789062,176.7899932861328,179.0399932861328,179.0399932861328,13567800,DIS
2021-05-28,179.50999450683594,180.13999938964844,178.0800018310547,178.64999389648438,178.64999389648438,7124800,DIS
2021-06-01,180.17999267578125,181.00999450683594,178.74000549316406,178.83999633789062,178.83999633789062,7475600,DIS
2021-06-02,179.0399932861328,179.10000610351562,176.92999267578125,177.0,177.0,7851700,DIS
2021-06-03,176.27000427246094,176.97000122070312,175.4199981689453,176.24000549316406,176.24000549316406,5583900,DIS
2021-06-04,175.92999267578125,177.52000427246094,175.61000061035156,177.17999267578125,177.17999267578125,6343400,DIS
2021-06-07,177.97000122070312,178.07000732421875,176.39999389648438,176.99000549316406,176.99000549316406,5178100,DIS
2021-06-08,175.97000122070312,177.1199951171875,175.19000244140625,176.3300018310547,176.3300018310547,5356200,DIS
2021-06-09,176.30999755859375,177.3300018310547,175.8800048828125,176.0399932861328,176.0399932861328,5082400,DIS
2021-06-10,176.44000244140625,177.61000061035156,175.5500030517578,176.57000732421875,176.57000732421875,5253000,DIS
2021-06-11,177.4499969482422,178.49000549316406,176.80999755859375,177.3800048828125,177.3800048828125,5476300,DIS
2021-06-14,177.64999389648438,178.8699951171875,176.89999389648438,178.17999267578125,178.17999267578125,10170000,DIS
2021-06-15,178.17999267578125,178.6999969482422,175.6199951171875,175.86000061035156,175.86000061035156,7895000,DIS
2021-06-16,176.00999450683594,176.25999450683594,173.5500030517578,174.66000366210938,174.66000366210938,8336000,DIS
2021-06-17,174.58999633789062,176.25999450683594,173.83999633789062,174.64999389648438,174.64999389648438,8906000,DIS
2021-06-18,173.13999938964844,173.86000061035156,172.1199951171875,172.4199981689453,172.4199981689453,12357500,DIS
2021-06-21,172.1300048828125,174.25999450683594,171.30999755859375,173.97000122070312,173.97000122070312,9196900,DIS
2021-06-22,174.3699951171875,174.6999969482422,172.35000610351562,173.5,173.5,8097100,DIS
2021-06-23,173.6199951171875,175.4499969482422,172.94000244140625,175.3300018310547,175.3300018310547,9174200,DIS
2021-06-24,176.1300048828125,178.24000549316406,175.77999877929688,177.92999267578125,177.92999267578125,7549400,DIS
2021-06-25,178.8300018310547,179.08999633789062,177.49000549316406,178.35000610351562,178.35000610351562,7431800,DIS
2021-06-28,178.5,178.66000366210938,174.99000549316406,176.57000732421875,176.57000732421875,9881400,DIS
2021-06-29,176.63999938964844,177.02000427246094,173.8000030517578,173.92999267578125,173.92999267578125,13498300,DIS
2021-06-30,173.88999938964844,175.97999572753906,173.33999633789062,175.77000427246094,175.77000427246094,7481900,DIS
2021-07-01,175.35000610351562,177.60000610351562,174.60000610351562,177.25999450683594,177.25999450683594,5887100,DIS
2021-07-02,177.86000061035156,178.36000061035156,174.6199951171875,177.11000061035156,177.11000061035156,11099300,DIS
2021-07-06,176.75999450683594,177.0,172.22000122070312,173.69000244140625,173.69000244140625,11557900,DIS
2021-07-07,172.86000061035156,174.32000732421875,171.99000549316406,172.82000732421875,172.82000732421875,6757300,DIS
2021-07-08,170.17999267578125,173.75,169.80999755859375,172.8000030517578,172.8000030517578,6960100,DIS
2021-07-09,174.6999969482422,177.52000427246094,173.92999267578125,177.0399932861328,177.0399932861328,7873300,DIS
2021-07-12,177.7100067138672,184.99000549316406,177.3699951171875,184.3800048828125,184.3800048828125,21835500,DIS
2021-07-13,184.08999633789062,185.6699981689453,181.83999633789062,183.64999389648438,183.64999389648438,12534600,DIS
2021-07-14,185.1999969482422,186.2899932861328,182.0800018310547,183.4199981689453,183.4199981689453,8787300,DIS
2021-07-15,183.4499969482422,185.4199981689453,183.0500030517578,184.14999389648438,184.14999389648438,7867000,DIS
2021-07-16,184.94000244140625,185.2899932861328,178.9199981689453,179.30999755859375,179.30999755859375,8348800,DIS
2021-07-19,175.7100067138672,176.47999572753906,172.16000366210938,172.9499969482422,172.9499969482422,14651800,DIS
2021-07-20,173.6999969482422,177.50999450683594,172.8699951171875,176.75,176.75,8372400,DIS
2021-07-21,176.5,177.89999389648438,175.32000732421875,176.88999938964844,176.88999938964844,6302200,DIS
2021-07-22,176.6999969482422,176.72000122070312,173.89999389648438,175.1300048828125,175.1300048828125,5713700,DIS
2021-07-23,175.66000366210938,176.5,174.02999877929688,176.13999938964844,176.13999938964844,5126300,DIS
2021-07-26,175.6199951171875,178.77999877929688,175.33999633789062,178.74000549316406,178.74000549316406,5641000,DIS
2021-07-27,178.25,179.55999755859375,176.57000732421875,179.5,179.5,6684100,DIS
2021-07-28,179.69000244140625,180.35000610351562,177.5500030517578,179.10000610351562,179.10000610351562,5926900,DIS
2021-07-29,179.80999755859375,181.4199981689453,178.27000427246094,178.35000610351562,178.35000610351562,6209100,DIS
2021-07-30,177.52999877929688,179.1999969482422,175.13999938964844,176.02000427246094,176.02000427246094,6810100,DIS
2021-08-02,177.22000122070312,178.82000732421875,175.30999755859375,175.5500030517578,175.5500030517578,5847200,DIS
2021-08-03,176.02000427246094,176.1300048828125,170.9199981689453,172.99000549316406,172.99000549316406,9931300,DIS
2021-08-04,172.5,173.25,171.33999633789062,172.5800018310547,172.5800018310547,5665800,DIS
2021-08-05,172.49000549316406,177.1199951171875,172.49000549316406,176.7100067138672,176.7100067138672,8864200,DIS
2021-08-06,177.42999267578125,178.80999755859375,176.6300048828125,177.1300048828125,177.1300048828125,5504100,DIS
2021-08-09,177.0,177.30999755859375,175.05999755859375,176.72000122070312,176.72000122070312,5339000,DIS
2021-08-10,176.25,177.39999389648438,175.5800018310547,177.07000732421875,177.07000732421875,5185000,DIS
2021-08-11,177.36000061035156,178.49000549316406,176.50999450683594,178.08999633789062,178.08999633789062,5359900,DIS
2021-08-12,178.08999633789062,179.72000122070312,176.4499969482422,179.2899932861328,179.2899932861328,11081300,DIS
2021-08-13,186.2899932861328,187.5800018310547,180.8800048828125,181.0800018310547,181.0800018310547,32487900,DIS
2021-08-16,180.50999450683594,180.58999633789062,176.50999450683594,179.08999633789062,179.08999633789062,8746700,DIS
2021-08-17,177.14999389648438,178.4499969482422,174.9199981689453,175.8300018310547,175.8300018310547,8534500,DIS
2021-08-18,175.89999389648438,176.7899932861328,174.5,174.74000549316406,174.74000549316406,7063500,DIS
2021-08-19,174.0,174.67999267578125,172.55999755859375,173.25,173.25,8478600,DIS
2021-08-20,173.0,175.2100067138672,172.64999389648438,175.1199951171875,175.1199951171875,6230800,DIS
2021-08-23,177.0800018310547,178.30999755859375,175.91000366210938,177.66000366210938,177.66000366210938,7395900,DIS
2021-08-24,177.9199981689453,180.0800018310547,177.75999450683594,178.47000122070312,178.47000122070312,5886900,DIS
2021-08-25,178.16000366210938,178.58999633789062,176.8800048828125,178.30999755859375,178.30999755859375,4842100,DIS
2021-08-26,178.33999633789062,178.94000244140625,176.33999633789062,176.55999755859375,176.55999755859375,4563000,DIS
2021-08-27,176.27999877929688,180.5399932861328,176.27999877929688,180.13999938964844,180.13999938964844,8690200,DIS
2021-08-30,180.5,181.38999938964844,178.8699951171875,179.97999572753906,179.97999572753906,6421300,DIS
2021-08-31,179.25,182.97999572753906,178.52999877929688,181.3000030517578,181.3000030517578,8620000,DIS
2021-09-01,181.9600067138672,184.2100067138672,181.77999877929688,183.47999572753906,183.47999572753906,7302800,DIS
2021-09-02,184.16000366210938,185.3000030517578,181.5500030517578,181.86000061035156,181.86000061035156,6492600,DIS
2021-09-03,181.82000732421875,181.82000732421875,179.1300048828125,181.0,181.0,6847400,DIS
2021-09-07,181.02000427246094,185.5500030517578,180.0500030517578,184.33999633789062,184.33999633789062,10702900,DIS
2021-09-08,184.33999633789062,187.4600067138672,183.9199981689453,185.14999389648438,185.14999389648438,8634000,DIS
2021-09-09,185.14999389648438,187.5800018310547,184.57000732421875,185.91000366210938,185.91000366210938,7190700,DIS
2021-09-10,186.36000061035156,187.10000610351562,184.00999450683594,184.1199951171875,184.1199951171875,5567500,DIS
2021-09-13,185.1199951171875,185.8000030517578,183.5,184.97999572753906,184.97999572753906,6818200,DIS
2021-09-14,184.9600067138672,185.1300048828125,182.14999389648438,182.39999389648438,182.39999389648438,6185900,DIS
2021-09-15,182.05999755859375,184.66000366210938,181.10000610351562,184.41000366210938,184.41000366210938,5933400,DIS
2021-09-16,183.97000122070312,184.63999938964844,182.1199951171875,183.33999633789062,183.33999633789062,5678200,DIS
2021-09-17,182.91000366210938,185.89999389648438,182.72999572753906,183.47000122070312,183.47000122070312,10035100,DIS
2021-09-20,179.74000549316406,180.8800048828125,176.5500030517578,178.61000061035156,178.61000061035156,8056600,DIS
2021-09-21,180.32000732421875,182.22999572753906,169.02999877929688,171.1699981689453,171.1699981689453,23216000,DIS
2021-09-22,172.94000244140625,175.33999633789062,171.66000366210938,173.64999389648438,173.64999389648438,14214500,DIS
2021-09-23,174.94000244140625,177.19000244140625,174.3699951171875,176.25,176.25,8052900,DIS
2021-09-24,175.3000030517578,176.6999969482422,175.0800018310547,176.0,176.0,5712800,DIS
2021-09-27,176.6300048828125,179.4499969482422,175.9600067138672,178.25999450683594,178.25999450683594,7755000,DIS
2021-09-28,177.75,178.0,173.86000061035156,174.52000427246094,174.52000427246094,9133100,DIS
2021-09-29,174.25,174.9600067138672,172.58999633789062,172.67999267578125,172.67999267578125,6240800,DIS
2021-09-30,173.10000610351562,173.67999267578125,169.10000610351562,169.1699981689453,169.1699981689453,13962400,DIS
2021-10-01,172.27999877929688,177.32000732421875,171.97000122070312,176.00999450683594,176.00999450683594,12165000,DIS
2021-10-04,175.55999755859375,175.9600067138672,172.6699981689453,173.4600067138672,173.4600067138672,7200600,DIS
2021-10-05,173.8300018310547,176.24000549316406,173.61000061035156,174.61000061035156,174.61000061035156,6798200,DIS
2021-10-06,173.0,175.7100067138672,171.5500030517578,175.47999572753906,175.47999572753906,6005200,DIS
2021-10-07,177.6999969482422,179.6300048828125,177.3300018310547,177.7100067138672,177.7100067138672,7780000,DIS
2021-10-08,177.92999267578125,178.60000610351562,176.39999389648438,176.74000549316406,176.74000549316406,4131000,DIS
2021-10-11,176.02000427246094,176.52000427246094,173.47999572753906,173.52000427246094,173.52000427246094,8046300,DIS
2021-10-12,173.6199951171875,174.49000549316406,172.5500030517578,173.1300048828125,173.1300048828125,5188400,DIS
2021-10-13,173.6300048828125,173.6999969482422,170.94000244140625,172.9600067138672,172.9600067138672,8914700,DIS
2021-10-14,174.07000732421875,176.02000427246094,174.0,174.41000366210938,174.41000366210938,7450200,DIS
2021-10-15,175.69000244140625,178.88999938964844,174.10000610351562,176.4600067138672,176.4600067138672,13939600,DIS
2021-10-18,172.36000061035156,173.33999633789062,169.8000030517578,171.13999938964844,171.13999938964844,20494800,DIS
2021-10-19,171.44000244140625,171.5800018310547,170.17999267578125,171.17999267578125,171.17999267578125,9669500,DIS
2021-10-20,170.97000122070312,171.02000427246094,169.8800048828125,170.5500030517578,170.5500030517578,9737600,DIS
2021-10-21,170.1999969482422,172.5,170.10000610351562,171.33999633789062,171.33999633789062,7509000,DIS
2021-10-22,170.57000732421875,170.8000030517578,168.60000610351562,169.4199981689453,169.4199981689453,7854300,DIS
2021-10-25,169.89999389648438,172.57000732421875,169.02999877929688,172.00999450683594,172.00999450683594,9798700,DIS
2021-10-26,172.9499969482422,173.1199951171875,170.7100067138672,172.0399932861328,172.0399932861328,5850200,DIS
2021-10-27,171.77000427246094,172.0399932861328,169.42999267578125,169.5500030517578,169.5500030517578,7054700,DIS
2021-10-28,169.47999572753906,170.35000610351562,168.60000610351562,169.67999267578125,169.67999267578125,7884500,DIS
2021-10-29,169.02000427246094,170.4600067138672,168.14999389648438,169.07000732421875,169.07000732421875,7593400,DIS
2021-11-01,169.2100067138672,171.25,169.08999633789062,170.19000244140625,170.19000244140625,8182900,DIS
2021-11-02,170.02999877929688,170.85000610351562,168.97999572753906,169.8300018310547,169.8300018310547,6777200,DIS
2021-11-03,169.6999969482422,170.19000244140625,168.3699951171875,170.0800018310547,170.0800018310547,6829300,DIS
2021-11-04,170.02999877929688,170.4199981689453,168.6699981689453,170.27999877929688,170.27999877929688,7505500,DIS
2021-11-05,173.5,176.99000549316406,172.3300018310547,175.6300048828125,175.6300048828125,16832000,DIS
2021-11-08,178.69000244140625,179.25,176.10000610351562,176.8699951171875,176.8699951171875,10584600,DIS
2021-11-09,176.9499969482422,177.1199951171875,173.2100067138672,175.11000061035156,175.11000061035156,7293300,DIS
2021-11-10,174.69000244140625,176.8699951171875,173.8699951171875,174.4499969482422,174.4499969482422,11045800,DIS
2021-11-11,162.88999938964844,163.9600067138672,158.3300018310547,162.11000061035156,162.11000061035156,62366500,DIS
2021-11-12,163.52000427246094,163.61000061035156,158.92999267578125,159.6300048828125,159.6300048828125,25601300,DIS
2021-11-15,160.08999633789062,160.72000122070312,157.66000366210938,158.42999267578125,158.42999267578125,21285300,DIS
2021-11-16,159.05999755859375,160.24000549316406,158.5500030517578,158.8300018310547,158.8300018310547,15516200,DIS
2021-11-17,158.72999572753906,158.88999938964844,156.75,157.3300018310547,157.3300018310547,14695500,DIS
2021-11-18,157.08999633789062,157.3000030517578,153.7100067138672,155.5800018310547,155.5800018310547,14487700,DIS
2021-11-19,155.02000427246094,155.2100067138672,152.77000427246094,154.0,154.0,16776500,DIS
2021-11-22,153.22999572753906,155.82000732421875,152.57000732421875,154.16000366210938,154.16000366210938,12790400,DIS
2021-11-23,153.83999633789062,154.25,150.19000244140625,151.02999877929688,151.02999877929688,17382900,DIS
2021-11-24,150.69000244140625,151.41000366210938,148.8000030517578,151.33999633789062,151.33999633789062,14123700,DIS
2021-11-26,146.8000030517578,148.85000610351562,145.85000610351562,148.11000061035156,148.11000061035156,12027700,DIS
2021-11-29,148.80999755859375,149.3000030517578,144.25,147.80999755859375,147.80999755859375,21231300,DIS
2021-11-30,146.72000122070312,147.27999877929688,143.11000061035156,144.89999389648438,144.89999389648438,26011100,DIS
2021-12-01,146.6999969482422,148.3699951171875,142.0399932861328,142.14999389648438,142.14999389648438,16469000,DIS
2021-12-02,142.83999633789062,147.64999389648438,142.77000427246094,147.1999969482422,147.1999969482422,18177700,DIS
2021-12-03,147.80999755859375,148.32000732421875,144.32000732421875,146.22000122070312,146.22000122070312,14963200,DIS
2021-12-06,147.27999877929688,150.74000549316406,146.6699981689453,150.3699951171875,150.3699951171875,14333900,DIS
2021-12-07,151.83999633789062,152.75999450683594,149.72000122070312,150.80999755859375,150.80999755859375,14661100,DIS
2021-12-08,150.91000366210938,153.66000366210938,150.55999755859375,153.33999633789062,153.33999633789062,12886300,DIS
2021-12-09,152.27000427246094,154.2899932861328,151.6999969482422,152.94000244140625,152.94000244140625,11862300,DIS
2021-12-10,153.5800018310547,154.66000366210938,151.4499969482422,152.7100067138672,152.7100067138672,10242700,DIS
2021-12-13,152.1199951171875,152.5,149.2899932861328,150.42999267578125,150.42999267578125,10195800,DIS
2021-12-14,149.25999450683594,151.6199951171875,148.52000427246094,149.10000610351562,149.10000610351562,10872000,DIS
2021-12-15,148.75999450683594,150.9199981689453,147.35000610351562,150.39999389648438,150.39999389648438,12231500,DIS
2021-12-16,151.35000610351562,152.05999755859375,148.5800018310547,148.75,148.75,11145600,DIS
2021-12-17,148.50999450683594,149.83999633789062,146.57000732421875,148.75999450683594,148.75999450683594,13785000,DIS
2021-12-20,146.97999572753906,147.72999572753906,145.0800018310547,146.47000122070312,146.47000122070312,11201900,DIS
2021-12-21,147.55999755859375,151.42999267578125,147.38999938964844,151.0500030517578,151.0500030517578,10781400,DIS
2021-12-22,150.4199981689453,152.1999969482422,149.8699951171875,151.8800048828125,151.8800048828125,7820400,DIS
2021-12-23,152.32000732421875,154.19000244140625,151.92999267578125,153.6300048828125,153.6300048828125,6572400,DIS
2021-12-27,152.8800048828125,154.02000427246094,151.39999389648438,152.8000030517578,152.8000030517578,7762000,DIS
2021-12-28,152.6199951171875,156.5,152.41000366210938,155.1999969482422,155.1999969482422,12198700,DIS
2021-12-29,154.55999755859375,155.9199981689453,154.17999267578125,154.8699951171875,154.8699951171875,8737000,DIS
2021-12-30,155.7100067138672,157.07000732421875,155.50999450683594,155.92999267578125,155.92999267578125,7228400,DIS
