Date,Open,High,Low,Close,Adj Close,Volume,ticker
2014-02-06,16.5,16.989999771118164,16.5,16.989999771118164,8.701401710510254,7249600,LADR
2014-02-07,17.010000228881836,17.84000015258789,16.829999923706055,17.299999237060547,8.860166549682617,730700,LADR
2014-02-10,17.25,17.850000381469727,17.100000381469727,17.489999771118164,8.957474708557129,302500,LADR
2014-02-11,17.520000457763672,17.739999771118164,17.219999313354492,17.299999237060547,8.860166549682617,198200,LADR
2014-02-12,17.229999542236328,17.290000915527344,16.75,16.8799991607666,8.645062446594238,145800,LADR
2014-02-13,16.799999237060547,17.399999618530273,16.739999771118164,17.34000015258789,8.880651473999023,243200,LADR
2014-02-14,17.25,17.399999618530273,17.100000381469727,17.25,8.83455753326416,153900,LADR
2014-02-18,17.149999618530273,17.18000030517578,16.93000030517578,16.969999313354492,8.691157341003418,53800,LADR
2014-02-19,16.899999618530273,17.049999237060547,16.860000610351562,16.950000762939453,8.680916786193848,30100,LADR
2014-02-20,17.049999237060547,17.049999237060547,16.579999923706055,16.649999618530273,8.527266502380371,136200,LADR
2014-02-21,16.559999465942383,16.979999542236328,16.559999465942383,16.93000030517578,8.670673370361328,61800,LADR
2014-02-24,17.049999237060547,17.100000381469727,16.719999313354492,17.100000381469727,8.757737159729004,98500,LADR
2014-02-25,17.0,17.510000228881836,16.90999984741211,17.299999237060547,8.860166549682617,89700,LADR
2014-02-26,17.299999237060547,17.579999923706055,16.809999465942383,16.81999969482422,8.614334106445312,112000,LADR
2014-02-27,16.809999465942383,17.1200008392334,16.799999237060547,16.93000030517578,8.670673370361328,226600,LADR
2014-02-28,16.799999237060547,17.139999389648438,16.75,17.0,8.706520080566406,130900,LADR
2014-03-03,16.75,17.020000457763672,16.719999313354492,16.829999923706055,8.61945629119873,599400,LADR
2014-03-04,17.06999969482422,17.190000534057617,16.899999618530273,17.049999237060547,8.732129096984863,228700,LADR
2014-03-05,17.0,17.049999237060547,16.809999465942383,16.84000015258789,8.624578475952148,145100,LADR
2014-03-06,16.8799991607666,17.43000030517578,16.8799991607666,17.280000686645508,8.849924087524414,905900,LADR
2014-03-07,17.450000762939453,19.0,17.3799991607666,18.600000381469727,9.525957107543945,500100,LADR
2014-03-10,18.649999618530273,18.889999389648438,18.5,18.579999923706055,9.515716552734375,174100,LADR
2014-03-11,18.700000762939453,18.860000610351562,18.399999618530273,18.75,9.60278034210205,345500,LADR
2014-03-12,18.600000381469727,19.0,18.450000762939453,18.850000381469727,9.653996467590332,351000,LADR
2014-03-13,18.899999618530273,18.93000030517578,18.530000686645508,18.600000381469727,9.525957107543945,265700,LADR
2014-03-14,18.600000381469727,19.770000457763672,18.149999618530273,18.950000762939453,9.705209732055664,262300,LADR
2014-03-17,19.100000381469727,19.31999969482422,18.40999984741211,18.479999542236328,9.464502334594727,299800,LADR
2014-03-18,18.399999618530273,19.270000457763672,18.149999618530273,18.950000762939453,9.705209732055664,299000,LADR
2014-03-19,18.950000762939453,18.959999084472656,18.709999084472656,18.8700008392334,9.664239883422852,261800,LADR
2014-03-20,18.8700008392334,18.989999771118164,18.469999313354492,18.81999969482422,9.638629913330078,192200,LADR
2014-03-21,18.850000381469727,19.0,18.309999465942383,18.309999465942383,9.377434730529785,1566100,LADR
2014-03-24,18.510000228881836,19.06999969482422,18.270000457763672,18.889999389648438,9.674483299255371,196600,LADR
2014-03-25,18.90999984741211,19.299999237060547,18.799999237060547,19.0,9.730819702148438,216700,LADR
2014-03-26,19.020000457763672,19.1200008392334,18.399999618530273,18.40999984741211,9.428651809692383,224800,LADR
2014-03-27,18.459999084472656,18.600000381469727,18.219999313354492,18.459999084472656,9.454258918762207,184400,LADR
2014-03-28,18.469999313354492,18.8799991607666,18.450000762939453,18.59000015258789,9.52083683013916,128500,LADR
2014-03-31,18.65999984741211,19.309999465942383,18.579999923706055,18.8799991607666,9.669360160827637,1582500,LADR
2014-04-01,18.850000381469727,19.350000381469727,18.84000015258789,19.329999923706055,9.89982795715332,297000,LADR
2014-04-02,19.290000915527344,19.479999542236328,19.049999237060547,19.219999313354492,9.843490600585938,189700,LADR
2014-04-03,19.290000915527344,19.43000030517578,19.219999313354492,19.360000610351562,9.915189743041992,159300,LADR
2014-04-04,19.440000534057617,19.690000534057617,18.84000015258789,19.1200008392334,9.792276382446289,423700,LADR
2014-04-07,19.030000686645508,19.1200008392334,18.510000228881836,18.56999969482422,9.510595321655273,92600,LADR
2014-04-08,18.549999237060547,18.75,18.260000228881836,18.489999771118164,9.469625473022461,126100,LADR
2014-04-09,18.549999237060547,19.5,18.510000228881836,19.469999313354492,9.971529006958008,150800,LADR
2014-04-10,19.389999389648438,19.389999389648438,18.809999465942383,18.899999618530273,9.679604530334473,134900,LADR
2014-04-11,18.729999542236328,18.950000762939453,17.84000015258789,18.1299991607666,9.285249710083008,103000,LADR
2014-04-14,18.25,18.700000762939453,17.920000076293945,18.139999389648438,9.29037094116211,49900,LADR
2014-04-15,18.15999984741211,18.239999771118164,17.719999313354492,18.040000915527344,9.239155769348145,91200,LADR
2014-04-16,18.18000030517578,18.690000534057617,18.149999618530273,18.440000534057617,9.444015502929688,50800,LADR
2014-04-17,18.510000228881836,18.579999923706055,18.18000030517578,18.440000534057617,9.444015502929688,79100,LADR
2014-04-21,18.520000457763672,18.520000457763672,18.299999237060547,18.34000015258789,9.392800331115723,38100,LADR
2014-04-22,18.239999771118164,18.559999465942383,18.09000015258789,18.200000762939453,9.321101188659668,121700,LADR
2014-04-23,18.079999923706055,18.260000228881836,17.90999984741211,18.149999618530273,9.295492172241211,95200,LADR
2014-04-24,18.190000534057617,18.270000457763672,17.68000030517578,17.899999618530273,9.167454719543457,88900,LADR
2014-04-25,17.809999465942383,17.959999084472656,17.170000076293945,17.670000076293945,9.049660682678223,291800,LADR
2014-04-28,17.770000457763672,18.0,17.459999084472656,17.649999618530273,9.039417266845703,99500,LADR
2014-04-29,17.649999618530273,17.790000915527344,17.520000457763672,17.719999313354492,9.07526969909668,59200,LADR
2014-04-30,17.719999313354492,17.899999618530273,17.549999237060547,17.889999389648438,9.162331581115723,113500,LADR
2014-05-01,17.780000686645508,17.780000686645508,17.31999969482422,17.709999084472656,9.070148468017578,68500,LADR
2014-05-02,17.81999969482422,18.049999237060547,17.75,17.93000030517578,9.182820320129395,160800,LADR
2014-05-05,17.760000228881836,18.290000915527344,17.5,18.280000686645508,9.362071990966797,111600,LADR
2014-05-06,18.299999237060547,18.299999237060547,17.5,17.8700008392334,9.152090072631836,184200,LADR
2014-05-07,17.829999923706055,17.84000015258789,17.459999084472656,17.709999084472656,9.070148468017578,77500,LADR
2014-05-08,17.59000015258789,17.6299991607666,17.239999771118164,17.489999771118164,8.957474708557129,155700,LADR
2014-05-09,17.420000076293945,17.549999237060547,17.139999389648438,17.329999923706055,8.875530242919922,99100,LADR
2014-05-12,17.31999969482422,17.5,17.25,17.31999969482422,8.87040901184082,271100,LADR
2014-05-13,17.299999237060547,17.700000762939453,17.1299991607666,17.420000076293945,8.921625137329102,122100,LADR
2014-05-14,17.34000015258789,17.360000610351562,17.049999237060547,17.100000381469727,8.757737159729004,68900,LADR
2014-05-15,17.020000457763672,17.149999618530273,16.829999923706055,16.920000076293945,8.665549278259277,64200,LADR
2014-05-16,16.8700008392334,17.09000015258789,16.780000686645508,17.040000915527344,8.727007865905762,108000,LADR
2014-05-19,16.969999313354492,17.299999237060547,16.860000610351562,17.15999984741211,8.78846549987793,104600,LADR
2014-05-20,17.1299991607666,17.229999542236328,16.610000610351562,16.639999389648438,8.522150039672852,317900,LADR
2014-05-21,16.6200008392334,16.899999618530273,16.6200008392334,16.780000686645508,8.593849182128906,96300,LADR
2014-05-22,16.780000686645508,17.209999084472656,16.670000076293945,17.149999618530273,8.783343315124512,284100,LADR
2014-05-23,17.15999984741211,17.34000015258789,17.1200008392334,17.25,8.83455753326416,62500,LADR
2014-05-27,17.389999389648438,17.709999084472656,17.309999465942383,17.56999969482422,8.998445510864258,65900,LADR
2014-05-28,17.600000381469727,18.030000686645508,17.540000915527344,17.950000762939453,9.193061828613281,96700,LADR
2014-05-29,18.040000915527344,18.079999923706055,17.56999969482422,17.610000610351562,9.01893138885498,193000,LADR
2014-05-30,17.690000534057617,18.709999084472656,17.549999237060547,18.549999237060547,9.500351905822754,424600,LADR
2014-06-02,18.700000762939453,19.190000534057617,18.700000762939453,19.020000457763672,9.741060256958008,168800,LADR
2014-06-03,19.040000915527344,19.290000915527344,18.8700008392334,19.239999771118164,9.853734016418457,160700,LADR
2014-06-04,19.25,19.530000686645508,19.18000030517578,19.479999542236328,9.976648330688477,178100,LADR
2014-06-05,19.469999313354492,19.809999465942383,19.440000534057617,19.6299991607666,10.053472518920898,103700,LADR
2014-06-06,19.729999542236328,19.979999542236328,19.510000228881836,19.75,10.114933013916016,149700,LADR
2014-06-09,19.850000381469727,19.889999389648438,19.459999084472656,19.610000610351562,10.043228149414062,103500,LADR
2014-06-10,19.639999389648438,19.729999542236328,19.219999313354492,19.540000915527344,10.007379531860352,148000,LADR
2014-06-11,19.540000915527344,19.639999389648438,19.399999618530273,19.6200008392334,10.04835033416748,63500,LADR
2014-06-12,19.520000457763672,19.530000686645508,19.299999237060547,19.5,9.986892700195312,85400,LADR
2014-06-13,19.579999923706055,19.6200008392334,19.399999618530273,19.549999237060547,10.012500762939453,80400,LADR
2014-06-16,19.489999771118164,19.510000228881836,19.010000228881836,19.200000762939453,9.833250999450684,214400,LADR
2014-06-17,19.18000030517578,19.43000030517578,19.1299991607666,19.3799991607666,9.925435066223145,67700,LADR
2014-06-18,19.34000015258789,19.3799991607666,19.219999313354492,19.270000457763672,9.869096755981445,61600,LADR
2014-06-19,19.34000015258789,19.34000015258789,19.020000457763672,19.030000686645508,9.74618148803711,67300,LADR
2014-06-20,19.0,19.100000381469727,18.75,18.770000457763672,9.613024711608887,303300,LADR
2014-06-23,18.81999969482422,18.93000030517578,18.610000610351562,18.670000076293945,9.561810493469238,78800,LADR
2014-06-24,18.600000381469727,18.81999969482422,18.0,18.100000381469727,9.269883155822754,90700,LADR
2014-06-25,18.0,18.329999923706055,17.959999084472656,18.280000686645508,9.362071990966797,70200,LADR
2014-06-26,18.3700008392334,18.510000228881836,18.100000381469727,18.170000076293945,9.305734634399414,79000,LADR
2014-06-27,18.09000015258789,18.170000076293945,17.860000610351562,18.110000610351562,9.275004386901855,232000,LADR
2014-06-30,18.139999389648438,18.25,17.8799991607666,18.06999969482422,9.254520416259766,98700,LADR
2014-07-01,18.18000030517578,18.93000030517578,18.059999465942383,18.65999984741211,9.556690216064453,292100,LADR
2014-07-02,18.709999084472656,19.399999618530273,18.549999237060547,19.239999771118164,9.853734016418457,248700,LADR
2014-07-03,19.239999771118164,19.239999771118164,19.010000228881836,19.079999923706055,9.771791458129883,22000,LADR
2014-07-07,19.030000686645508,19.079999923706055,18.729999542236328,18.780000686645508,9.618147850036621,99300,LADR
2014-07-08,18.729999542236328,18.979999542236328,18.610000610351562,18.8799991607666,9.669360160827637,154300,LADR
2014-07-09,18.93000030517578,18.979999542236328,18.799999237060547,18.8799991607666,9.669360160827637,29000,LADR
2014-07-10,18.799999237060547,19.0,18.6200008392334,18.8700008392334,9.664239883422852,44100,LADR
2014-07-11,18.84000015258789,18.90999984741211,18.780000686645508,18.799999237060547,9.628387451171875,52900,LADR
2014-07-14,19.059999465942383,19.059999465942383,18.639999389648438,18.65999984741211,9.556690216064453,50700,LADR
2014-07-15,18.68000030517578,18.860000610351562,18.520000457763672,18.639999389648438,9.546445846557617,113200,LADR
2014-07-16,18.799999237060547,18.809999465942383,18.59000015258789,18.68000030517578,9.566930770874023,40500,LADR
2014-07-17,18.56999969482422,18.799999237060547,18.350000381469727,18.399999618530273,9.423530578613281,48500,LADR
2014-07-18,18.34000015258789,18.8799991607666,18.260000228881836,18.8700008392334,9.664239883422852,97400,LADR
2014-07-21,18.850000381469727,18.90999984741211,18.579999923706055,18.639999389648438,9.546445846557617,44700,LADR
2014-07-22,18.760000228881836,18.809999465942383,18.5,18.610000610351562,9.531079292297363,38400,LADR
2014-07-23,18.610000610351562,18.6299991607666,18.5,18.559999465942383,9.505474090576172,28300,LADR
2014-07-24,18.6200008392334,18.65999984741211,18.420000076293945,18.610000610351562,9.531079292297363,97200,LADR
2014-07-25,18.5,18.649999618530273,18.149999618530273,18.31999969482422,9.382555961608887,56900,LADR
2014-07-28,18.450000762939453,18.450000762939453,17.75,17.950000762939453,9.193061828613281,71900,LADR
2014-07-29,17.950000762939453,18.1200008392334,17.81999969482422,17.93000030517578,9.182820320129395,89500,LADR
2014-07-30,18.049999237060547,18.100000381469727,17.90999984741211,17.969999313354492,9.203304290771484,47100,LADR
2014-07-31,17.860000610351562,18.0,17.5,17.600000381469727,9.013808250427246,111100,LADR
2014-08-01,17.540000915527344,17.770000457763672,17.350000381469727,17.530000686645508,8.977960586547852,85700,LADR
2014-08-04,17.639999389648438,18.010000228881836,17.510000228881836,17.889999389648438,9.162331581115723,61700,LADR
2014-08-05,17.75,18.15999984741211,17.459999084472656,17.549999237060547,8.988203048706055,76400,LADR
2014-08-06,17.34000015258789,17.65999984741211,17.020000457763672,17.260000228881836,8.839680671691895,131400,LADR
2014-08-07,17.260000228881836,17.350000381469727,16.780000686645508,17.0,8.706520080566406,98100,LADR
2014-08-08,17.010000228881836,17.229999542236328,16.850000381469727,16.889999389648438,8.650186538696289,96400,LADR
2014-08-11,17.0,17.56999969482422,16.850000381469727,17.229999542236328,8.824315071105957,126600,LADR
2014-08-12,17.1299991607666,17.3799991607666,17.09000015258789,17.34000015258789,8.880651473999023,60900,LADR
2014-08-13,17.350000381469727,17.799999237060547,17.309999465942383,17.760000228881836,9.09575366973877,71500,LADR
2014-08-14,17.729999542236328,17.8799991607666,17.56999969482422,17.829999923706055,9.13160514831543,78300,LADR
2014-08-15,18.020000457763672,18.219999313354492,17.65999984741211,18.06999969482422,9.254520416259766,73300,LADR
2014-08-18,18.25,18.360000610351562,18.100000381469727,18.329999923706055,9.387680053710938,28300,LADR
2014-08-19,18.309999465942383,18.469999313354492,18.270000457763672,18.399999618530273,9.423530578613281,56100,LADR
2014-08-20,18.360000610351562,18.479999542236328,18.25,18.270000457763672,9.356950759887695,21000,LADR
2014-08-21,18.270000457763672,18.600000381469727,18.270000457763672,18.5,9.474743843078613,79700,LADR
2014-08-22,18.549999237060547,19.040000915527344,18.549999237060547,18.639999389648438,9.546445846557617,86900,LADR
2014-08-25,18.75,18.969999313354492,18.75,18.84000015258789,9.648873329162598,56500,LADR
2014-08-26,18.899999618530273,18.969999313354492,18.600000381469727,18.700000762939453,9.577174186706543,48700,LADR
2014-08-27,18.780000686645508,18.8700008392334,18.600000381469727,18.709999084472656,9.582297325134277,34800,LADR
2014-08-28,18.690000534057617,18.84000015258789,18.309999465942383,18.450000762939453,9.449136734008789,54600,LADR
2014-08-29,18.479999542236328,18.729999542236328,18.3799991607666,18.600000381469727,9.525957107543945,39500,LADR
2014-09-02,18.700000762939453,18.950000762939453,17.700000762939453,17.93000030517578,9.182820320129395,247600,LADR
2014-09-03,17.969999313354492,18.549999237060547,17.899999618530273,18.3700008392334,9.408164978027344,96900,LADR
2014-09-04,18.40999984741211,18.489999771118164,18.25,18.350000381469727,9.397918701171875,18700,LADR
2014-09-05,18.299999237060547,18.299999237060547,18.020000457763672,18.149999618530273,9.295492172241211,28700,LADR
2014-09-08,18.170000076293945,18.639999389648438,18.170000076293945,18.450000762939453,9.449136734008789,40500,LADR
2014-09-09,18.479999542236328,19.06999969482422,18.3799991607666,18.8700008392334,9.664239883422852,94900,LADR
2014-09-10,18.920000076293945,18.920000076293945,18.479999542236328,18.68000030517578,9.566930770874023,37800,LADR
2014-09-11,18.600000381469727,19.079999923706055,18.600000381469727,19.010000228881836,9.735939025878906,246900,LADR
2014-09-12,19.06999969482422,19.06999969482422,18.709999084472656,18.959999084472656,9.710331916809082,195200,LADR
2014-09-15,18.950000762939453,19.110000610351562,18.950000762939453,19.049999237060547,9.756425857543945,226300,LADR
2014-09-16,19.040000915527344,19.1200008392334,18.950000762939453,19.06999969482422,9.766668319702148,282300,LADR
2014-09-17,19.049999237060547,19.260000228881836,19.0,19.190000534057617,9.828125953674316,185500,LADR
2014-09-18,19.209999084472656,19.469999313354492,19.209999084472656,19.399999618530273,9.935677528381348,150300,LADR
2014-09-19,19.579999923706055,19.579999923706055,19.110000610351562,19.1299991607666,9.79739761352539,305300,LADR
2014-09-22,19.049999237060547,19.34000015258789,19.0,19.270000457763672,9.869096755981445,165300,LADR
2014-09-23,19.229999542236328,20.1299991607666,19.219999313354492,19.639999389648438,10.05859375,320000,LADR
2014-09-24,19.700000762939453,19.700000762939453,19.030000686645508,19.06999969482422,9.766668319702148,118400,LADR
2014-09-25,19.09000015258789,19.09000015258789,18.639999389648438,19.030000686645508,9.74618148803711,101300,LADR
2014-09-26,19.059999465942383,19.15999984741211,18.920000076293945,19.059999465942383,9.76154899597168,47100,LADR
2014-09-29,18.93000030517578,19.260000228881836,18.8799991607666,19.1200008392334,9.792276382446289,57100,LADR
2014-09-30,19.149999618530273,19.149999618530273,18.780000686645508,18.899999618530273,9.679604530334473,91600,LADR
2014-10-01,18.920000076293945,19.149999618530273,18.700000762939453,18.889999389648438,9.674483299255371,129500,LADR
2014-10-02,18.850000381469727,19.06999969482422,18.75,19.020000457763672,9.741060256958008,41000,LADR
2014-10-03,19.149999618530273,19.34000015258789,19.010000228881836,19.1299991607666,9.79739761352539,74100,LADR
2014-10-06,19.139999389648438,19.18000030517578,18.940000534057617,19.1200008392334,9.792276382446289,59700,LADR
2014-10-07,18.969999313354492,19.149999618530273,18.860000610351562,18.889999389648438,9.674483299255371,22600,LADR
2014-10-08,18.860000610351562,19.200000762939453,18.780000686645508,19.139999389648438,9.802519798278809,48700,LADR
2014-10-09,19.149999618530273,19.149999618530273,18.59000015258789,18.59000015258789,9.52083683013916,30500,LADR
2014-10-10,18.420000076293945,18.709999084472656,18.329999923706055,18.40999984741211,9.428651809692383,77400,LADR
2014-10-13,18.40999984741211,19.110000610351562,18.40999984741211,18.649999618530273,9.551568984985352,86000,LADR
2014-10-14,18.81999969482422,19.329999923706055,18.81999969482422,19.0,9.730819702148438,118100,LADR
2014-10-15,18.81999969482422,19.0,18.399999618530273,18.75,9.60278034210205,86300,LADR
2014-10-16,18.56999969482422,19.18000030517578,18.56999969482422,18.940000534057617,9.700088500976562,33600,LADR
2014-10-17,19.229999542236328,19.229999542236328,18.670000076293945,18.75,9.60278034210205,30800,LADR
2014-10-20,18.75,19.1299991607666,18.75,19.049999237060547,9.756425857543945,172600,LADR
2014-10-21,19.219999313354492,19.25,18.950000762939453,19.049999237060547,9.756425857543945,27300,LADR
2014-10-22,19.030000686645508,19.040000915527344,18.65999984741211,18.8799991607666,9.669360160827637,25600,LADR
2014-10-23,19.020000457763672,19.049999237060547,18.760000228881836,18.860000610351562,9.659119606018066,30500,LADR
2014-10-24,18.799999237060547,18.979999542236328,18.75,18.93000030517578,9.694968223571777,30800,LADR
2014-10-27,18.850000381469727,19.1200008392334,18.719999313354492,18.940000534057617,9.700088500976562,20800,LADR
2014-10-28,19.049999237060547,19.3799991607666,18.860000610351562,19.34000015258789,9.904949188232422,59700,LADR
2014-10-29,19.309999465942383,19.309999465942383,18.959999084472656,19.219999313354492,9.843490600585938,30600,LADR
2014-10-30,19.399999618530273,19.399999618530273,18.90999984741211,19.09000015258789,9.776909828186035,65800,LADR
2014-10-31,19.389999389648438,19.389999389648438,18.850000381469727,18.989999771118164,9.725696563720703,454000,LADR
2014-11-03,19.010000228881836,19.239999771118164,18.90999984741211,19.049999237060547,9.756425857543945,65100,LADR
2014-11-04,19.020000457763672,19.06999969482422,19.020000457763672,19.049999237060547,9.756425857543945,53500,LADR
2014-11-05,19.09000015258789,19.149999618530273,19.0,19.09000015258789,9.776909828186035,175300,LADR
2014-11-06,18.899999618530273,19.100000381469727,18.860000610351562,18.989999771118164,9.725696563720703,61800,LADR
2014-11-07,19.0,19.049999237060547,18.84000015258789,19.049999237060547,9.756425857543945,178000,LADR
2014-11-10,19.0,19.049999237060547,18.889999389648438,19.049999237060547,9.756425857543945,35400,LADR
2014-11-11,19.0,19.049999237060547,18.709999084472656,18.860000610351562,9.659119606018066,53200,LADR
2014-11-12,18.8799991607666,19.049999237060547,18.81999969482422,19.030000686645508,9.74618148803711,25700,LADR
2014-11-13,18.93000030517578,19.049999237060547,18.84000015258789,19.0,9.730819702148438,40000,LADR
2014-11-14,19.06999969482422,19.06999969482422,18.850000381469727,18.979999542236328,9.720576286315918,42100,LADR
2014-11-17,18.90999984741211,18.93000030517578,18.329999923706055,18.440000534057617,9.444015502929688,38000,LADR
2014-11-18,18.479999542236328,18.479999542236328,18.0,18.020000457763672,9.228913307189941,84800,LADR
2014-11-19,17.979999542236328,18.190000534057617,17.809999465942383,18.15999984741211,9.300616264343262,72500,LADR
2014-11-20,18.100000381469727,18.969999313354492,18.100000381469727,18.93000030517578,9.694968223571777,80700,LADR
2014-11-21,19.049999237060547,19.049999237060547,18.790000915527344,18.8799991607666,9.669360160827637,73100,LADR
2014-11-24,18.84000015258789,19.040000915527344,18.809999465942383,19.0,9.730819702148438,37300,LADR
2014-11-25,19.030000686645508,19.030000686645508,18.760000228881836,18.799999237060547,9.628387451171875,57400,LADR
2014-11-26,19.0,19.049999237060547,18.8700008392334,19.020000457763672,9.741060256958008,53500,LADR
2014-11-28,19.010000228881836,19.18000030517578,18.8799991607666,18.90999984741211,9.68472671508789,29300,LADR
2014-12-01,18.899999618530273,19.049999237060547,18.8799991607666,19.0,9.730819702148438,186500,LADR
2014-12-02,19.170000076293945,19.270000457763672,19.0,19.239999771118164,9.853734016418457,170100,LADR
2014-12-03,19.299999237060547,19.479999542236328,19.239999771118164,19.299999237060547,9.884462356567383,44800,LADR
2014-12-04,19.309999465942383,19.670000076293945,19.270000457763672,19.670000076293945,10.073955535888672,56600,LADR
2014-12-05,19.6200008392334,19.75,19.610000610351562,19.68000030517578,10.079079627990723,29100,LADR
2014-12-08,19.549999237060547,19.799999237060547,19.440000534057617,19.520000457763672,9.997136116027832,58100,LADR
2014-12-09,19.329999923706055,19.719999313354492,19.329999923706055,19.559999465942383,10.017620086669922,59700,LADR
2014-12-10,19.6200008392334,19.6299991607666,19.020000457763672,19.200000762939453,9.833250999450684,92200,LADR
2014-12-11,19.3700008392334,19.56999969482422,19.1299991607666,19.170000076293945,9.817882537841797,58000,LADR
2014-12-12,19.0,19.3799991607666,18.809999465942383,19.020000457763672,9.741060256958008,58600,LADR
2014-12-15,19.079999923706055,19.219999313354492,18.81999969482422,18.950000762939453,9.705209732055664,55600,LADR
2014-12-16,19.1299991607666,20.31999969482422,19.1299991607666,20.209999084472656,10.350519180297852,165200,LADR
2014-12-17,20.3799991607666,20.719999313354492,20.219999313354492,20.450000762939453,10.47343635559082,128600,LADR
2014-12-18,20.649999618530273,20.780000686645508,20.040000915527344,20.079999923706055,10.28393840789795,76300,LADR
2014-12-19,20.049999237060547,20.190000534057617,19.850000381469727,19.899999618530273,10.191750526428223,140400,LADR
2014-12-22,19.920000076293945,20.059999465942383,19.799999237060547,19.889999389648438,10.186630249023438,217100,LADR
2014-12-23,19.920000076293945,20.100000381469727,19.75,19.969999313354492,10.2276029586792,322000,LADR
2014-12-24,19.959999084472656,20.219999313354492,19.81999969482422,19.979999542236328,10.232723236083984,173900,LADR
2014-12-26,20.0,20.100000381469727,19.850000381469727,19.920000076293945,10.201996803283691,56700,LADR
2014-12-29,20.0,20.020000457763672,19.93000030517578,19.979999542236328,10.232723236083984,152100,LADR
2014-12-30,19.950000762939453,19.989999771118164,19.790000915527344,19.799999237060547,10.14053726196289,34600,LADR
2014-12-31,19.790000915527344,19.899999618530273,19.549999237060547,19.610000610351562,10.043228149414062,48600,LADR
2015-01-02,19.790000915527344,20.0,19.6299991607666,19.979999542236328,10.232723236083984,150700,LADR
2015-01-05,19.829999923706055,20.0,19.290000915527344,19.549999237060547,10.012500762939453,90700,LADR
2015-01-06,19.649999618530273,19.790000915527344,19.329999923706055,19.450000762939453,9.961283683776855,143100,LADR
2015-01-07,19.489999771118164,19.520000457763672,19.110000610351562,19.420000076293945,9.945921897888184,99500,LADR
2015-01-08,19.610000610351562,20.0,19.469999313354492,19.6299991607666,10.053472518920898,54100,LADR
2015-01-09,19.700000762939453,19.760000228881836,19.239999771118164,19.479999542236328,9.976648330688477,49100,LADR
2015-01-12,19.75,19.770000457763672,19.15999984741211,19.34000015258789,9.904949188232422,57900,LADR
2015-01-13,19.469999313354492,19.540000915527344,18.90999984741211,19.09000015258789,9.776909828186035,61600,LADR
2015-01-14,18.8799991607666,19.149999618530273,18.600000381469727,18.790000915527344,9.62326717376709,163000,LADR
2015-01-15,18.780000686645508,18.780000686645508,18.34000015258789,18.489999771118164,9.469625473022461,45600,LADR
2015-01-16,18.40999984741211,18.5,18.40999984741211,18.450000762939453,9.449136734008789,63700,LADR
2015-01-20,18.5,18.68000030517578,18.280000686645508,18.360000610351562,9.403044700622559,90300,LADR
2015-01-21,18.360000610351562,18.510000228881836,18.149999618530273,18.459999084472656,9.454258918762207,50600,LADR
2015-01-22,18.559999465942383,18.639999389648438,18.290000915527344,18.510000228881836,9.479865074157715,146100,LADR
2015-01-23,18.399999618530273,18.670000076293945,18.389999389648438,18.43000030517578,9.438894271850586,39100,LADR
2015-01-26,18.40999984741211,18.780000686645508,18.18000030517578,18.649999618530273,9.551568984985352,55400,LADR
2015-01-27,18.549999237060547,19.030000686645508,18.3700008392334,18.59000015258789,9.52083683013916,60100,LADR
2015-01-28,18.65999984741211,18.670000076293945,18.059999465942383,18.18000030517578,9.310855865478516,39900,LADR
2015-01-29,18.260000228881836,18.260000228881836,17.950000762939453,18.149999618530273,9.295492172241211,57700,LADR
2015-01-30,18.0,19.020000457763672,18.0,18.760000228881836,9.607903480529785,145500,LADR
2015-02-02,18.739999771118164,19.239999771118164,18.739999771118164,19.200000762939453,9.833250999450684,61800,LADR
2015-02-03,19.18000030517578,19.65999984741211,19.18000030517578,19.420000076293945,9.945921897888184,79900,LADR
2015-02-04,19.459999084472656,19.459999084472656,19.15999984741211,19.270000457763672,9.869096755981445,79700,LADR
2015-02-05,19.360000610351562,19.459999084472656,19.110000610351562,19.25,9.858854293823242,82400,LADR
2015-02-06,19.200000762939453,19.389999389648438,18.989999771118164,19.149999618530273,9.807640075683594,60900,LADR
2015-02-09,19.149999618530273,19.389999389648438,18.790000915527344,18.8799991607666,9.669360160827637,35200,LADR
2015-02-10,18.90999984741211,19.0,18.510000228881836,18.530000686645508,9.490106582641602,30200,LADR
2015-02-11,18.56999969482422,18.700000762939453,18.450000762939453,18.59000015258789,9.52083683013916,19400,LADR
2015-02-12,18.75,18.889999389648438,18.510000228881836,18.770000457763672,9.613024711608887,39200,LADR
2015-02-13,18.81999969482422,18.979999542236328,18.709999084472656,18.940000534057617,9.700088500976562,62000,LADR
2015-02-17,18.889999389648438,19.0,18.799999237060547,18.84000015258789,9.648873329162598,13300,LADR
2015-02-18,18.760000228881836,18.81999969482422,18.1299991607666,18.350000381469727,9.397918701171875,51000,LADR
2015-02-19,18.270000457763672,18.729999542236328,18.270000457763672,18.510000228881836,9.479865074157715,21500,LADR
2015-02-20,18.559999465942383,18.600000381469727,18.209999084472656,18.329999923706055,9.387680053710938,57100,LADR
2015-02-23,18.329999923706055,18.43000030517578,18.100000381469727,18.15999984741211,9.300616264343262,23200,LADR
2015-02-24,18.110000610351562,18.459999084472656,18.110000610351562,18.239999771118164,9.341586112976074,27100,LADR
2015-02-25,18.309999465942383,18.479999542236328,18.239999771118164,18.350000381469727,9.397918701171875,28600,LADR
2015-02-26,18.260000228881836,18.639999389648438,18.260000228881836,18.5,9.474743843078613,27100,LADR
2015-02-27,18.5,18.690000534057617,18.360000610351562,18.399999618530273,9.423530578613281,31800,LADR
2015-03-02,18.399999618530273,18.81999969482422,18.31999969482422,18.6299991607666,9.541325569152832,122400,LADR
2015-03-03,18.65999984741211,19.09000015258789,18.65999984741211,18.959999084472656,9.710331916809082,68700,LADR
2015-03-04,18.959999084472656,19.139999389648438,18.709999084472656,19.079999923706055,9.771791458129883,76900,LADR
2015-03-05,19.1200008392334,19.1200008392334,18.829999923706055,18.940000534057617,9.700088500976562,29900,LADR
2015-03-06,18.889999389648438,19.209999084472656,17.700000762939453,18.049999237060547,9.244277000427246,84600,LADR
2015-03-09,18.5,18.780000686645508,17.690000534057617,17.760000228881836,9.09575366973877,96000,LADR
2015-03-10,17.68000030517578,17.8700008392334,17.610000610351562,17.6299991607666,9.029173851013184,65200,LADR
2015-03-11,17.670000076293945,18.100000381469727,17.6299991607666,18.059999465942383,9.24940013885498,66000,LADR
2015-03-12,18.18000030517578,18.510000228881836,18.18000030517578,18.3799991607666,9.413285255432129,55300,LADR
2015-03-13,18.56999969482422,18.90999984741211,18.219999313354492,18.8799991607666,9.669360160827637,124700,LADR
2015-03-16,19.010000228881836,19.049999237060547,18.579999923706055,18.770000457763672,9.613024711608887,44400,LADR
2015-03-17,18.770000457763672,18.969999313354492,18.600000381469727,18.729999542236328,9.592537879943848,78800,LADR
2015-03-18,18.809999465942383,18.8700008392334,18.5,18.690000534057617,9.572054862976074,59500,LADR
2015-03-19,18.670000076293945,18.690000534057617,18.15999984741211,18.260000228881836,9.351828575134277,66500,LADR
2015-03-20,18.399999618530273,18.6200008392334,18.200000762939453,18.559999465942383,9.505474090576172,209500,LADR
2015-03-23,18.559999465942383,19.09000015258789,18.399999618530273,18.920000076293945,9.689845085144043,58900,LADR
2015-03-24,18.979999542236328,19.0,18.31999969482422,18.459999084472656,9.454258918762207,91500,LADR
2015-03-25,18.469999313354492,18.540000915527344,18.079999923706055,18.149999618530273,9.295492172241211,111500,LADR
2015-03-26,18.190000534057617,18.450000762939453,17.979999542236328,18.030000686645508,9.234034538269043,69800,LADR
2015-03-27,18.059999465942383,18.389999389648438,18.059999465942383,18.260000228881836,9.351828575134277,88100,LADR
2015-03-30,18.260000228881836,18.739999771118164,18.260000228881836,18.56999969482422,9.510595321655273,79000,LADR
2015-03-31,18.610000610351562,18.690000534057617,18.229999542236328,18.510000228881836,9.479865074157715,161300,LADR
2015-04-01,18.530000686645508,18.530000686645508,17.829999923706055,18.229999542236328,9.464292526245117,149900,LADR
2015-04-02,18.229999542236328,18.280000686645508,18.110000610351562,18.219999313354492,9.459099769592285,30000,LADR
2015-04-06,18.200000762939453,18.31999969482422,17.90999984741211,17.93000030517578,9.308545112609863,48700,LADR
2015-04-07,17.940000534057617,18.0,17.709999084472656,17.780000686645508,9.230668067932129,50900,LADR
2015-04-08,17.709999084472656,17.969999313354492,17.6299991607666,17.940000534057617,9.313735961914062,54100,LADR
2015-04-09,18.0,18.030000686645508,17.600000381469727,17.690000534057617,9.183945655822754,86500,LADR
2015-04-10,17.790000915527344,17.850000381469727,17.639999389648438,17.68000030517578,9.178753852844238,25400,LADR
2015-04-13,17.75,18.059999465942383,17.719999313354492,17.940000534057617,9.313735961914062,32900,LADR
2015-04-14,18.030000686645508,18.09000015258789,17.90999984741211,18.049999237060547,9.370841026306152,34500,LADR
2015-04-15,18.010000228881836,18.1299991607666,17.940000534057617,17.969999313354492,9.32930850982666,49100,LADR
2015-04-16,17.989999771118164,18.040000915527344,17.790000915527344,17.979999542236328,9.334500312805176,37700,LADR
2015-04-17,17.889999389648438,17.940000534057617,17.649999618530273,17.75,9.215095520019531,39000,LADR
2015-04-20,17.790000915527344,17.950000762939453,17.68000030517578,17.860000610351562,9.272202491760254,123700,LADR
2015-04-21,17.829999923706055,17.860000610351562,17.6200008392334,17.700000762939453,9.18913745880127,95900,LADR
2015-04-22,17.68000030517578,17.860000610351562,17.559999465942383,17.829999923706055,9.256625175476074,49700,LADR
2015-04-23,17.739999771118164,17.8799991607666,17.65999984741211,17.729999542236328,9.20470905303955,61400,LADR
2015-04-24,17.780000686645508,18.0,17.6299991607666,17.959999084472656,9.324115753173828,52600,LADR
2015-04-27,17.950000762939453,17.950000762939453,17.600000381469727,17.6299991607666,9.152793884277344,72400,LADR
2015-04-28,17.6200008392334,17.75,17.610000610351562,17.75,9.215095520019531,78400,LADR
2015-04-29,17.760000228881836,17.760000228881836,17.440000534057617,17.600000381469727,9.137219429016113,102300,LADR
2015-04-30,17.6200008392334,17.780000686645508,17.440000534057617,17.540000915527344,9.106072425842285,222700,LADR
2015-05-01,17.579999923706055,17.75,17.0,17.290000915527344,8.976283073425293,454200,LADR
2015-05-04,17.149999618530273,17.299999237060547,16.610000610351562,17.239999771118164,8.950322151184082,223300,LADR
2015-05-05,17.100000381469727,17.280000686645508,17.040000915527344,17.190000534057617,8.92436408996582,258900,LADR
2015-05-06,17.09000015258789,17.25,16.979999542236328,17.15999984741211,8.90878963470459,113100,LADR
2015-05-07,17.270000457763672,17.850000381469727,17.270000457763672,17.75,9.215095520019531,166500,LADR
2015-05-08,17.790000915527344,18.059999465942383,17.719999313354492,17.799999237060547,9.241052627563477,119700,LADR
2015-05-11,17.700000762939453,18.049999237060547,17.600000381469727,17.780000686645508,9.230668067932129,196800,LADR
2015-05-12,17.65999984741211,17.81999969482422,17.399999618530273,17.739999771118164,9.2099027633667,357600,LADR
2015-05-13,17.780000686645508,17.84000015258789,17.639999389648438,17.770000457763672,9.225479125976562,117200,LADR
2015-05-14,17.799999237060547,18.049999237060547,17.719999313354492,18.030000686645508,9.36046028137207,105000,LADR
2015-05-15,18.0,18.1299991607666,17.979999542236328,18.1200008392334,9.407184600830078,120700,LADR
2015-05-18,18.06999969482422,18.209999084472656,18.030000686645508,18.190000534057617,9.443525314331055,133800,LADR
2015-05-19,18.190000534057617,18.239999771118164,17.989999771118164,18.0,9.344883918762207,201100,LADR
2015-05-20,18.040000915527344,18.200000762939453,17.989999771118164,17.989999771118164,9.339692115783691,127100,LADR
2015-05-21,17.989999771118164,18.09000015258789,17.8799991607666,17.8799991607666,9.282584190368652,103800,LADR
2015-05-22,17.920000076293945,18.0,17.899999618530273,17.989999771118164,9.339692115783691,151300,LADR
2015-05-26,18.0,18.020000457763672,17.670000076293945,17.790000915527344,9.235861778259277,216000,LADR
2015-05-27,17.760000228881836,17.969999313354492,17.760000228881836,17.899999618530273,9.292966842651367,108700,LADR
2015-05-28,17.899999618530273,18.040000915527344,17.8700008392334,17.920000076293945,9.303353309631348,209300,LADR
2015-05-29,17.84000015258789,18.0,17.649999618530273,17.770000457763672,9.225479125976562,457200,LADR
2015-06-01,17.760000228881836,17.93000030517578,17.690000534057617,17.700000762939453,9.18913745880127,227300,LADR
2015-06-02,17.700000762939453,18.0,17.700000762939453,17.959999084472656,9.324115753173828,201800,LADR
2015-06-03,17.959999084472656,18.079999923706055,17.84000015258789,17.850000381469727,9.267009735107422,377300,LADR
2015-06-04,17.75,17.950000762939453,17.6200008392334,17.700000762939453,9.18913745880127,188800,LADR
2015-06-05,17.729999542236328,17.850000381469727,17.600000381469727,17.81999969482422,9.251433372497559,103200,LADR
2015-06-08,17.739999771118164,17.959999084472656,17.739999771118164,17.93000030517578,9.308545112609863,127900,LADR
2015-06-09,17.809999465942383,17.940000534057617,17.690000534057617,17.760000228881836,9.220287322998047,96100,LADR
2015-06-10,17.84000015258789,17.899999618530273,17.700000762939453,17.729999542236328,9.20470905303955,124700,LADR
2015-06-11,17.56999969482422,18.100000381469727,17.56999969482422,18.100000381469727,9.531192779541016,120500,LADR
2015-06-12,18.110000610351562,18.190000534057617,18.030000686645508,18.06999969482422,9.515395164489746,55000,LADR
2015-06-15,18.040000915527344,18.350000381469727,17.969999313354492,18.350000381469727,9.66283893585205,234100,LADR
2015-06-16,18.280000686645508,18.3799991607666,17.959999084472656,18.280000686645508,9.625978469848633,256000,LADR
2015-06-17,18.34000015258789,18.440000534057617,18.170000076293945,18.280000686645508,9.625978469848633,173300,LADR
2015-06-18,18.280000686645508,18.399999618530273,18.18000030517578,18.299999237060547,9.636510848999023,288000,LADR
2015-06-19,18.299999237060547,18.479999542236328,18.06999969482422,18.329999923706055,9.65230941772461,473900,LADR
2015-06-22,18.40999984741211,18.600000381469727,18.299999237060547,18.479999542236328,9.731295585632324,191900,LADR
2015-06-23,18.540000915527344,18.639999389648438,18.260000228881836,18.489999771118164,9.736562728881836,285900,LADR
2015-06-24,18.530000686645508,18.610000610351562,18.290000915527344,18.3700008392334,9.673373222351074,226000,LADR
2015-06-25,18.489999771118164,18.559999465942383,18.110000610351562,18.170000076293945,9.568055152893066,351200,LADR
2015-06-26,18.170000076293945,18.3799991607666,17.899999618530273,18.0,9.478534698486328,1677600,LADR
2015-06-29,17.90999984741211,17.959999084472656,17.489999771118164,17.540000915527344,9.236306190490723,188700,LADR
2015-06-30,17.670000076293945,17.739999771118164,17.329999923706055,17.350000381469727,9.13625431060791,207300,LADR
2015-07-01,17.469999313354492,17.59000015258789,17.190000534057617,17.329999923706055,9.125722885131836,178100,LADR
2015-07-02,17.43000030517578,17.43000030517578,16.899999618530273,16.979999542236328,8.941417694091797,129000,LADR
2015-07-06,16.8799991607666,17.0,16.760000228881836,16.809999465942383,8.851896286010742,221000,LADR
2015-07-07,16.780000686645508,16.850000381469727,16.40999984741211,16.540000915527344,8.709720611572266,182600,LADR
2015-07-08,16.34000015258789,16.5,16.139999389648438,16.299999237060547,8.58333969116211,126600,LADR
2015-07-09,16.420000076293945,16.530000686645508,16.100000381469727,16.25,8.557010650634766,111100,LADR
2015-07-10,16.360000610351562,16.579999923706055,16.299999237060547,16.3799991607666,8.625467300415039,170100,LADR
2015-07-13,16.389999389648438,16.510000228881836,16.389999389648438,16.450000762939453,8.662327766418457,121700,LADR
2015-07-14,16.450000762939453,16.559999465942383,16.389999389648438,16.549999237060547,8.714986801147461,87400,LADR
2015-07-15,16.510000228881836,16.649999618530273,16.440000534057617,16.639999389648438,8.762380599975586,89300,LADR
2015-07-16,16.790000915527344,16.790000915527344,16.5,16.600000381469727,8.741314888000488,95800,LADR
2015-07-17,16.649999618530273,16.75,16.540000915527344,16.65999984741211,8.772911071777344,94100,LADR
2015-07-20,16.709999084472656,16.709999084472656,16.3799991607666,16.399999618530273,8.63599967956543,119700,LADR
2015-07-21,16.459999084472656,16.489999771118164,16.139999389648438,16.209999084472656,8.5359468460083,63900,LADR
2015-07-22,16.139999389648438,16.280000686645508,16.079999923706055,16.09000015258789,8.472756385803223,46200,LADR
2015-07-23,16.030000686645508,16.149999618530273,15.670000076293945,15.680000305175781,8.256857872009277,109000,LADR
2015-07-24,15.609999656677246,15.829999923706055,15.40999984741211,15.5,8.162071228027344,286500,LADR
2015-07-27,15.40999984741211,15.529999732971191,15.279999732971191,15.300000190734863,8.056756973266602,203100,LADR
2015-07-28,15.350000381469727,15.390000343322754,15.15999984741211,15.229999542236328,8.01989459991455,294000,LADR
2015-07-29,15.210000038146973,15.520000457763672,15.1899995803833,15.25,8.030424118041992,172600,LADR
2015-07-30,15.149999618530273,15.449999809265137,15.109999656677246,15.449999809265137,8.135744094848633,111300,LADR
2015-07-31,15.489999771118164,15.75,15.40999984741211,15.710000038146973,8.27265453338623,258500,LADR
2015-08-03,15.710000038146973,15.710000038146973,15.539999961853027,15.649999618530273,8.241060256958008,100800,LADR
2015-08-04,15.630000114440918,15.630000114440918,15.289999961853027,15.34000015258789,8.07781982421875,61100,LADR
2015-08-05,15.350000381469727,15.539999961853027,15.279999732971191,15.449999809265137,8.135744094848633,192200,LADR
2015-08-06,15.600000381469727,16.329999923706055,15.600000381469727,15.960000038146973,8.40429973602295,156900,LADR
2015-08-07,15.829999923706055,15.920000076293945,15.649999618530273,15.710000038146973,8.27265453338623,144100,LADR
2015-08-10,15.869999885559082,15.869999885559082,15.65999984741211,15.720000267028809,8.27791976928711,148100,LADR
2015-08-11,15.65999984741211,15.729999542236328,15.40999984741211,15.59000015258789,8.209466934204102,202500,LADR
2015-08-12,15.550000190734863,15.729999542236328,15.34000015258789,15.699999809265137,8.267389297485352,249700,LADR
2015-08-13,15.729999542236328,15.979999542236328,15.649999618530273,15.859999656677246,8.351642608642578,100100,LADR
2015-08-14,15.800000190734863,15.9399995803833,15.670000076293945,15.9399995803833,8.393769264221191,139800,LADR
2015-08-17,15.890000343322754,16.209999084472656,15.84000015258789,16.079999923706055,8.467490196228027,99100,LADR
2015-08-18,16.15999984741211,16.15999984741211,15.9399995803833,15.960000038146973,8.40429973602295,94700,LADR
2015-08-19,15.850000381469727,16.030000686645508,15.75,15.9399995803833,8.393769264221191,93200,LADR
2015-08-20,15.84000015258789,15.960000038146973,15.609999656677246,15.619999885559082,8.225262641906738,80000,LADR
2015-08-21,15.399999618530273,16.030000686645508,15.279999732971191,15.760000228881836,8.298981666564941,145900,LADR
2015-08-24,15.5,15.800000190734863,15.25,15.319999694824219,8.067285537719727,161300,LADR
2015-08-25,15.699999809265137,15.800000190734863,15.140000343322754,15.170000076293945,7.9882988929748535,133700,LADR
2015-08-26,15.470000267028809,15.510000228881836,15.119999885559082,15.510000228881836,8.167337417602539,85700,LADR
2015-08-27,15.5600004196167,15.869999885559082,15.430000305175781,15.550000190734863,8.18840217590332,137100,LADR
2015-08-28,15.479999542236328,15.649999618530273,15.350000381469727,15.529999732971191,8.17786979675293,78400,LADR
2015-08-31,15.479999542236328,15.59000015258789,15.390000343322754,15.579999923706055,8.20419979095459,60200,LADR
2015-09-01,15.369999885559082,15.600000381469727,15.270000457763672,15.399999618530273,8.109414100646973,180100,LADR
2015-09-02,15.520000457763672,15.699999809265137,15.300000190734863,15.4399995803833,8.130478858947754,183200,LADR
2015-09-03,15.5,15.529999732971191,15.380000114440918,15.420000076293945,8.11994457244873,72300,LADR
2015-09-04,15.25,15.329999923706055,14.850000381469727,15.0,7.898778915405273,130600,LADR
2015-09-08,14.869999885559082,15.430000305175781,14.869999885559082,15.300000190734863,8.207219123840332,206000,LADR
2015-09-09,15.34000015258789,15.479999542236328,15.1899995803833,15.239999771118164,8.175034523010254,81000,LADR
2015-09-10,15.1899995803833,15.470000267028809,15.1899995803833,15.4399995803833,8.282318115234375,101000,LADR
2015-09-11,15.40999984741211,15.640000343322754,15.25,15.510000228881836,8.319869995117188,75500,LADR
2015-09-14,15.489999771118164,15.710000038146973,15.449999809265137,15.600000381469727,8.368145942687988,79600,LADR
2015-09-15,15.579999923706055,15.979999542236328,15.579999923706055,15.920000076293945,8.539799690246582,181900,LADR
2015-09-16,15.9399995803833,16.049999237060547,15.869999885559082,15.970000267028809,8.566620826721191,163300,LADR
2015-09-17,16.010000228881836,16.15999984741211,15.869999885559082,15.890000343322754,8.52370834350586,278100,LADR
2015-09-18,15.710000038146973,15.949999809265137,15.079999923706055,15.170000076293945,8.13748550415039,836600,LADR
2015-09-21,15.359999656677246,15.699999809265137,15.180000305175781,15.600000381469727,8.368145942687988,212900,LADR
2015-09-22,15.510000228881836,15.579999923706055,15.170000076293945,15.380000114440918,8.25013542175293,122600,LADR
2015-09-23,15.4399995803833,15.59000015258789,15.260000228881836,15.359999656677246,8.239405632019043,136100,LADR
2015-09-24,15.329999923706055,15.329999923706055,15.220000267028809,15.270000457763672,8.191129684448242,82100,LADR
2015-09-25,15.34000015258789,15.34000015258789,15.130000114440918,15.140000343322754,8.121392250061035,155400,LADR
2015-09-28,15.130000114440918,15.130000114440918,14.729999542236328,14.90999984741211,7.998015403747559,223100,LADR
2015-09-29,14.890000343322754,14.920000076293945,14.539999961853027,14.539999961853027,7.7995405197143555,282400,LADR
2015-09-30,14.619999885559082,14.6899995803833,14.210000038146973,14.319999694824219,7.681530475616455,225000,LADR
2015-10-01,14.449999809265137,14.449999809265137,14.15999984741211,14.25,7.643979549407959,180000,LADR
2015-10-02,14.1899995803833,14.1899995803833,13.880000114440918,14.09000015258789,7.558152675628662,134900,LADR
2015-10-05,14.170000076293945,14.59000015258789,14.170000076293945,14.579999923706055,7.820998668670654,135000,LADR
2015-10-06,14.579999923706055,14.699999809265137,14.390000343322754,14.420000076293945,7.735170841217041,97100,LADR
2015-10-07,14.4399995803833,14.970000267028809,14.4399995803833,14.970000267028809,8.030200958251953,106000,LADR
2015-10-08,14.930000305175781,15.09000015258789,14.859999656677246,15.079999923706055,8.089208602905273,86600,LADR
2015-10-09,15.0600004196167,15.09000015258789,14.800000190734863,15.0,8.046294212341309,115400,LADR
2015-10-12,15.029999732971191,15.229999542236328,14.960000038146973,15.170000076293945,8.13748550415039,99500,LADR
2015-10-13,15.0600004196167,15.270000457763672,14.850000381469727,14.880000114440918,7.981925964355469,111800,LADR
2015-10-14,14.859999656677246,14.989999771118164,14.710000038146973,14.760000228881836,7.9175543785095215,68400,LADR
2015-10-15,14.760000228881836,14.770000457763672,14.59000015258789,14.649999618530273,7.858547687530518,205100,LADR
2015-10-16,14.670000076293945,14.710000038146973,14.489999771118164,14.510000228881836,7.783449172973633,153500,LADR
2015-10-19,14.5,14.5600004196167,14.359999656677246,14.520000457763672,7.788814544677734,87200,LADR
2015-10-20,14.489999771118164,14.75,14.449999809265137,14.59000015258789,7.826364517211914,67200,LADR
2015-10-21,14.630000114440918,14.630000114440918,14.420000076293945,14.420000076293945,7.735170841217041,49200,LADR
2015-10-22,14.5,14.789999961853027,14.489999771118164,14.699999809265137,7.885369777679443,94000,LADR
2015-10-23,14.729999542236328,14.84000015258789,14.619999885559082,14.739999771118164,7.906824588775635,100400,LADR
2015-10-26,14.710000038146973,14.829999923706055,14.670000076293945,14.75,7.91218900680542,131800,LADR
2015-10-27,14.720000267028809,14.720000267028809,14.279999732971191,14.4399995803833,7.745898246765137,126900,LADR
2015-10-28,14.470000267028809,14.569999694824219,14.239999771118164,14.5,7.778084754943848,198400,LADR
2015-10-29,14.399999618530273,14.470000267028809,14.170000076293945,14.300000190734863,7.670801639556885,121500,LADR
2015-10-30,14.260000228881836,14.4399995803833,14.180000305175781,14.260000228881836,7.649344444274902,125500,LADR
2015-11-02,14.260000228881836,14.550000190734863,14.170000076293945,14.489999771118164,7.772719383239746,160400,LADR
2015-11-03,14.510000228881836,14.579999923706055,14.40999984741211,14.479999542236328,7.7673563957214355,67400,LADR
2015-11-04,14.479999542236328,14.529999732971191,14.329999923706055,14.5,7.778084754943848,139100,LADR
2015-11-05,13.75,14.460000038146973,12.949999809265137,13.779999732971191,7.391861915588379,357400,LADR
2015-11-06,13.520000457763672,13.829999923706055,13.289999961853027,13.739999771118164,7.370404243469238,186100,LADR
2015-11-09,13.680000305175781,13.710000038146973,13.430000305175781,13.460000038146973,7.220208644866943,171700,LADR
2015-11-10,13.470000267028809,13.550000190734863,13.170000076293945,13.1899995803833,7.075375556945801,139100,LADR
2015-11-11,13.239999771118164,13.350000381469727,13.130000114440918,13.329999923706055,7.150475025177002,574700,LADR
2015-11-12,13.260000228881836,13.399999618530273,13.069999694824219,13.100000381469727,7.027097225189209,96600,LADR
2015-11-13,13.039999961853027,13.4399995803833,13.0,13.319999694824219,7.1451096534729,141300,LADR
2015-11-16,13.279999732971191,13.630000114440918,13.130000114440918,13.609999656677246,7.300671577453613,119700,LADR
2015-11-17,13.609999656677246,13.979999542236328,13.470000267028809,13.579999923706055,7.284580707550049,168300,LADR
2015-11-18,13.579999923706055,13.65999984741211,13.40999984741211,13.65999984741211,7.327493667602539,112000,LADR
2015-11-19,13.65999984741211,13.65999984741211,13.170000076293945,13.270000457763672,7.118289947509766,259200,LADR
2015-11-20,13.329999923706055,13.550000190734863,13.300000190734863,13.369999885559082,7.17193078994751,126200,LADR
2015-11-23,13.319999694824219,13.630000114440918,13.289999961853027,13.539999961853027,7.263121128082275,60900,LADR
2015-11-24,13.470000267028809,13.770000457763672,13.470000267028809,13.760000228881836,7.381134510040283,50100,LADR
2015-11-25,13.729999542236328,13.739999771118164,13.539999961853027,13.720000267028809,7.359678268432617,69000,LADR
2015-11-27,13.699999809265137,13.949999809265137,13.609999656677246,13.90999984741211,7.461596965789795,33600,LADR
2015-11-30,13.890000343322754,14.319999694824219,13.880000114440918,14.149999618530273,7.590336799621582,295000,LADR
2015-12-01,14.220000267028809,14.300000190734863,13.949999809265137,14.039999961853027,7.531330585479736,70000,LADR
2015-12-02,14.0600004196167,14.239999771118164,13.789999961853027,13.960000038146973,7.488417625427246,142700,LADR
2015-12-03,14.0,14.369999885559082,14.0,14.180000305175781,7.606429576873779,191000,LADR
2015-12-04,14.199999809265137,14.399999618530273,14.15999984741211,14.239999771118164,7.638615608215332,152600,LADR
2015-12-07,14.25,14.34000015258789,14.15999984741211,14.289999961853027,7.665436744689941,500600,LADR
2015-12-08,12.8100004196167,12.949999809265137,12.3100004196167,12.399999618530273,7.4027581214904785,257800,LADR
2015-12-09,12.399999618530273,12.449999809265137,11.850000381469727,11.850000381469727,7.074409008026123,194500,LADR
2015-12-10,11.90999984741211,12.329999923706055,11.729999542236328,12.220000267028809,7.295300006866455,187100,LADR
2015-12-11,12.050000190734863,12.180000305175781,11.930000305175781,12.170000076293945,7.265449047088623,355500,LADR
2015-12-14,12.140000343322754,12.270000457763672,11.59000015258789,11.630000114440918,6.943070888519287,217400,LADR
2015-12-15,11.670000076293945,12.180000305175781,11.670000076293945,12.039999961853027,7.187840461730957,894400,LADR
2015-12-16,12.069999694824219,12.479999542236328,11.989999771118164,12.359999656677246,7.378879547119141,201000,LADR
2015-12-17,12.390000343322754,12.470000267028809,12.1899995803833,12.260000228881836,7.319179058074951,65700,LADR
2015-12-18,12.220000267028809,12.260000228881836,11.890000343322754,11.899999618530273,7.104258060455322,454400,LADR
2015-12-21,11.960000038146973,11.960000038146973,11.59000015258789,11.710000038146973,6.990830898284912,156900,LADR
2015-12-22,11.720000267028809,11.9399995803833,11.649999618530273,11.9399995803833,7.128139972686768,123200,LADR
2015-12-23,12.0,12.3100004196167,12.0,12.3100004196167,7.34902811050415,91300,LADR
2015-12-24,12.3100004196167,12.40999984741211,12.25,12.399999618530273,7.4027581214904785,52100,LADR
2015-12-28,12.390000343322754,12.4399995803833,12.25,12.369999885559082,7.384848594665527,154400,LADR
2015-12-29,12.40999984741211,12.550000190734863,12.239999771118164,12.319999694824219,7.355000019073486,453600,LADR
2015-12-30,12.300000190734863,12.489999771118164,12.260000228881836,12.319999694824219,7.355000019073486,125000,LADR
2015-12-31,12.3100004196167,12.550000190734863,12.229999542236328,12.420000076293945,7.414699077606201,182200,LADR
2016-01-04,12.289999961853027,12.760000228881836,12.229999542236328,12.75,7.611705303192139,228100,LADR
2016-01-05,12.75,12.819999694824219,12.640000343322754,12.779999732971191,7.629617691040039,142600,LADR
2016-01-06,12.6899995803833,12.850000381469727,12.6899995803833,12.75,7.611705303192139,152600,LADR
2016-01-07,12.569999694824219,12.609999656677246,12.270000457763672,12.289999961853027,7.337088108062744,125300,LADR
2016-01-08,12.449999809265137,12.880000114440918,12.449999809265137,12.539999961853027,7.4863386154174805,398600,LADR
2016-01-11,12.65999984741211,12.739999771118164,12.210000038146973,12.25,7.313207626342773,210100,LADR
2016-01-12,12.329999923706055,12.329999923706055,11.449999809265137,11.479999542236328,6.853523254394531,333200,LADR
2016-01-13,11.479999542236328,11.670000076293945,10.300000190734863,10.489999771118164,6.262495994567871,405100,LADR
2016-01-14,10.59000015258789,10.59000015258789,10.220000267028809,10.369999885559082,6.190855026245117,274100,LADR
2016-01-15,10.15999984741211,10.25,9.6899995803833,10.1899995803833,6.083395004272461,207400,LADR
2016-01-19,10.319999694824219,10.319999694824219,9.600000381469727,9.8100004196167,5.856537818908691,208500,LADR
2016-01-20,9.770000457763672,9.770000457763672,8.640000343322754,9.600000381469727,5.731168746948242,276800,LADR
2016-01-21,9.600000381469727,10.199999809265137,9.550000190734863,10.0,5.969966411590576,142600,LADR
2016-01-22,10.039999961853027,10.380000114440918,9.770000457763672,10.170000076293945,6.071455478668213,368900,LADR
2016-01-25,10.260000228881836,10.4399995803833,10.0,10.050000190734863,5.99981689453125,332300,LADR
2016-01-26,10.069999694824219,10.329999923706055,10.0,10.25,6.119215965270996,256200,LADR
2016-01-27,10.319999694824219,10.319999694824219,9.90999984741211,9.989999771118164,5.963996410369873,343200,LADR
2016-01-28,10.100000381469727,10.220000267028809,9.890000343322754,10.180000305175781,6.077426910400391,249700,LADR
2016-01-29,10.199999809265137,11.010000228881836,10.1899995803833,11.0,6.566962242126465,306100,LADR
2016-02-01,10.9399995803833,10.979999542236328,10.65999984741211,10.90999984741211,6.5132341384887695,190300,LADR
2016-02-02,10.829999923706055,10.829999923706055,10.329999923706055,10.4399995803833,6.232645511627197,184400,LADR
2016-02-03,10.510000228881836,10.899999618530273,10.210000038146973,10.829999923706055,6.46547269821167,149200,LADR
2016-02-04,10.8100004196167,11.180000305175781,10.6899995803833,11.029999732971191,6.584873199462891,141000,LADR
2016-02-05,11.0,11.109999656677246,10.829999923706055,10.829999923706055,6.46547269821167,162800,LADR
2016-02-08,10.75,10.829999923706055,10.539999961853027,10.739999771118164,6.411744117736816,185500,LADR
2016-02-09,10.609999656677246,10.649999618530273,10.390000343322754,10.489999771118164,6.262495994567871,144500,LADR
2016-02-10,10.579999923706055,10.800000190734863,10.359999656677246,10.520000457763672,6.280404567718506,138700,LADR
2016-02-11,10.25,10.609999656677246,10.199999809265137,10.520000457763672,6.280404567718506,162000,LADR
2016-02-12,10.600000381469727,11.119999885559082,10.5600004196167,11.010000228881836,6.572933197021484,181600,LADR
2016-02-16,11.119999885559082,11.619999885559082,10.899999618530273,11.5600004196167,6.901281833648682,171000,LADR
2016-02-17,11.579999923706055,12.029999732971191,11.5600004196167,11.869999885559082,7.086350440979004,247900,LADR
2016-02-18,11.869999885559082,11.899999618530273,11.399999618530273,11.489999771118164,6.859490871429443,149500,LADR
2016-02-19,11.109999656677246,11.109999656677246,10.34000015258789,10.399999618530273,6.208764553070068,375700,LADR
2016-02-22,10.529999732971191,11.770000457763672,10.5,11.180000305175781,6.6744232177734375,772800,LADR
2016-02-23,10.529999732971191,10.720000267028809,10.359999656677246,10.619999885559082,6.340104579925537,309200,LADR
2016-02-24,10.5,10.890000343322754,10.399999618530273,10.699999809265137,6.3878655433654785,310800,LADR
2016-02-25,10.710000038146973,10.850000381469727,10.4399995803833,10.6899995803833,6.381892681121826,382300,LADR
2016-02-26,10.739999771118164,10.880000114440918,10.680000305175781,10.6899995803833,6.381892681121826,372000,LADR
2016-02-29,10.75,10.779999732971191,10.329999923706055,10.34000015258789,6.172946453094482,668000,LADR
2016-03-01,10.449999809265137,10.619999885559082,10.369999885559082,10.569999694824219,6.310253143310547,273300,LADR
2016-03-02,10.600000381469727,10.75,10.380000114440918,10.640000343322754,6.352044105529785,477700,LADR
2016-03-03,10.680000305175781,11.0,10.619999885559082,10.899999618530273,6.507262706756592,372500,LADR
2016-03-04,11.0,11.880000114440918,11.0,11.6899995803833,6.978889465332031,612500,LADR
2016-03-07,11.770000457763672,12.239999771118164,11.6899995803833,11.699999809265137,6.984860420227051,540500,LADR
2016-03-08,11.3100004196167,11.399999618530273,10.979999542236328,11.180000305175781,6.835076332092285,340000,LADR
2016-03-09,11.15999984741211,11.319999694824219,10.829999923706055,10.960000038146973,6.700575351715088,506600,LADR
2016-03-10,10.989999771118164,11.0600004196167,10.789999961853027,10.979999542236328,6.712801456451416,211500,LADR
2016-03-11,11.050000190734863,11.079999923706055,10.949999809265137,11.020000457763672,6.737259387969971,357000,LADR
2016-03-14,11.020000457763672,11.670000076293945,11.010000228881836,11.420000076293945,6.981802940368652,521100,LADR
2016-03-15,11.329999923706055,11.640000343322754,11.220000267028809,11.529999732971191,7.049054145812988,295100,LADR
2016-03-16,11.4399995803833,11.869999885559082,11.4399995803833,11.84000015258789,7.238576889038086,247000,LADR
2016-03-17,11.850000381469727,12.319999694824219,11.75,12.100000381469727,7.397533416748047,349200,LADR
2016-03-18,12.180000305175781,12.359999656677246,11.739999771118164,12.329999923706055,7.53814697265625,3226500,LADR
2016-03-21,12.300000190734863,12.390000343322754,11.8100004196167,11.890000343322754,7.269145488739014,326100,LADR
2016-03-22,11.819999694824219,11.9399995803833,11.59000015258789,11.890000343322754,7.269145488739014,273500,LADR
2016-03-23,11.819999694824219,11.989999771118164,11.649999618530273,11.649999618530273,7.122416973114014,229800,LADR
2016-03-24,11.699999809265137,11.75,11.4399995803833,11.6899995803833,7.146872043609619,200100,LADR
2016-03-28,11.710000038146973,11.779999732971191,11.430000305175781,11.600000381469727,7.091851234436035,134400,LADR
2016-03-29,11.619999885559082,12.220000267028809,11.470000267028809,12.220000267028809,7.470897197723389,297900,LADR
2016-03-30,12.270000457763672,12.270000457763672,11.859999656677246,12.010000228881836,7.342509746551514,212900,LADR
2016-03-31,11.970000267028809,12.510000228881836,11.90999984741211,12.449999809265137,7.611512184143066,492300,LADR
2016-04-01,12.390000343322754,12.420000076293945,11.899999618530273,12.029999732971191,7.354737758636475,201600,LADR
2016-04-04,12.0600004196167,12.09000015258789,11.720000267028809,11.890000343322754,7.269145488739014,247000,LADR
2016-04-05,11.829999923706055,11.960000038146973,11.65999984741211,11.869999885559082,7.256918430328369,147900,LADR
2016-04-06,11.859999656677246,12.0,11.779999732971191,11.970000267028809,7.318054676055908,133200,LADR
2016-04-07,11.869999885559082,12.020000457763672,11.770000457763672,11.789999961853027,7.208008289337158,186300,LADR
2016-04-08,11.880000114440918,12.0600004196167,11.850000381469727,11.9399995803833,7.2997145652771,112400,LADR
2016-04-11,12.0,12.100000381469727,11.9399995803833,11.9399995803833,7.2997145652771,97500,LADR
2016-04-12,11.949999809265137,12.069999694824219,11.949999809265137,12.0,7.336395263671875,133000,LADR
2016-04-13,12.039999961853027,12.270000457763672,11.979999542236328,12.180000305175781,7.446442604064941,261300,LADR
2016-04-14,12.140000343322754,12.260000228881836,12.029999732971191,12.180000305175781,7.446442604064941,113900,LADR
2016-04-15,12.170000076293945,12.279999732971191,12.039999961853027,12.220000267028809,7.470897197723389,89000,LADR
2016-04-18,12.15999984741211,12.220000267028809,12.0,12.15999984741211,7.434215545654297,103600,LADR
2016-04-19,12.109999656677246,12.1899995803833,11.930000305175781,12.0,7.336395263671875,175800,LADR
2016-04-20,12.020000457763672,12.15999984741211,11.9399995803833,12.039999961853027,7.360851764678955,180700,LADR
2016-04-21,12.0600004196167,12.199999809265137,11.989999771118164,12.039999961853027,7.360851764678955,185400,LADR
2016-04-22,12.029999732971191,12.170000076293945,11.930000305175781,12.15999984741211,7.434215545654297,177900,LADR
2016-04-25,12.15999984741211,12.15999984741211,11.90999984741211,12.039999961853027,7.360851764678955,122200,LADR
2016-04-26,12.0,12.170000076293945,11.989999771118164,12.100000381469727,7.397533416748047,146400,LADR
2016-04-27,12.100000381469727,12.100000381469727,11.989999771118164,12.010000228881836,7.342509746551514,163900,LADR
2016-04-28,11.9399995803833,12.109999656677246,11.90999984741211,11.9399995803833,7.2997145652771,137200,LADR
2016-04-29,11.9399995803833,12.020000457763672,11.770000457763672,11.90999984741211,7.281373977661133,146900,LADR
2016-05-02,11.979999542236328,12.020000457763672,11.729999542236328,11.890000343322754,7.269145488739014,109100,LADR
2016-05-03,11.789999961853027,11.869999885559082,11.350000381469727,11.520000457763672,7.042941093444824,186400,LADR
2016-05-04,11.420000076293945,11.5600004196167,11.289999961853027,11.470000267028809,7.0123724937438965,261700,LADR
2016-05-05,11.600000381469727,11.720000267028809,11.359999656677246,11.369999885559082,6.951233863830566,134100,LADR
2016-05-06,11.359999656677246,11.680000305175781,11.359999656677246,11.59000015258789,7.085734844207764,246500,LADR
2016-05-09,11.520000457763672,11.90999984741211,11.520000457763672,11.829999923706055,7.2324652671813965,207900,LADR
2016-05-10,11.899999618530273,12.0,11.779999732971191,11.90999984741211,7.281373977661133,193900,LADR
2016-05-11,11.890000343322754,12.130000114440918,11.890000343322754,11.9399995803833,7.2997145652771,133400,LADR
2016-05-12,11.979999542236328,12.050000190734863,11.59000015258789,11.75,7.183554649353027,106500,LADR
2016-05-13,11.75,11.880000114440918,11.539999961853027,11.630000114440918,7.110191822052002,226000,LADR
2016-05-16,11.65999984741211,11.770000457763672,11.5600004196167,11.739999771118164,7.1774396896362305,137800,LADR
2016-05-17,11.75,11.84000015258789,11.489999771118164,11.59000015258789,7.085734844207764,221900,LADR
2016-05-18,11.6899995803833,12.220000267028809,11.619999885559082,12.199999809265137,7.458670616149902,496200,LADR
2016-05-19,12.15999984741211,12.199999809265137,11.770000457763672,11.8100004196167,7.220236778259277,157400,LADR
2016-05-20,11.859999656677246,12.069999694824219,11.699999809265137,12.0600004196167,7.3730788230896,168700,LADR
2016-05-23,12.109999656677246,12.149999618530273,11.779999732971191,11.949999809265137,7.30582857131958,140700,LADR
2016-05-24,12.0,12.220000267028809,11.960000038146973,12.149999618530273,7.428101062774658,162700,LADR
2016-05-25,12.180000305175781,12.319999694824219,12.119999885559082,12.300000190734863,7.519804954528809,149800,LADR
2016-05-26,12.300000190734863,12.369999885559082,12.050000190734863,12.1899995803833,7.452556133270264,139100,LADR
2016-05-27,12.199999809265137,12.279999732971191,12.149999618530273,12.229999542236328,7.477011680603027,73900,LADR
2016-05-31,12.289999961853027,12.369999885559082,12.170000076293945,12.3100004196167,7.525919437408447,312500,LADR
2016-06-01,12.289999961853027,12.430000305175781,12.25,12.430000305175781,7.599282741546631,182200,LADR
2016-06-02,12.539999961853027,12.539999961853027,12.279999732971191,12.5,7.642082214355469,124300,LADR
2016-06-03,12.510000228881836,12.539999961853027,12.350000381469727,12.5,7.642082214355469,185500,LADR
2016-06-06,12.470000267028809,12.710000038146973,12.460000038146973,12.680000305175781,7.752125263214111,187500,LADR
2016-06-07,12.75,12.859999656677246,12.649999618530273,12.859999656677246,7.862171649932861,142600,LADR
2016-06-08,12.880000114440918,12.989999771118164,12.819999694824219,12.960000038146973,7.923308849334717,261800,LADR
2016-06-09,12.619999885559082,12.630000114440918,12.210000038146973,12.510000228881836,7.814000606536865,223500,LADR
2016-06-10,12.619999885559082,12.729999542236328,12.430000305175781,12.5,7.807754993438721,230300,LADR
2016-06-13,12.520000457763672,12.75,12.039999961853027,12.1899995803833,7.614121437072754,311700,LADR
2016-06-14,12.220000267028809,12.289999961853027,11.979999542236328,12.119999885559082,7.570396423339844,292200,LADR
2016-06-15,12.170000076293945,12.40999984741211,12.069999694824219,12.300000190734863,7.682828426361084,166500,LADR
2016-06-16,12.279999732971191,12.640000343322754,12.149999618530273,12.579999923706055,7.857722282409668,188000,LADR
2016-06-17,12.579999923706055,12.859999656677246,12.539999961853027,12.859999656677246,8.032615661621094,834200,LADR
2016-06-20,12.859999656677246,13.010000228881836,12.699999809265137,12.770000457763672,7.976400852203369,235200,LADR
2016-06-21,12.75,12.770000457763672,12.649999618530273,12.729999542236328,7.951416015625,118300,LADR
2016-06-22,12.710000038146973,12.859999656677246,12.569999694824219,12.609999656677246,7.876463890075684,116000,LADR
2016-06-23,12.6899995803833,12.800000190734863,12.569999694824219,12.789999961853027,7.988893032073975,157000,LADR
2016-06-24,12.40999984741211,12.569999694824219,12.010000228881836,12.050000190734863,7.526674270629883,838400,LADR
2016-06-27,12.0,12.050000190734863,11.34000015258789,11.350000381469727,7.089439392089844,332000,LADR
2016-06-28,11.5,11.779999732971191,11.449999809265137,11.649999618530273,7.276823997497559,183700,LADR
2016-06-29,11.970000267028809,12.029999732971191,11.739999771118164,11.949999809265137,7.464210510253906,179800,LADR
2016-06-30,11.960000038146973,12.199999809265137,11.779999732971191,12.199999809265137,7.620368003845215,193500,LADR
2016-07-01,12.170000076293945,12.430000305175781,11.979999542236328,12.079999923706055,7.545412063598633,232700,LADR
2016-07-05,12.079999923706055,12.229999542236328,11.710000038146973,11.739999771118164,7.333040237426758,257800,LADR
2016-07-06,11.779999732971191,11.869999885559082,11.609999656677246,11.800000190734863,7.370518207550049,161700,LADR
2016-07-07,11.84000015258789,11.90999984741211,11.569999694824219,11.6899995803833,7.301809310913086,109900,LADR
2016-07-08,11.800000190734863,11.979999542236328,11.720000267028809,11.890000343322754,7.426734924316406,126700,LADR
2016-07-11,11.9399995803833,12.149999618530273,11.829999923706055,12.140000343322754,7.582889556884766,171700,LADR
2016-07-12,12.210000038146973,12.380000114440918,12.170000076293945,12.350000381469727,7.714058876037598,213600,LADR
2016-07-13,12.300000190734863,12.359999656677246,12.170000076293945,12.300000190734863,7.682828426361084,123600,LADR
2016-07-14,12.350000381469727,12.420000076293945,12.25,12.34000015258789,7.707814693450928,188100,LADR
2016-07-15,12.350000381469727,12.529999732971191,12.220000267028809,12.5,7.807754993438721,108000,LADR
2016-07-18,12.5,12.600000381469727,12.449999809265137,12.569999694824219,7.851478099822998,114000,LADR
2016-07-19,12.550000190734863,12.569999694824219,12.4399995803833,12.5,7.807754993438721,118300,LADR
2016-07-20,12.75,13.25,12.609999656677246,13.09000015258789,8.176279067993164,739300,LADR
2016-07-21,13.09000015258789,13.109999656677246,12.9399995803833,13.039999961853027,8.145048141479492,321600,LADR
2016-07-22,13.140000343322754,13.229999542236328,12.989999771118164,13.170000076293945,8.226247787475586,247400,LADR
2016-07-25,13.15999984741211,13.329999923706055,13.0,13.220000267028809,8.25748062133789,237900,LADR
2016-07-26,13.25,13.300000190734863,13.079999923706055,13.220000267028809,8.25748062133789,287300,LADR
2016-07-27,13.270000457763672,13.3100004196167,13.100000381469727,13.100000381469727,8.182526588439941,250700,LADR
2016-07-28,13.100000381469727,13.130000114440918,12.989999771118164,13.029999732971191,8.138803482055664,437400,LADR
2016-07-29,13.029999732971191,13.149999618530273,12.979999542236328,13.0600004196167,8.157538414001465,251000,LADR
2016-08-01,12.989999771118164,13.1899995803833,12.960000038146973,13.0600004196167,8.157538414001465,174300,LADR
2016-08-02,13.09000015258789,13.130000114440918,12.800000190734863,12.8100004196167,8.001387596130371,154900,LADR
2016-08-03,12.800000190734863,13.0600004196167,12.75,13.020000457763672,8.132555961608887,195800,LADR
2016-08-04,13.050000190734863,13.15999984741211,12.949999809265137,13.069999694824219,8.163784980773926,259300,LADR
2016-08-05,12.800000190734863,13.199999809265137,12.539999961853027,13.079999923706055,8.17003345489502,359800,LADR
2016-08-08,13.0600004196167,13.170000076293945,13.0,13.100000381469727,8.182526588439941,207100,LADR
2016-08-09,13.15999984741211,13.3100004196167,13.100000381469727,13.300000190734863,8.307451248168945,268700,LADR
2016-08-10,13.270000457763672,13.319999694824219,13.140000343322754,13.1899995803833,8.238741874694824,134600,LADR
2016-08-11,13.210000038146973,13.329999923706055,13.149999618530273,13.199999809265137,8.244988441467285,164900,LADR
2016-08-12,13.210000038146973,13.3100004196167,13.010000228881836,13.010000228881836,8.12630844116211,116500,LADR
2016-08-15,13.010000228881836,13.1899995803833,13.010000228881836,13.140000343322754,8.207510948181152,99200,LADR
2016-08-16,13.140000343322754,13.289999961853027,13.09000015258789,13.220000267028809,8.25748062133789,131100,LADR
2016-08-17,13.149999618530273,13.220000267028809,13.039999961853027,13.210000038146973,8.251233100891113,77000,LADR
2016-08-18,13.260000228881836,13.4399995803833,13.119999885559082,13.140000343322754,8.207510948181152,227500,LADR
2016-08-19,13.130000114440918,13.130000114440918,12.970000267028809,13.029999732971191,8.138803482055664,212300,LADR
2016-08-22,13.029999732971191,13.199999809265137,12.960000038146973,13.170000076293945,8.226247787475586,156200,LADR
2016-08-23,13.25,13.399999618530273,13.220000267028809,13.239999771118164,8.269970893859863,200500,LADR
2016-08-24,13.260000228881836,13.34000015258789,13.15999984741211,13.199999809265137,8.244988441467285,122500,LADR
2016-08-25,13.149999618530273,13.289999961853027,13.119999885559082,13.220000267028809,8.25748062133789,100900,LADR
2016-08-26,13.229999542236328,13.300000190734863,13.039999961853027,13.119999885559082,8.195018768310547,147600,LADR
2016-08-29,13.15999984741211,13.270000457763672,13.100000381469727,13.119999885559082,8.195018768310547,61500,LADR
2016-08-30,13.149999618530273,13.229999542236328,13.100000381469727,13.210000038146973,8.251233100891113,102200,LADR
2016-08-31,13.25,13.3100004196167,13.180000305175781,13.279999732971191,8.294955253601074,191800,LADR
2016-09-01,13.319999694824219,13.329999923706055,13.0600004196167,13.25,8.276217460632324,115400,LADR
2016-09-02,13.420000076293945,13.75,13.369999885559082,13.739999771118164,8.582281112670898,588300,LADR
2016-09-06,13.84000015258789,13.850000381469727,13.390000343322754,13.59000015258789,8.488590240478516,609000,LADR
2016-09-07,13.640000343322754,13.869999885559082,13.609999656677246,13.850000381469727,8.650988578796387,380500,LADR
2016-09-08,13.479999542236328,13.59000015258789,13.239999771118164,13.359999656677246,8.513976097106934,386700,LADR
2016-09-09,13.279999732971191,13.3100004196167,13.010000228881836,13.010000228881836,8.29093074798584,437700,LADR
2016-09-12,12.899999618530273,13.270000457763672,12.720000267028809,13.229999542236328,8.431130409240723,392500,LADR
2016-09-13,13.149999618530273,13.199999809265137,12.819999694824219,12.869999885559082,8.201711654663086,285000,LADR
2016-09-14,12.899999618530273,13.010000228881836,12.75,12.779999732971191,8.144356727600098,452600,LADR
2016-09-15,12.75,13.010000228881836,12.75,12.859999656677246,8.19533920288086,162300,LADR
2016-09-16,12.850000381469727,12.970000267028809,12.729999542236328,12.880000114440918,8.208086013793945,406000,LADR
2016-09-19,12.930000305175781,13.140000343322754,12.890000343322754,12.970000267028809,8.265439987182617,111400,LADR
2016-09-20,13.039999961853027,13.050000190734863,12.899999618530273,12.899999618530273,8.220830917358398,105900,LADR
2016-09-21,12.989999771118164,13.260000228881836,12.979999542236328,13.25,8.443876266479492,186500,LADR
2016-09-22,13.420000076293945,13.449999809265137,13.279999732971191,13.40999984741211,8.5458402633667,247100,LADR
2016-09-23,13.359999656677246,13.420000076293945,13.210000038146973,13.229999542236328,8.431130409240723,145400,LADR
2016-09-26,13.229999542236328,13.3100004196167,13.109999656677246,13.130000114440918,8.36740493774414,165000,LADR
2016-09-27,13.170000076293945,13.229999542236328,13.039999961853027,13.210000038146973,8.418386459350586,138900,LADR
2016-09-28,13.300000190734863,13.34000015258789,13.170000076293945,13.329999923706055,8.494857788085938,135800,LADR
2016-09-29,13.34000015258789,13.34000015258789,13.170000076293945,13.229999542236328,8.431130409240723,175100,LADR
2016-09-30,13.270000457763672,13.329999923706055,13.1899995803833,13.239999771118164,8.437504768371582,180500,LADR
2016-10-03,13.270000457763672,13.279999732971191,12.949999809265137,13.010000228881836,8.29093074798584,152500,LADR
2016-10-04,13.010000228881836,13.010000228881836,12.619999885559082,12.720000267028809,8.106120109558105,225800,LADR
2016-10-05,12.729999542236328,12.800000190734863,12.609999656677246,12.65999984741211,8.067887306213379,213500,LADR
2016-10-06,12.65999984741211,12.699999809265137,12.229999542236328,12.470000267028809,7.946803092956543,240500,LADR
2016-10-07,12.529999732971191,12.579999923706055,12.329999923706055,12.399999618530273,7.902194976806641,195900,LADR
2016-10-10,12.489999771118164,12.600000381469727,12.449999809265137,12.479999542236328,7.953176975250244,190000,LADR
2016-10-11,12.430000305175781,12.5,12.359999656677246,12.399999618530273,7.902194976806641,173700,LADR
2016-10-12,12.420000076293945,12.59000015258789,12.350000381469727,12.449999809265137,7.934057712554932,172200,LADR
2016-10-13,12.390000343322754,12.520000457763672,12.329999923706055,12.390000343322754,7.895822525024414,200200,LADR
2016-10-14,12.470000267028809,12.520000457763672,12.25,12.260000228881836,7.81297492980957,227700,LADR
2016-10-17,12.25,12.369999885559082,12.170000076293945,12.180000305175781,7.761994361877441,126900,LADR
2016-10-18,12.239999771118164,12.25,12.170000076293945,12.199999809265137,7.774741172790527,144200,LADR
2016-10-19,12.289999961853027,12.390000343322754,12.239999771118164,12.260000228881836,7.81297492980957,143300,LADR
2016-10-20,12.279999732971191,12.34000015258789,12.239999771118164,12.25,7.8066020011901855,244500,LADR
2016-10-21,12.199999809265137,12.300000190734863,12.140000343322754,12.279999732971191,7.825719356536865,195200,LADR
2016-10-24,12.350000381469727,12.699999809265137,12.350000381469727,12.630000114440918,8.04876708984375,117900,LADR
2016-10-25,12.65999984741211,12.75,12.609999656677246,12.710000038146973,8.099747657775879,93400,LADR
2016-10-26,12.699999809265137,12.760000228881836,12.640000343322754,12.640000343322754,8.055139541625977,101900,LADR
2016-10-27,12.6899995803833,12.6899995803833,12.449999809265137,12.529999732971191,7.985037803649902,120100,LADR
2016-10-28,12.520000457763672,12.630000114440918,12.4399995803833,12.569999694824219,8.010530471801758,128900,LADR
2016-10-31,12.569999694824219,12.729999542236328,12.520000457763672,12.680000305175781,8.080632209777832,291200,LADR
2016-11-01,12.670000076293945,12.760000228881836,12.430000305175781,12.5,7.96592378616333,240100,LADR
2016-11-02,12.460000038146973,12.6899995803833,12.399999618530273,12.670000076293945,8.074257850646973,338800,LADR
2016-11-03,12.65999984741211,12.800000190734863,12.630000114440918,12.760000228881836,8.131612777709961,214600,LADR
2016-11-04,13.149999618530273,13.329999923706055,12.869999885559082,13.229999542236328,8.431130409240723,497000,LADR
2016-11-07,13.4399995803833,13.630000114440918,13.399999618530273,13.460000038146973,8.577703475952148,483200,LADR
2016-11-08,13.449999809265137,13.479999542236328,13.289999961853027,13.319999694824219,8.488486289978027,228800,LADR
2016-11-09,13.140000343322754,13.710000038146973,13.109999656677246,13.65999984741211,8.705161094665527,274300,LADR
2016-11-10,13.739999771118164,13.8100004196167,13.329999923706055,13.529999732971191,8.622312545776367,390900,LADR
2016-11-11,13.579999923706055,13.899999618530273,13.569999694824219,13.739999771118164,8.756141662597656,450200,LADR
2016-11-14,13.75,14.0,13.649999618530273,13.850000381469727,8.826241493225098,322600,LADR
2016-11-15,13.779999732971191,14.050000190734863,13.720000267028809,14.010000228881836,8.928204536437988,159500,LADR
2016-11-16,13.9399995803833,14.239999771118164,13.9399995803833,14.1899995803833,9.042912483215332,168900,LADR
2016-11-17,14.15999984741211,14.380000114440918,14.15999984741211,14.25,9.081151008605957,203500,LADR
2016-11-18,14.319999694824219,14.460000038146973,14.0,14.449999809265137,9.208605766296387,210200,LADR
2016-11-21,14.380000114440918,14.649999618530273,14.350000381469727,14.569999694824219,9.285079002380371,179400,LADR
2016-11-22,14.600000381469727,14.859999656677246,14.59000015258789,14.850000381469727,9.46351432800293,205000,LADR
2016-11-23,14.75,14.880000114440918,14.399999618530273,14.479999542236328,9.22772216796875,222300,LADR
2016-11-25,14.550000190734863,14.720000267028809,14.460000038146973,14.619999885559082,9.316941261291504,84300,LADR
2016-11-28,14.609999656677246,14.720000267028809,14.479999542236328,14.550000190734863,9.272333145141602,231500,LADR
2016-11-29,14.579999923706055,14.65999984741211,14.489999771118164,14.520000457763672,9.253215789794922,202500,LADR
2016-11-30,14.520000457763672,14.670000076293945,14.300000190734863,14.350000381469727,9.144878387451172,289000,LADR
2016-12-01,14.350000381469727,14.619999885559082,14.199999809265137,14.260000228881836,9.087523460388184,222500,LADR
2016-12-02,14.460000038146973,15.1899995803833,14.319999694824219,14.9399995803833,9.520869255065918,1617200,LADR
2016-12-05,15.100000381469727,15.529999732971191,15.0600004196167,15.40999984741211,9.820387840270996,839900,LADR
2016-12-06,15.479999542236328,15.5,15.079999923706055,15.270000457763672,9.731169700622559,503900,LADR
2016-12-07,13.680000305175781,14.050000190734863,13.670000076293945,13.960000038146973,8.896341323852539,7597100,LADR
2016-12-08,13.960000038146973,14.15999984741211,13.850000381469727,13.949999809265137,8.88996696472168,1460500,LADR
2016-12-09,13.960000038146973,14.180000305175781,13.960000038146973,14.180000305175781,9.036540985107422,879300,LADR
2016-12-12,14.199999809265137,14.229999542236328,13.859999656677246,13.930000305175781,8.87722396850586,767800,LADR
2016-12-13,14.1899995803833,14.1899995803833,13.6899995803833,13.829999923706055,8.813495635986328,795300,LADR
2016-12-14,13.800000190734863,14.079999923706055,13.760000228881836,13.890000343322754,8.851731300354004,601300,LADR
2016-12-15,13.680000305175781,13.800000190734863,13.100000381469727,13.710000038146973,8.73702335357666,1458800,LADR
2016-12-16,13.710000038146973,13.9399995803833,13.6899995803833,13.829999923706055,8.813495635986328,1072400,LADR
2016-12-19,13.949999809265137,14.149999618530273,13.920000076293945,14.119999885559082,8.998305320739746,980400,LADR
2016-12-20,14.100000381469727,14.319999694824219,14.0,14.300000190734863,9.113014221191406,651300,LADR
2016-12-21,14.300000190734863,14.470000267028809,14.149999618530273,14.289999961853027,9.106640815734863,713200,LADR
2016-12-22,13.779999732971191,13.970000267028809,13.630000114440918,13.75,9.053962707519531,923900,LADR
2016-12-23,13.699999809265137,13.829999923706055,13.6899995803833,13.720000267028809,9.034210205078125,568900,LADR
2016-12-27,13.800000190734863,13.9399995803833,13.59000015258789,13.640000343322754,8.981532096862793,518700,LADR
2016-12-28,13.59000015258789,13.609999656677246,13.380000114440918,13.550000190734863,8.922269821166992,559000,LADR
2016-12-29,13.520000457763672,13.699999809265137,13.479999542236328,13.65999984741211,8.99470329284668,248600,LADR
2016-12-30,13.680000305175781,13.75,13.550000190734863,13.720000267028809,9.034210205078125,331400,LADR
2017-01-03,13.8100004196167,14.109999656677246,13.699999809265137,14.100000381469727,9.284429550170898,433900,LADR
2017-01-04,14.140000343322754,14.140000343322754,13.890000343322754,14.010000228881836,9.225167274475098,710800,LADR
2017-01-05,13.90999984741211,13.960000038146973,13.75,13.899999618530273,9.15273380279541,378300,LADR
2017-01-06,13.899999618530273,13.989999771118164,13.779999732971191,13.890000343322754,9.146148681640625,473000,LADR
2017-01-09,13.989999771118164,13.989999771118164,13.819999694824219,13.829999923706055,9.106640815734863,336000,LADR
2017-01-10,13.829999923706055,14.0,13.640000343322754,13.949999809265137,9.185656547546387,374800,LADR
2017-01-11,13.949999809265137,14.130000114440918,13.880000114440918,14.100000381469727,9.284429550170898,334000,LADR
2017-01-12,14.050000190734863,14.09000015258789,13.779999732971191,13.979999542236328,9.205411911010742,508800,LADR
2017-01-13,14.050000190734863,14.119999885559082,13.960000038146973,14.09000015258789,9.277843475341797,233600,LADR
2017-01-17,14.100000381469727,14.140000343322754,14.020000457763672,14.109999656677246,9.29101276397705,297700,LADR
2017-01-18,14.109999656677246,14.119999885559082,13.970000267028809,14.069999694824219,9.26467227935791,248700,LADR
2017-01-19,14.079999923706055,14.100000381469727,13.920000076293945,14.0,9.218582153320312,199200,LADR
2017-01-20,14.0,14.050000190734863,13.930000305175781,14.039999961853027,9.244918823242188,202900,LADR
2017-01-23,14.020000457763672,14.09000015258789,13.890000343322754,13.949999809265137,9.185656547546387,245500,LADR
2017-01-24,13.960000038146973,14.039999961853027,13.899999618530273,13.899999618530273,9.15273380279541,749000,LADR
2017-01-25,14.0,14.029999732971191,13.890000343322754,13.899999618530273,9.15273380279541,417400,LADR
2017-01-26,13.90999984741211,14.010000228881836,13.890000343322754,13.920000076293945,9.165903091430664,258100,LADR
2017-01-27,13.899999618530273,13.949999809265137,13.670000076293945,13.720000267028809,9.034210205078125,370000,LADR
2017-01-30,13.850000381469727,13.880000114440918,13.5600004196167,13.699999809265137,9.021039962768555,318500,LADR
2017-01-31,13.699999809265137,13.739999771118164,13.5,13.5600004196167,8.928855895996094,604400,LADR
2017-02-01,13.630000114440918,13.84000015258789,13.619999885559082,13.699999809265137,9.021039962768555,247900,LADR
2017-02-02,13.699999809265137,13.779999732971191,13.640000343322754,13.739999771118164,9.047377586364746,276000,LADR
2017-02-03,13.800000190734863,13.960000038146973,13.75,13.850000381469727,9.119810104370117,415000,LADR
2017-02-06,13.850000381469727,14.020000457763672,13.819999694824219,13.930000305175781,9.172487258911133,275300,LADR
2017-02-07,14.0,14.020000457763672,13.819999694824219,13.850000381469727,9.119810104370117,286000,LADR
2017-02-08,13.850000381469727,13.920000076293945,13.609999656677246,13.699999809265137,9.021039962768555,742700,LADR
2017-02-09,13.760000228881836,13.8100004196167,13.630000114440918,13.6899995803833,9.01445484161377,408800,LADR
2017-02-10,13.739999771118164,13.869999885559082,13.649999618530273,13.699999809265137,9.021039962768555,445900,LADR
2017-02-13,13.739999771118164,13.90999984741211,13.710000038146973,13.90999984741211,9.159317970275879,568600,LADR
2017-02-14,13.859999656677246,13.880000114440918,13.680000305175781,13.699999809265137,9.021039962768555,315000,LADR
2017-02-15,13.699999809265137,13.720000267028809,13.479999542236328,13.600000381469727,8.955193519592285,396800,LADR
2017-02-16,13.619999885559082,13.9399995803833,13.619999885559082,13.90999984741211,9.159317970275879,320500,LADR
2017-02-17,13.90999984741211,13.90999984741211,13.710000038146973,13.850000381469727,9.119810104370117,197000,LADR
2017-02-21,13.899999618530273,13.960000038146973,13.819999694824219,13.949999809265137,9.185656547546387,163400,LADR
2017-02-22,13.930000305175781,13.970000267028809,13.84000015258789,13.899999618530273,9.15273380279541,265000,LADR
2017-02-23,13.930000305175781,14.210000038146973,13.84000015258789,14.170000076293945,9.330520629882812,424100,LADR
2017-02-24,13.710000038146973,14.210000038146973,13.710000038146973,13.899999618530273,9.15273380279541,597300,LADR
2017-02-27,13.84000015258789,14.109999656677246,13.84000015258789,14.020000457763672,9.231751441955566,715000,LADR
2017-02-28,13.90999984741211,14.5,13.90999984741211,14.430000305175781,9.50172233581543,737000,LADR
2017-03-01,14.5,14.869999885559082,14.470000267028809,14.779999732971191,9.73218822479248,804400,LADR
2017-03-02,14.779999732971191,14.899999618530273,14.609999656677246,14.619999885559082,9.62683391571045,748000,LADR
2017-03-03,14.699999809265137,14.760000228881836,14.65999984741211,14.739999771118164,9.705848693847656,410000,LADR
2017-03-06,14.789999961853027,14.899999618530273,14.670000076293945,14.789999961853027,9.738773345947266,623000,LADR
2017-03-07,14.850000381469727,15.229999542236328,14.819999694824219,14.90999984741211,9.817790031433105,573800,LADR
2017-03-08,14.270000457763672,14.640000343322754,14.260000228881836,14.359999656677246,9.455631256103516,2552600,LADR
2017-03-09,14.0600004196167,14.369999885559082,13.979999542236328,14.010000228881836,9.422004699707031,642800,LADR
2017-03-10,14.029999732971191,14.170000076293945,13.84000015258789,13.880000114440918,9.334576606750488,517000,LADR
2017-03-13,13.880000114440918,13.989999771118164,13.649999618530273,13.710000038146973,9.220250129699707,564700,LADR
2017-03-14,13.890000343322754,13.890000343322754,13.649999618530273,13.770000457763672,9.260601043701172,565700,LADR
2017-03-15,13.890000343322754,14.15999984741211,13.880000114440918,14.119999885559082,9.495981216430664,516100,LADR
2017-03-16,14.170000076293945,14.34000015258789,14.140000343322754,14.34000015258789,9.643937110900879,400700,LADR
2017-03-17,14.369999885559082,14.649999618530273,14.220000267028809,14.569999694824219,9.798614501953125,1740700,LADR
2017-03-20,14.550000190734863,14.619999885559082,14.380000114440918,14.40999984741211,9.691012382507324,278300,LADR
2017-03-21,14.5,14.5,14.270000457763672,14.289999961853027,9.610310554504395,329300,LADR
2017-03-22,14.270000457763672,14.460000038146973,14.229999542236328,14.4399995803833,9.711189270019531,484200,LADR
2017-03-23,14.420000076293945,14.550000190734863,14.3100004196167,14.34000015258789,9.643937110900879,387700,LADR
2017-03-24,14.40999984741211,14.510000228881836,14.260000228881836,14.319999694824219,9.630486488342285,599800,LADR
2017-03-27,14.260000228881836,14.460000038146973,14.260000228881836,14.40999984741211,9.691012382507324,285500,LADR
2017-03-28,14.369999885559082,14.539999961853027,14.359999656677246,14.510000228881836,9.75826358795166,449500,LADR
2017-03-29,14.550000190734863,14.649999618530273,14.529999732971191,14.5600004196167,9.791890144348145,381900,LADR
2017-03-30,14.579999923706055,14.6899995803833,14.470000267028809,14.640000343322754,9.84569263458252,438800,LADR
2017-03-31,14.609999656677246,14.640000343322754,14.390000343322754,14.4399995803833,9.711189270019531,842200,LADR
2017-04-03,14.550000190734863,14.630000114440918,14.449999809265137,14.5600004196167,9.791890144348145,505300,LADR
2017-04-04,14.539999961853027,14.630000114440918,14.479999542236328,14.600000381469727,9.818791389465332,458700,LADR
2017-04-05,14.649999618530273,14.760000228881836,14.489999771118164,14.550000190734863,9.78516674041748,640200,LADR
2017-04-06,14.520000457763672,14.630000114440918,14.170000076293945,14.600000381469727,9.818791389465332,536500,LADR
2017-04-07,14.579999923706055,14.800000190734863,14.460000038146973,14.729999542236328,9.906219482421875,498500,LADR
2017-04-10,14.6899995803833,14.819999694824219,14.630000114440918,14.760000228881836,9.92639446258545,308900,LADR
2017-04-11,14.739999771118164,15.079999923706055,14.739999771118164,14.979999542236328,10.074347496032715,358800,LADR
2017-04-12,14.949999809265137,15.0,14.8100004196167,14.899999618530273,10.020546913146973,243500,LADR
2017-04-13,14.880000114440918,15.010000228881836,14.859999656677246,14.949999809265137,10.054173469543457,293800,LADR
2017-04-17,14.970000267028809,15.109999656677246,14.960000038146973,15.050000190734863,10.12142562866211,316900,LADR
2017-04-18,15.0,15.100000381469727,14.920000076293945,14.960000038146973,10.06089973449707,302500,LADR
2017-04-19,15.0,15.0,14.720000267028809,14.779999732971191,9.93984317779541,330100,LADR
2017-04-20,14.800000190734863,14.859999656677246,14.6899995803833,14.699999809265137,9.886043548583984,362600,LADR
2017-04-21,14.6899995803833,14.760000228881836,14.649999618530273,14.6899995803833,9.879318237304688,239500,LADR
2017-04-24,14.800000190734863,14.800000190734863,14.619999885559082,14.649999618530273,9.852417945861816,312500,LADR
2017-04-25,14.649999618530273,14.739999771118164,14.59000015258789,14.600000381469727,9.818791389465332,473100,LADR
2017-04-26,14.609999656677246,14.8100004196167,14.529999732971191,14.729999542236328,9.906219482421875,461100,LADR
2017-04-27,14.75,14.850000381469727,14.6899995803833,14.6899995803833,9.879318237304688,400200,LADR
2017-04-28,14.65999984741211,14.720000267028809,14.550000190734863,14.630000114440918,9.838967323303223,420600,LADR
2017-05-01,14.619999885559082,14.84000015258789,14.600000381469727,14.789999961853027,9.946571350097656,475400,LADR
2017-05-02,14.770000457763672,14.770000457763672,14.529999732971191,14.600000381469727,9.818791389465332,398700,LADR
2017-05-03,14.59000015258789,14.640000343322754,14.369999885559082,14.40999984741211,9.691012382507324,517000,LADR
2017-05-04,14.420000076293945,14.479999542236328,14.1899995803833,14.300000190734863,9.617032051086426,281600,LADR
2017-05-05,14.3100004196167,14.520000457763672,14.239999771118164,14.430000305175781,9.704463005065918,572900,LADR
2017-05-08,14.539999961853027,14.569999694824219,14.430000305175781,14.520000457763672,9.764986991882324,396000,LADR
2017-05-09,14.520000457763672,14.550000190734863,14.369999885559082,14.40999984741211,9.691012382507324,364600,LADR
2017-05-10,14.40999984741211,14.550000190734863,14.15999984741211,14.40999984741211,9.691012382507324,428500,LADR
2017-05-11,14.350000381469727,14.479999542236328,14.34000015258789,14.359999656677246,9.657384872436523,377600,LADR
2017-05-12,14.300000190734863,14.34000015258789,14.100000381469727,14.100000381469727,9.48253059387207,266000,LADR
2017-05-15,14.109999656677246,14.3100004196167,14.100000381469727,14.210000038146973,9.55650806427002,383700,LADR
2017-05-16,14.180000305175781,14.279999732971191,14.15999984741211,14.239999771118164,9.57668399810791,299800,LADR
2017-05-17,14.149999618530273,14.25,13.8100004196167,13.8100004196167,9.287501335144043,556200,LADR
2017-05-18,13.770000457763672,13.890000343322754,13.609999656677246,13.8100004196167,9.287501335144043,365800,LADR
2017-05-19,13.8100004196167,14.079999923706055,13.770000457763672,14.029999732971191,9.435455322265625,364100,LADR
2017-05-22,14.029999732971191,14.289999961853027,14.0,14.210000038146973,9.55650806427002,284900,LADR
2017-05-23,14.239999771118164,14.380000114440918,14.1899995803833,14.34000015258789,9.643937110900879,312900,LADR
2017-05-24,14.380000114440918,14.449999809265137,14.34000015258789,14.390000343322754,9.677563667297363,298000,LADR
2017-05-25,14.380000114440918,14.460000038146973,14.199999809265137,14.270000457763672,9.596858978271484,254400,LADR
2017-05-26,14.270000457763672,14.270000457763672,14.020000457763672,14.180000305175781,9.536332130432129,243800,LADR
2017-05-30,14.15999984741211,14.25,14.039999961853027,14.050000190734863,9.448905944824219,202000,LADR
2017-05-31,14.039999961853027,14.149999618530273,13.880000114440918,14.069999694824219,9.46235466003418,303000,LADR
2017-06-01,14.079999923706055,14.329999923706055,14.050000190734863,14.3100004196167,9.623759269714355,295900,LADR
2017-06-02,14.3100004196167,14.479999542236328,14.25,14.380000114440918,9.67083740234375,349000,LADR
2017-06-05,14.399999618530273,14.489999771118164,14.199999809265137,14.239999771118164,9.57668399810791,328800,LADR
2017-06-06,14.220000267028809,14.25,14.109999656677246,14.149999618530273,9.516157150268555,367500,LADR
2017-06-07,14.229999542236328,14.229999542236328,14.010000228881836,14.149999618530273,9.516157150268555,401700,LADR
2017-06-08,13.850000381469727,14.140000343322754,13.850000381469727,14.079999923706055,9.674187660217285,423200,LADR
2017-06-09,14.0600004196167,14.300000190734863,14.0600004196167,14.229999542236328,9.777249336242676,414600,LADR
2017-06-12,14.25,14.390000343322754,14.180000305175781,14.210000038146973,9.763508796691895,478400,LADR
2017-06-13,14.210000038146973,14.300000190734863,14.079999923706055,14.140000343322754,9.715414047241211,443700,LADR
2017-06-14,14.100000381469727,14.210000038146973,13.949999809265137,14.050000190734863,9.653575897216797,524700,LADR
2017-06-15,13.949999809265137,14.09000015258789,13.9399995803833,14.0,9.619219779968262,338500,LADR
2017-06-16,13.930000305175781,14.100000381469727,13.920000076293945,14.079999923706055,9.674187660217285,3142300,LADR
2017-06-19,14.119999885559082,14.449999809265137,14.119999885559082,14.3100004196167,9.832218170166016,749300,LADR
2017-06-20,14.279999732971191,14.34000015258789,14.140000343322754,14.180000305175781,9.742895126342773,224200,LADR
2017-06-21,14.210000038146973,14.279999732971191,13.960000038146973,14.029999732971191,9.6398344039917,279600,LADR
2017-06-22,14.029999732971191,14.069999694824219,13.90999984741211,13.930000305175781,9.571125030517578,410700,LADR
2017-06-23,13.930000305175781,13.949999809265137,13.550000190734863,13.729999542236328,9.43370532989502,3852700,LADR
2017-06-26,13.75,13.859999656677246,13.670000076293945,13.770000457763672,9.46119213104248,559300,LADR
2017-06-27,13.75,13.90999984741211,13.680000305175781,13.6899995803833,9.406222343444824,502400,LADR
2017-06-28,13.770000457763672,13.880000114440918,13.609999656677246,13.760000228881836,9.454319953918457,477400,LADR
2017-06-29,13.779999732971191,13.779999732971191,13.420000076293945,13.510000228881836,9.282546997070312,725300,LADR
2017-06-30,13.550000190734863,13.569999694824219,13.350000381469727,13.40999984741211,9.213836669921875,811900,LADR
2017-07-03,13.449999809265137,13.579999923706055,13.369999885559082,13.550000190734863,9.310029983520508,373800,LADR
2017-07-05,13.59000015258789,13.670000076293945,13.479999542236328,13.529999732971191,9.29628849029541,585000,LADR
2017-07-06,13.489999771118164,13.5,13.319999694824219,13.359999656677246,9.179484367370605,607300,LADR
2017-07-07,13.4399995803833,13.449999809265137,13.229999542236328,13.34000015258789,9.165742874145508,614300,LADR
2017-07-10,13.34000015258789,13.40999984741211,13.279999732971191,13.300000190734863,9.138260841369629,534100,LADR
2017-07-11,13.270000457763672,13.300000190734863,13.079999923706055,13.140000343322754,9.028326988220215,883000,LADR
2017-07-12,13.149999618530273,13.229999542236328,13.119999885559082,13.210000038146973,9.076423645019531,518000,LADR
2017-07-13,13.210000038146973,13.239999771118164,12.829999923706055,13.029999732971191,8.95274543762207,898400,LADR
2017-07-14,13.0,13.210000038146973,12.979999542236328,13.149999618530273,9.035195350646973,627800,LADR
2017-07-17,13.149999618530273,13.239999771118164,13.050000190734863,13.09000015258789,8.99397087097168,487800,LADR
2017-07-18,13.050000190734863,13.109999656677246,12.84000015258789,12.899999618530273,8.863423347473145,884500,LADR
2017-07-19,12.899999618530273,13.149999618530273,12.880000114440918,13.0,8.932132720947266,494800,LADR
2017-07-20,13.010000228881836,13.119999885559082,12.949999809265137,13.050000190734863,8.9664888381958,319500,LADR
2017-07-21,13.100000381469727,13.170000076293945,13.010000228881836,13.100000381469727,9.00084400177002,571600,LADR
2017-07-24,13.100000381469727,13.289999961853027,13.100000381469727,13.199999809265137,9.069551467895508,592400,LADR
2017-07-25,13.220000267028809,13.260000228881836,13.069999694824219,13.149999618530273,9.035195350646973,663000,LADR
2017-07-26,13.130000114440918,13.1899995803833,13.050000190734863,13.069999694824219,8.980228424072266,496300,LADR
2017-07-27,13.109999656677246,13.260000228881836,13.079999923706055,13.260000228881836,9.1107759475708,764300,LADR
2017-07-28,13.229999542236328,13.25,13.130000114440918,13.15999984741211,9.042068481445312,428200,LADR
2017-07-31,13.170000076293945,13.229999542236328,13.079999923706055,13.15999984741211,9.042068481445312,442600,LADR
2017-08-01,13.239999771118164,13.350000381469727,13.119999885559082,13.199999809265137,9.069551467895508,445200,LADR
2017-08-02,13.210000038146973,13.239999771118164,13.09000015258789,13.210000038146973,9.076423645019531,596300,LADR
2017-08-03,13.399999618530273,13.829999923706055,13.239999771118164,13.600000381469727,9.344386100769043,1166400,LADR
2017-08-04,13.65999984741211,13.789999961853027,13.489999771118164,13.649999618530273,9.378740310668945,752100,LADR
2017-08-07,13.619999885559082,13.720000267028809,13.510000228881836,13.510000228881836,9.282546997070312,514000,LADR
2017-08-08,13.5,13.699999809265137,13.449999809265137,13.550000190734863,9.310029983520508,474300,LADR
2017-08-09,13.399999618530273,13.609999656677246,13.399999618530273,13.550000190734863,9.310029983520508,375400,LADR
2017-08-10,13.520000457763672,13.569999694824219,13.449999809265137,13.510000228881836,9.282546997070312,509100,LADR
2017-08-11,13.289999961853027,13.510000228881836,13.199999809265137,13.5,9.275676727294922,521600,LADR
2017-08-14,13.550000190734863,13.670000076293945,13.520000457763672,13.579999923706055,9.330643653869629,368200,LADR
2017-08-15,13.609999656677246,13.699999809265137,13.5,13.670000076293945,9.392481803894043,287100,LADR
2017-08-16,13.680000305175781,13.729999542236328,13.569999694824219,13.710000038146973,9.419965744018555,324100,LADR
2017-08-17,13.739999771118164,13.800000190734863,13.5600004196167,13.579999923706055,9.330643653869629,432800,LADR
2017-08-18,13.5,13.609999656677246,13.460000038146973,13.539999961853027,9.303160667419434,574400,LADR
2017-08-21,13.529999732971191,13.59000015258789,13.34000015258789,13.489999771118164,9.268806457519531,397400,LADR
2017-08-22,13.520000457763672,13.59000015258789,13.449999809265137,13.489999771118164,9.268806457519531,332500,LADR
2017-08-23,13.510000228881836,13.779999732971191,13.510000228881836,13.5600004196167,9.316902160644531,565700,LADR
2017-08-24,13.550000190734863,13.670000076293945,13.550000190734863,13.600000381469727,9.344386100769043,275100,LADR
2017-08-25,13.579999923706055,13.630000114440918,13.479999542236328,13.5600004196167,9.316902160644531,335700,LADR
2017-08-28,13.59000015258789,13.680000305175781,13.569999694824219,13.670000076293945,9.392481803894043,333800,LADR
2017-08-29,13.6899995803833,13.720000267028809,13.520000457763672,13.569999694824219,9.323773384094238,387200,LADR
2017-08-30,13.579999923706055,13.619999885559082,13.520000457763672,13.59000015258789,9.337514877319336,268000,LADR
2017-08-31,13.710000038146973,13.739999771118164,13.600000381469727,13.720000267028809,9.426836013793945,453100,LADR
2017-09-01,13.729999542236328,13.880000114440918,13.699999809265137,13.850000381469727,9.516157150268555,479900,LADR
2017-09-05,13.850000381469727,13.869999885559082,13.210000038146973,13.319999694824219,9.152002334594727,1009400,LADR
2017-09-06,13.34000015258789,13.5,13.329999923706055,13.4399995803833,9.234450340270996,535800,LADR
2017-09-07,13.430000305175781,13.470000267028809,13.270000457763672,13.3100004196167,9.145130157470703,516000,LADR
2017-09-08,13.100000381469727,13.149999618530273,12.989999771118164,13.0600004196167,9.180276870727539,488500,LADR
2017-09-11,13.1899995803833,13.529999732971191,13.180000305175781,13.420000076293945,9.433332443237305,765900,LADR
2017-09-12,13.5,13.670000076293945,13.430000305175781,13.5,9.489564895629883,834700,LADR
2017-09-13,13.529999732971191,13.569999694824219,13.369999885559082,13.369999885559082,9.39818286895752,719100,LADR
2017-09-14,13.359999656677246,13.449999809265137,13.329999923706055,13.420000076293945,9.433332443237305,523000,LADR
2017-09-15,13.420000076293945,13.5600004196167,13.369999885559082,13.5600004196167,9.531743049621582,2243100,LADR
2017-09-18,13.569999694824219,13.6899995803833,13.510000228881836,13.670000076293945,9.609065055847168,573300,LADR
2017-09-19,13.670000076293945,13.760000228881836,13.670000076293945,13.720000267028809,9.644211769104004,515600,LADR
2017-09-20,13.710000038146973,13.75,13.619999885559082,13.649999618530273,9.595005989074707,386100,LADR
2017-09-21,13.649999618530273,13.6899995803833,13.5600004196167,13.609999656677246,9.566888809204102,424500,LADR
2017-09-22,13.579999923706055,13.710000038146973,13.550000190734863,13.609999656677246,9.566888809204102,621000,LADR
2017-09-25,13.609999656677246,13.609999656677246,13.460000038146973,13.529999732971191,9.51065444946289,533400,LADR
2017-09-26,13.510000228881836,13.579999923706055,13.479999542236328,13.520000457763672,9.503626823425293,522100,LADR
2017-09-27,13.59000015258789,13.699999809265137,13.470000267028809,13.670000076293945,9.609065055847168,791900,LADR
2017-09-28,13.649999618530273,13.710000038146973,13.529999732971191,13.699999809265137,9.63015079498291,449000,LADR
2017-09-29,13.699999809265137,13.829999923706055,13.65999984741211,13.779999732971191,9.686386108398438,783800,LADR
2017-10-02,13.779999732971191,13.890000343322754,13.710000038146973,13.890000343322754,9.76370906829834,537100,LADR
2017-10-03,13.930000305175781,13.9399995803833,13.770000457763672,13.850000381469727,9.735591888427734,1111700,LADR
2017-10-04,13.850000381469727,13.880000114440918,13.720000267028809,13.760000228881836,9.67232894897461,956100,LADR
2017-10-05,13.800000190734863,13.930000305175781,13.720000267028809,13.84000015258789,9.728562355041504,986600,LADR
2017-10-06,13.829999923706055,13.850000381469727,13.680000305175781,13.75,9.665299415588379,450000,LADR
2017-10-09,13.75,13.869999885559082,13.75,13.819999694824219,9.71450424194336,388200,LADR
2017-10-10,13.850000381469727,13.880000114440918,13.729999542236328,13.84000015258789,9.728562355041504,545100,LADR
2017-10-11,13.84000015258789,13.880000114440918,13.710000038146973,13.739999771118164,9.658269882202148,633500,LADR
2017-10-12,13.739999771118164,13.84000015258789,13.680000305175781,13.819999694824219,9.71450424194336,696600,LADR
2017-10-13,13.770000457763672,13.859999656677246,13.6899995803833,13.8100004196167,9.707475662231445,594200,LADR
2017-10-16,13.859999656677246,13.899999618530273,13.760000228881836,13.829999923706055,9.72153377532959,734200,LADR
2017-10-17,13.850000381469727,13.880000114440918,13.739999771118164,13.770000457763672,9.679359436035156,555400,LADR
2017-10-18,13.770000457763672,13.850000381469727,13.739999771118164,13.760000228881836,9.67232894897461,625600,LADR
2017-10-19,13.729999542236328,13.819999694824219,13.619999885559082,13.6899995803833,9.623122215270996,331400,LADR
2017-10-20,13.800000190734863,13.84000015258789,13.710000038146973,13.789999961853027,9.693416595458984,404700,LADR
2017-10-23,13.800000190734863,13.8100004196167,13.630000114440918,13.75,9.665299415588379,539800,LADR
2017-10-24,13.779999732971191,13.800000190734863,13.619999885559082,13.649999618530273,9.595005989074707,499400,LADR
2017-10-25,13.670000076293945,13.670000076293945,13.510000228881836,13.619999885559082,9.573918342590332,596500,LADR
2017-10-26,13.699999809265137,13.699999809265137,13.369999885559082,13.420000076293945,9.433332443237305,411600,LADR
2017-10-27,13.420000076293945,13.569999694824219,13.229999542236328,13.569999694824219,9.538769721984863,426000,LADR
2017-10-30,13.510000228881836,13.579999923706055,13.369999885559082,13.40999984741211,9.426300048828125,316300,LADR
2017-10-31,13.460000038146973,13.510000228881836,13.359999656677246,13.4399995803833,9.44739055633545,514800,LADR
2017-11-01,13.539999961853027,13.619999885559082,13.4399995803833,13.569999694824219,9.538769721984863,420900,LADR
2017-11-02,13.550000190734863,13.550000190734863,13.3100004196167,13.460000038146973,9.461448669433594,456400,LADR
2017-11-03,13.460000038146973,13.760000228881836,13.350000381469727,13.699999809265137,9.63015079498291,819000,LADR
2017-11-06,13.75,13.75,13.569999694824219,13.640000343322754,9.58797550201416,618100,LADR
2017-11-07,13.569999694824219,13.710000038146973,13.430000305175781,13.510000228881836,9.49659538269043,644700,LADR
2017-11-08,13.579999923706055,13.699999809265137,13.539999961853027,13.65999984741211,9.602034568786621,840300,LADR
2017-11-09,13.649999618530273,13.75,13.640000343322754,13.6899995803833,9.623122215270996,791800,LADR
2017-11-10,13.6899995803833,13.75,13.529999732971191,13.649999618530273,9.595005989074707,732700,LADR
2017-11-13,13.600000381469727,13.619999885559082,13.5,13.579999923706055,9.545801162719727,440300,LADR
2017-11-14,13.579999923706055,13.699999809265137,13.550000190734863,13.699999809265137,9.63015079498291,485600,LADR
2017-11-15,13.649999618530273,13.729999542236328,13.550000190734863,13.640000343322754,9.58797550201416,469000,LADR
2017-11-16,13.670000076293945,13.760000228881836,13.600000381469727,13.670000076293945,9.609065055847168,720000,LADR
2017-11-17,13.640000343322754,13.729999542236328,13.59000015258789,13.710000038146973,9.637182235717773,616200,LADR
2017-11-20,13.75,13.779999732971191,13.640000343322754,13.6899995803833,9.623122215270996,1089900,LADR
2017-11-21,13.75,13.760000228881836,13.670000076293945,13.729999542236328,9.651238441467285,705600,LADR
2017-11-22,13.760000228881836,13.890000343322754,13.65999984741211,13.869999885559082,9.749650955200195,583500,LADR
2017-11-24,13.899999618530273,13.979999542236328,13.899999618530273,13.930000305175781,9.791827201843262,397300,LADR
2017-11-27,13.989999771118164,14.0,13.75,13.789999961853027,9.693416595458984,3056300,LADR
2017-11-28,13.8100004196167,13.829999923706055,13.550000190734863,13.600000381469727,9.559859275817871,3714400,LADR
2017-11-29,13.649999618530273,13.8100004196167,13.609999656677246,13.640000343322754,9.58797550201416,1719200,LADR
2017-11-30,13.699999809265137,13.789999961853027,13.609999656677246,13.649999618530273,9.595005989074707,1300000,LADR
2017-12-01,13.680000305175781,13.6899995803833,13.460000038146973,13.569999694824219,9.538769721984863,1239400,LADR
2017-12-04,13.59000015258789,13.84000015258789,13.569999694824219,13.779999732971191,9.686386108398438,1841400,LADR
2017-12-05,13.770000457763672,13.90999984741211,13.770000457763672,13.770000457763672,9.679359436035156,1089800,LADR
2017-12-06,13.779999732971191,13.899999618530273,13.75,13.800000190734863,9.700445175170898,1022000,LADR
2017-12-07,13.819999694824219,13.930000305175781,13.579999923706055,13.829999923706055,9.72153377532959,1597100,LADR
2017-12-08,13.4399995803833,13.6899995803833,13.399999618530273,13.649999618530273,9.818641662597656,1148300,LADR
2017-12-11,13.6899995803833,13.789999961853027,13.619999885559082,13.6899995803833,9.847413063049316,1268100,LADR
2017-12-12,13.640000343322754,13.75,13.640000343322754,13.699999809265137,9.854605674743652,775100,LADR
2017-12-13,13.680000305175781,13.779999732971191,13.649999618530273,13.670000076293945,9.833026885986328,936200,LADR
2017-12-14,13.710000038146973,13.739999771118164,13.550000190734863,13.619999885559082,9.7970609664917,796100,LADR
2017-12-15,13.65999984741211,13.779999732971191,13.619999885559082,13.720000267028809,9.868990898132324,1756000,LADR
2017-12-18,13.739999771118164,13.819999694824219,13.619999885559082,13.640000343322754,9.811447143554688,1137400,LADR
2017-12-19,13.649999618530273,13.6899995803833,13.449999809265137,13.449999809265137,9.674776077270508,983300,LADR
2017-12-20,13.479999542236328,13.529999732971191,13.40999984741211,13.430000305175781,9.660391807556152,839000,LADR
2017-12-21,13.430000305175781,13.649999618530273,13.430000305175781,13.619999885559082,9.7970609664917,685900,LADR
2017-12-22,13.670000076293945,13.6899995803833,13.5600004196167,13.600000381469727,9.782674789428711,441800,LADR
2017-12-26,13.569999694824219,13.739999771118164,13.550000190734863,13.680000305175781,9.840219497680664,462300,LADR
2017-12-27,13.65999984741211,13.720000267028809,13.640000343322754,13.670000076293945,9.833026885986328,302400,LADR
2017-12-28,13.699999809265137,13.800000190734863,13.670000076293945,13.779999732971191,9.912152290344238,625600,LADR
2017-12-29,13.779999732971191,13.779999732971191,13.630000114440918,13.630000114440918,9.804254531860352,472300,LADR
2018-01-02,13.670000076293945,13.739999771118164,13.4399995803833,13.510000228881836,9.717936515808105,937100,LADR
2018-01-03,13.5,13.579999923706055,13.460000038146973,13.5,9.71074390411377,600000,LADR
2018-01-04,13.550000190734863,13.600000381469727,13.460000038146973,13.460000038146973,9.681970596313477,698400,LADR
2018-01-05,13.449999809265137,13.569999694824219,13.430000305175781,13.550000190734863,9.746710777282715,599800,LADR
2018-01-08,13.579999923706055,13.680000305175781,13.520000457763672,13.640000343322754,9.811447143554688,601400,LADR
2018-01-09,13.649999618530273,13.680000305175781,13.5,13.510000228881836,9.717936515808105,531400,LADR
2018-01-10,13.510000228881836,13.5600004196167,13.420000076293945,13.470000267028809,9.689164161682129,799200,LADR
2018-01-11,13.539999961853027,13.59000015258789,13.449999809265137,13.569999694824219,9.76109504699707,907000,LADR
2018-01-12,13.619999885559082,13.680000305175781,13.550000190734863,13.59000015258789,9.775481224060059,549300,LADR
2018-01-16,14.75,14.75,14.100000381469727,14.619999885559082,10.516375541687012,6279100,LADR
2018-01-17,14.65999984741211,14.760000228881836,14.65999984741211,14.75,10.609889030456543,2851200,LADR
2018-01-18,14.720000267028809,15.130000114440918,14.720000267028809,15.020000457763672,10.80410099029541,4215100,LADR
2018-01-19,15.010000228881836,15.069999694824219,14.960000038146973,14.989999771118164,10.782522201538086,1707900,LADR
2018-01-22,15.0,15.039999961853027,14.90999984741211,14.949999809265137,10.75374984741211,1838600,LADR
2018-01-23,14.949999809265137,15.109999656677246,14.930000305175781,14.930000305175781,10.739363670349121,2763700,LADR
2018-01-24,14.960000038146973,14.979999542236328,14.899999618530273,14.920000076293945,10.732169151306152,1415500,LADR
2018-01-25,14.9399995803833,15.010000228881836,14.800000190734863,14.949999809265137,10.75374984741211,1998900,LADR
2018-01-26,14.949999809265137,14.989999771118164,14.850000381469727,14.890000343322754,10.710592269897461,2630400,LADR
2018-01-29,14.859999656677246,14.859999656677246,14.59000015258789,14.8100004196167,10.653045654296875,1296400,LADR
2018-01-30,14.680000305175781,14.800000190734863,14.609999656677246,14.670000076293945,10.55234146118164,1623700,LADR
2018-01-31,14.65999984741211,14.75,14.380000114440918,14.470000267028809,10.408478736877441,1672700,LADR
2018-02-01,14.449999809265137,14.550000190734863,14.34000015258789,14.489999771118164,10.42286491394043,1885700,LADR
2018-02-02,14.40999984741211,14.470000267028809,14.220000267028809,14.289999961853027,10.279000282287598,1934600,LADR
2018-02-05,14.289999961853027,14.670000076293945,14.289999961853027,14.40999984741211,10.365320205688477,3100800,LADR
2018-02-06,14.270000457763672,14.520000457763672,14.260000228881836,14.40999984741211,10.365320205688477,1745200,LADR
2018-02-07,14.430000305175781,14.59000015258789,14.359999656677246,14.520000457763672,10.444443702697754,1698000,LADR
2018-02-08,14.550000190734863,14.600000381469727,14.390000343322754,14.390000343322754,10.350934028625488,1416100,LADR
2018-02-09,14.479999542236328,14.489999771118164,14.220000267028809,14.359999656677246,10.329353332519531,1523500,LADR
2018-02-12,14.40999984741211,14.510000228881836,14.380000114440918,14.430000305175781,10.379705429077148,1172000,LADR
2018-02-13,14.40999984741211,14.539999961853027,14.369999885559082,14.470000267028809,10.408478736877441,744600,LADR
2018-02-14,14.420000076293945,14.699999809265137,14.40999984741211,14.579999923706055,10.487604141235352,807400,LADR
2018-02-15,14.600000381469727,14.75,14.539999961853027,14.720000267028809,10.588306427001953,654300,LADR
2018-02-16,14.670000076293945,14.819999694824219,14.65999984741211,14.779999732971191,10.631464958190918,589300,LADR
2018-02-20,14.760000228881836,14.84000015258789,14.670000076293945,14.760000228881836,10.617079734802246,617000,LADR
2018-02-21,14.779999732971191,14.899999618530273,14.640000343322754,14.649999618530273,10.537955284118652,790100,LADR
2018-02-22,14.670000076293945,14.779999732971191,14.619999885559082,14.65999984741211,10.545147895812988,886500,LADR
2018-02-23,14.710000038146973,14.90999984741211,14.6899995803833,14.90999984741211,10.7249755859375,712300,LADR
2018-02-26,14.920000076293945,14.960000038146973,14.779999732971191,14.819999694824219,10.660238265991211,1094400,LADR
2018-02-27,14.859999656677246,14.899999618530273,14.680000305175781,14.75,10.609889030456543,1279500,LADR
2018-02-28,14.75,14.949999809265137,14.75,14.770000457763672,10.624273300170898,1604100,LADR
2018-03-01,14.850000381469727,14.970000267028809,14.850000381469727,14.930000305175781,10.739363670349121,1216400,LADR
2018-03-02,14.880000114440918,15.130000114440918,14.819999694824219,15.0,10.789716720581055,1384900,LADR
2018-03-05,15.0,15.15999984741211,15.0,15.069999694824219,10.840065956115723,1179800,LADR
2018-03-06,15.100000381469727,15.149999618530273,15.0,15.069999694824219,10.840065956115723,1342600,LADR
2018-03-07,15.050000190734863,15.210000038146973,15.050000190734863,15.180000305175781,10.919191360473633,1233600,LADR
2018-03-08,15.1899995803833,15.350000381469727,15.1899995803833,15.270000457763672,10.983929634094238,1192900,LADR
2018-03-09,15.069999694824219,15.229999542236328,14.949999809265137,15.229999542236328,11.185908317565918,1555900,LADR
2018-03-12,15.3100004196167,15.390000343322754,15.289999961853027,15.34000015258789,11.266697883605957,1367600,LADR
2018-03-13,15.329999923706055,15.369999885559082,15.010000228881836,15.069999694824219,11.068392753601074,2580200,LADR
2018-03-14,15.130000114440918,15.229999542236328,15.029999732971191,15.069999694824219,11.068392753601074,1371900,LADR
2018-03-15,15.130000114440918,15.130000114440918,14.890000343322754,14.920000076293945,10.958223342895508,1637700,LADR
2018-03-16,14.979999542236328,15.0,14.899999618530273,14.989999771118164,11.009636878967285,1757600,LADR
2018-03-19,15.069999694824219,15.100000381469727,14.930000305175781,15.069999694824219,11.068392753601074,1369700,LADR
2018-03-20,15.050000190734863,15.109999656677246,14.960000038146973,15.050000190734863,11.053705215454102,939600,LADR
2018-03-21,15.0,15.109999656677246,15.0,15.029999732971191,11.039013862609863,691200,LADR
2018-03-22,15.0,15.09000015258789,14.84000015258789,14.84000015258789,10.899468421936035,1072100,LADR
2018-03-23,14.850000381469727,14.9399995803833,14.619999885559082,14.619999885559082,10.737885475158691,1791800,LADR
2018-03-26,14.760000228881836,14.850000381469727,14.739999771118164,14.770000457763672,10.848054885864258,851600,LADR
2018-03-27,14.989999771118164,14.989999771118164,14.739999771118164,14.90999984741211,10.950879096984863,952600,LADR
2018-03-28,14.90999984741211,15.0,14.899999618530273,14.979999542236328,11.002291679382324,777300,LADR
2018-03-29,15.0,15.170000076293945,14.989999771118164,15.079999923706055,11.075737953186035,3608600,LADR
2018-04-02,15.09000015258789,15.109999656677246,14.859999656677246,14.880000114440918,10.928844451904297,1061100,LADR
2018-04-03,14.960000038146973,15.119999885559082,14.880000114440918,15.09000015258789,11.08308219909668,1065800,LADR
2018-04-04,14.90999984741211,15.0600004196167,14.859999656677246,15.039999961853027,11.04636001586914,1190500,LADR
2018-04-05,15.09000015258789,15.100000381469727,15.020000457763672,15.050000190734863,11.053705215454102,1016700,LADR
2018-04-06,15.0,15.100000381469727,15.0,15.020000457763672,11.031671524047852,668900,LADR
2018-04-09,15.029999732971191,15.109999656677246,15.010000228881836,15.020000457763672,11.031671524047852,480100,LADR
2018-04-10,15.149999618530273,15.199999809265137,15.029999732971191,15.119999885559082,11.105117797851562,2821000,LADR
2018-04-11,15.09000015258789,15.15999984741211,15.0600004196167,15.140000343322754,11.119805335998535,672400,LADR
2018-04-12,15.149999618530273,15.15999984741211,15.050000190734863,15.069999694824219,11.068392753601074,924700,LADR
2018-04-13,15.069999694824219,15.09000015258789,14.869999885559082,14.890000343322754,10.936189651489258,1037000,LADR
2018-04-16,14.949999809265137,15.039999961853027,14.869999885559082,14.979999542236328,11.002291679382324,1099700,LADR
2018-04-17,13.899999618530273,15.289999961853027,13.699999809265137,14.329999923706055,10.524888038635254,9409700,LADR
2018-04-18,14.489999771118164,14.489999771118164,14.229999542236328,14.239999771118164,10.458786964416504,1896200,LADR
2018-04-19,14.199999809265137,14.25,14.100000381469727,14.140000343322754,10.38534164428711,1199700,LADR
2018-04-20,14.100000381469727,14.229999542236328,14.069999694824219,14.119999885559082,10.370651245117188,907200,LADR
2018-04-23,14.140000343322754,14.149999618530273,13.989999771118164,14.020000457763672,10.297204971313477,1628900,LADR
2018-04-24,14.020000457763672,14.079999923706055,13.850000381469727,13.869999885559082,10.18703556060791,1744900,LADR
2018-04-25,13.850000381469727,13.899999618530273,13.729999542236328,13.770000457763672,10.113587379455566,782600,LADR
2018-04-26,13.770000457763672,13.869999885559082,13.770000457763672,13.829999923706055,10.157654762268066,652500,LADR
2018-04-27,13.829999923706055,13.920000076293945,13.779999732971191,13.899999618530273,10.20906925201416,579900,LADR
2018-04-30,13.949999809265137,13.989999771118164,13.899999618530273,13.899999618530273,10.20906925201416,425100,LADR
2018-05-01,13.859999656677246,13.899999618530273,13.800000190734863,13.890000343322754,10.201725006103516,1532600,LADR
2018-05-02,13.899999618530273,13.920000076293945,13.75,13.789999961853027,10.128278732299805,780500,LADR
2018-05-03,14.15999984741211,14.15999984741211,13.760000228881836,13.899999618530273,10.20906925201416,2556700,LADR
2018-05-04,13.949999809265137,14.34000015258789,13.930000305175781,14.220000267028809,10.444098472595215,2281400,LADR
2018-05-07,14.279999732971191,14.430000305175781,14.229999542236328,14.319999694824219,10.51754379272461,1219400,LADR
2018-05-08,14.369999885559082,14.390000343322754,14.300000190734863,14.3100004196167,10.510201454162598,828900,LADR
2018-05-09,14.399999618530273,14.710000038146973,14.34000015258789,14.630000114440918,10.745227813720703,1385100,LADR
2018-05-10,14.640000343322754,14.869999885559082,14.609999656677246,14.859999656677246,10.914156913757324,822000,LADR
2018-05-11,14.84000015258789,14.960000038146973,14.789999961853027,14.899999618530273,10.943532943725586,931600,LADR
2018-05-14,14.960000038146973,14.960000038146973,14.869999885559082,14.899999618530273,10.943532943725586,620400,LADR
2018-05-15,14.819999694824219,15.020000457763672,14.819999694824219,14.970000267028809,10.994949340820312,1367000,LADR
2018-05-16,14.970000267028809,15.079999923706055,14.930000305175781,15.020000457763672,11.031671524047852,915100,LADR
2018-05-17,15.050000190734863,15.140000343322754,15.029999732971191,15.079999923706055,11.075737953186035,1069900,LADR
2018-05-18,15.149999618530273,15.40999984741211,15.119999885559082,15.40999984741211,11.318111419677734,1211800,LADR
2018-05-21,15.449999809265137,15.449999809265137,15.369999885559082,15.390000343322754,11.303421020507812,631900,LADR
2018-05-22,15.390000343322754,15.479999542236328,15.34000015258789,15.369999885559082,11.28873348236084,727300,LADR
2018-05-23,15.329999923706055,15.40999984741211,15.3100004196167,15.390000343322754,11.303421020507812,550800,LADR
2018-05-24,15.380000114440918,15.470000267028809,15.279999732971191,15.430000305175781,11.332801818847656,587500,LADR
2018-05-25,15.4399995803833,15.449999809265137,15.149999618530273,15.199999809265137,11.163873672485352,872200,LADR
2018-05-29,15.229999542236328,15.319999694824219,15.119999885559082,15.3100004196167,11.244665145874023,898000,LADR
2018-05-30,15.329999923706055,15.449999809265137,15.329999923706055,15.390000343322754,11.303421020507812,1050000,LADR
2018-05-31,15.399999618530273,15.729999542236328,15.359999656677246,15.520000457763672,11.398902893066406,1445500,LADR
2018-06-01,15.539999961853027,15.6899995803833,15.4399995803833,15.65999984741211,11.501727104187012,905600,LADR
2018-06-04,15.720000267028809,15.770000457763672,15.630000114440918,15.680000305175781,11.51641845703125,1040600,LADR
2018-06-05,15.75,15.800000190734863,15.670000076293945,15.75,11.567831039428711,1315500,LADR
2018-06-06,15.770000457763672,15.829999923706055,15.640000343322754,15.770000457763672,11.582520484924316,869800,LADR
2018-06-07,15.819999694824219,15.84000015258789,15.699999809265137,15.789999961853027,11.597208023071289,705200,LADR
2018-06-08,15.5,15.710000038146973,15.449999809265137,15.65999984741211,11.743438720703125,892300,LADR
2018-06-11,15.670000076293945,15.699999809265137,15.619999885559082,15.65999984741211,11.743438720703125,586800,LADR
2018-06-12,15.65999984741211,15.670000076293945,15.59000015258789,15.640000343322754,11.728440284729004,662100,LADR
2018-06-13,15.649999618530273,15.680000305175781,15.600000381469727,15.630000114440918,11.720940589904785,791100,LADR
2018-06-14,15.680000305175781,15.8100004196167,15.609999656677246,15.699999809265137,11.773433685302734,721400,LADR
2018-06-15,15.699999809265137,15.75,15.65999984741211,15.710000038146973,11.780933380126953,1159200,LADR
2018-06-18,15.65999984741211,15.779999732971191,15.65999984741211,15.760000228881836,11.818427085876465,534300,LADR
2018-06-19,15.720000267028809,15.789999961853027,15.640000343322754,15.760000228881836,11.818427085876465,974000,LADR
2018-06-20,15.789999961853027,16.010000228881836,15.779999732971191,16.010000228881836,12.005904197692871,1035300,LADR
2018-06-21,16.030000686645508,16.079999923706055,15.970000267028809,16.040000915527344,12.028403282165527,881300,LADR
2018-06-22,16.09000015258789,16.270000457763672,15.850000381469727,16.010000228881836,12.005904197692871,2476700,LADR
2018-06-25,16.0,16.049999237060547,15.760000228881836,15.850000381469727,11.8859224319458,767100,LADR
2018-06-26,15.760000228881836,15.859999656677246,15.710000038146973,15.739999771118164,11.80343246459961,857500,LADR
2018-06-27,15.75,15.75,15.510000228881836,15.520000457763672,11.638453483581543,1481400,LADR
2018-06-28,15.550000190734863,15.670000076293945,15.5,15.65999984741211,11.743438720703125,1365300,LADR
2018-06-29,15.699999809265137,15.739999771118164,15.579999923706055,15.619999885559082,11.713443756103516,510900,LADR
2018-07-02,15.600000381469727,15.829999923706055,15.600000381469727,15.829999923706055,11.870922088623047,766100,LADR
2018-07-03,15.859999656677246,15.979999542236328,15.850000381469727,15.869999885559082,11.900918960571289,290000,LADR
2018-07-05,15.920000076293945,16.09000015258789,15.850000381469727,16.09000015258789,12.065896987915039,847300,LADR
2018-07-06,16.100000381469727,16.219999313354492,16.100000381469727,16.170000076293945,12.12588882446289,597000,LADR
2018-07-09,16.190000534057617,16.299999237060547,16.1299991607666,16.18000030517578,12.13338851928711,766400,LADR
2018-07-10,16.209999084472656,16.25,16.06999969482422,16.100000381469727,12.073396682739258,436300,LADR
2018-07-11,16.049999237060547,16.1200008392334,15.989999771118164,16.0,11.998406410217285,397200,LADR
2018-07-12,16.049999237060547,16.170000076293945,15.930000305175781,16.030000686645508,12.020902633666992,658200,LADR
2018-07-13,16.040000915527344,16.110000610351562,15.949999809265137,15.970000267028809,11.975908279418945,364000,LADR
2018-07-16,16.0,16.040000915527344,15.869999885559082,16.030000686645508,12.020902633666992,435000,LADR
2018-07-17,16.049999237060547,16.09000015258789,15.9399995803833,15.960000038146973,11.968409538269043,434200,LADR
2018-07-18,16.0,16.0,15.84000015258789,15.930000305175781,11.94591236114502,852600,LADR
2018-07-19,15.920000076293945,15.9399995803833,15.84000015258789,15.890000343322754,11.915915489196777,823000,LADR
2018-07-20,15.880000114440918,15.970000267028809,15.880000114440918,15.9399995803833,11.953410148620605,771000,LADR
2018-07-23,15.970000267028809,16.190000534057617,15.970000267028809,16.110000610351562,12.080894470214844,933200,LADR
2018-07-24,16.1299991607666,16.1299991607666,15.90999984741211,15.920000076293945,11.938413619995117,629500,LADR
2018-07-25,15.9399995803833,16.010000228881836,15.890000343322754,15.9399995803833,11.953410148620605,827200,LADR
2018-07-26,15.979999542236328,16.049999237060547,15.850000381469727,15.880000114440918,11.908416748046875,1165300,LADR
2018-07-27,15.859999656677246,15.90999984741211,15.640000343322754,15.6899995803833,11.765935897827148,714000,LADR
2018-07-30,15.739999771118164,15.949999809265137,15.710000038146973,15.869999885559082,11.900918960571289,641100,LADR
2018-07-31,15.890000343322754,16.0,15.789999961853027,15.989999771118164,11.990906715393066,997000,LADR
2018-08-01,16.100000381469727,16.690000534057617,16.100000381469727,16.56999969482422,12.425847053527832,1100000,LADR
2018-08-02,16.540000915527344,16.68000030517578,16.440000534057617,16.649999618530273,12.485840797424316,616600,LADR
2018-08-03,16.649999618530273,16.700000762939453,16.5,16.639999389648438,12.478339195251465,566500,LADR
2018-08-06,16.760000228881836,16.829999923706055,16.639999389648438,16.829999923706055,12.62082290649414,636900,LADR
2018-08-07,16.850000381469727,16.899999618530273,16.649999618530273,16.709999084472656,12.530834197998047,518700,LADR
2018-08-08,16.760000228881836,16.760000228881836,16.56999969482422,16.68000030517578,12.508338928222656,673000,LADR
2018-08-09,16.709999084472656,16.8700008392334,16.690000534057617,16.809999465942383,12.60582447052002,591000,LADR
2018-08-10,16.75,16.809999465942383,16.649999618530273,16.729999542236328,12.545833587646484,492400,LADR
2018-08-13,16.84000015258789,16.8700008392334,16.729999542236328,16.81999969482422,12.613323211669922,380900,LADR
2018-08-14,16.8700008392334,16.940000534057617,16.809999465942383,16.899999618530273,12.673315048217773,321900,LADR
2018-08-15,16.8799991607666,16.979999542236328,16.780000686645508,16.81999969482422,12.613323211669922,425200,LADR
2018-08-16,16.8700008392334,17.079999923706055,16.84000015258789,17.020000457763672,12.76330280303955,569800,LADR
2018-08-17,17.040000915527344,17.170000076293945,17.020000457763672,17.06999969482422,12.800797462463379,659000,LADR
2018-08-20,17.110000610351562,17.18000030517578,17.049999237060547,17.149999618530273,12.860790252685547,482200,LADR
2018-08-21,17.110000610351562,17.350000381469727,17.110000610351562,17.290000915527344,12.965777397155762,621000,LADR
2018-08-22,17.239999771118164,17.3799991607666,17.209999084472656,17.229999542236328,12.920781135559082,407700,LADR
2018-08-23,17.239999771118164,17.329999923706055,17.020000457763672,17.049999237060547,12.785799980163574,604300,LADR
2018-08-24,17.059999465942383,17.149999618530273,17.020000457763672,17.1299991607666,12.845791816711426,378500,LADR
2018-08-27,17.09000015258789,17.18000030517578,17.049999237060547,17.149999618530273,12.860790252685547,529400,LADR
2018-08-28,17.139999389648438,17.200000762939453,17.110000610351562,17.18000030517578,12.88328742980957,509700,LADR
2018-08-29,17.190000534057617,17.309999465942383,17.15999984741211,17.290000915527344,12.965777397155762,719100,LADR
2018-08-30,17.280000686645508,17.43000030517578,17.25,17.40999984741211,13.055765151977539,468900,LADR
2018-08-31,17.389999389648438,17.43000030517578,17.290000915527344,17.3700008392334,13.025769233703613,406800,LADR
2018-09-04,17.3700008392334,17.420000076293945,17.219999313354492,17.3799991607666,13.033267974853516,620200,LADR
2018-09-05,17.3700008392334,17.43000030517578,17.270000457763672,17.420000076293945,13.063263893127441,491300,LADR
2018-09-06,17.450000762939453,17.450000762939453,17.219999313354492,17.3799991607666,13.033267974853516,679200,LADR
2018-09-07,17.34000015258789,17.420000076293945,17.270000457763672,17.329999923706055,12.995772361755371,498400,LADR
2018-09-10,17.389999389648438,17.399999618530273,17.260000228881836,17.350000381469727,13.010772705078125,610800,LADR
2018-09-11,17.360000610351562,17.489999771118164,17.31999969482422,17.459999084472656,13.093259811401367,560800,LADR
2018-09-12,17.459999084472656,17.520000457763672,17.3700008392334,17.440000534057617,13.078264236450195,662300,LADR
2018-09-13,17.510000228881836,17.530000686645508,17.309999465942383,17.350000381469727,13.010772705078125,860600,LADR
2018-09-14,16.989999771118164,17.209999084472656,16.8700008392334,17.18000030517578,13.12922477722168,1035800,LADR
2018-09-17,17.209999084472656,17.290000915527344,17.09000015258789,17.149999618530273,13.106298446655273,508600,LADR
2018-09-18,17.110000610351562,17.139999389648438,16.969999313354492,17.049999237060547,13.029874801635742,571300,LADR
2018-09-19,16.989999771118164,17.040000915527344,16.760000228881836,16.780000686645508,12.823538780212402,983300,LADR
2018-09-20,16.850000381469727,16.93000030517578,16.68000030517578,16.860000610351562,12.884675979614258,640000,LADR
2018-09-21,16.90999984741211,17.1200008392334,16.860000610351562,17.079999923706055,13.052801132202148,1512700,LADR
2018-09-24,17.079999923706055,17.190000534057617,16.950000762939453,17.040000915527344,13.022235870361328,425800,LADR
2018-09-25,17.049999237060547,17.100000381469727,16.889999389648438,16.889999389648438,12.907602310180664,597500,LADR
2018-09-26,16.899999618530273,16.93000030517578,16.579999923706055,16.649999618530273,12.724190711975098,730500,LADR
2018-09-27,16.709999084472656,16.920000076293945,16.649999618530273,16.899999618530273,12.915244102478027,446500,LADR
2018-09-28,16.90999984741211,16.989999771118164,16.889999389648438,16.940000534057617,12.94581413269043,593100,LADR
2018-10-01,17.010000228881836,17.010000228881836,16.760000228881836,16.780000686645508,12.823538780212402,573200,LADR
2018-10-02,16.799999237060547,16.93000030517578,16.75,16.920000076293945,12.930529594421387,344000,LADR
2018-10-03,16.93000030517578,17.0,16.829999923706055,16.860000610351562,12.884675979614258,359300,LADR
2018-10-04,16.84000015258789,16.940000534057617,16.59000015258789,16.760000228881836,12.808253288269043,620200,LADR
2018-10-05,16.799999237060547,16.899999618530273,16.760000228881836,16.8799991607666,12.8999605178833,973200,LADR
2018-10-08,16.860000610351562,16.979999542236328,16.729999542236328,16.979999542236328,12.9763822555542,463600,LADR
2018-10-09,16.989999771118164,17.1200008392334,16.90999984741211,17.1200008392334,13.08337116241455,460900,LADR
2018-10-10,17.1200008392334,17.170000076293945,17.010000228881836,17.030000686645508,13.014592170715332,832700,LADR
2018-10-11,17.020000457763672,17.1200008392334,16.559999465942383,16.559999465942383,12.655412673950195,963700,LADR
2018-10-12,16.75,16.799999237060547,16.559999465942383,16.68000030517578,12.74711799621582,655700,LADR
2018-10-15,16.700000762939453,17.079999923706055,16.6299991607666,17.030000686645508,13.014592170715332,535100,LADR
2018-10-16,17.110000610351562,17.5,16.93000030517578,17.5,13.373772621154785,955600,LADR
2018-10-17,17.489999771118164,17.709999084472656,17.399999618530273,17.6200008392334,13.465478897094727,684100,LADR
2018-10-18,17.6299991607666,17.639999389648438,17.420000076293945,17.479999542236328,13.358489990234375,413100,LADR
2018-10-19,17.450000762939453,17.530000686645508,17.3799991607666,17.3799991607666,13.28206729888916,596200,LADR
2018-10-22,17.450000762939453,17.540000915527344,17.34000015258789,17.399999618530273,13.297351837158203,515700,LADR
2018-10-23,17.309999465942383,17.420000076293945,17.079999923706055,17.100000381469727,13.068089485168457,1279100,LADR
2018-10-24,16.600000381469727,17.059999465942383,16.34000015258789,16.899999618530273,12.915244102478027,1150600,LADR
2018-10-25,16.950000762939453,17.18000030517578,16.850000381469727,17.110000610351562,13.075732231140137,619100,LADR
2018-10-26,17.06999969482422,17.09000015258789,16.610000610351562,16.920000076293945,12.930529594421387,1223100,LADR
2018-10-29,17.0,17.110000610351562,16.65999984741211,16.719999313354492,12.777685165405273,794000,LADR
2018-10-30,16.75,16.950000762939453,16.709999084472656,16.90999984741211,12.92288589477539,402500,LADR
2018-10-31,16.989999771118164,17.06999969482422,16.84000015258789,16.84000015258789,12.869389533996582,662400,LADR
2018-11-01,16.84000015258789,16.889999389648438,16.530000686645508,16.700000762939453,12.762402534484863,550000,LADR
2018-11-02,17.479999542236328,17.700000762939453,17.079999923706055,17.1200008392334,13.08337116241455,1491300,LADR
2018-11-05,17.170000076293945,17.399999618530273,17.1200008392334,17.3799991607666,13.28206729888916,1277300,LADR
2018-11-06,17.440000534057617,17.450000762939453,17.200000762939453,17.329999923706055,13.243856430053711,917400,LADR
2018-11-07,17.40999984741211,17.510000228881836,17.170000076293945,17.510000228881836,13.381416320800781,1182800,LADR
2018-11-08,17.540000915527344,17.610000610351562,17.34000015258789,17.3700008392334,13.274425506591797,698000,LADR
2018-11-09,17.399999618530273,17.790000915527344,17.360000610351562,17.739999771118164,13.557184219360352,873100,LADR
2018-11-12,17.780000686645508,17.899999618530273,17.610000610351562,17.610000610351562,13.457837104797363,695500,LADR
2018-11-13,17.649999618530273,17.770000457763672,17.469999313354492,17.579999923706055,13.43490982055664,877500,LADR
2018-11-14,17.049999237060547,17.200000762939453,17.0,17.040000915527344,13.022235870361328,7250100,LADR
2018-11-15,17.09000015258789,17.25,17.010000228881836,17.200000762939453,13.144509315490723,2507900,LADR
2018-11-16,17.15999984741211,17.25,17.010000228881836,17.139999389648438,13.09865665435791,1436200,LADR
2018-11-19,17.149999618530273,17.329999923706055,17.030000686645508,17.030000686645508,13.014592170715332,1222800,LADR
2018-11-20,17.0,17.059999465942383,16.729999542236328,17.030000686645508,13.014592170715332,1450100,LADR
2018-11-21,17.079999923706055,17.389999389648438,17.040000915527344,17.270000457763672,13.198004722595215,1138300,LADR
2018-11-23,17.280000686645508,17.540000915527344,17.280000686645508,17.479999542236328,13.358489990234375,1343800,LADR
2018-11-26,17.649999618530273,17.799999237060547,17.5,17.760000228881836,13.572471618652344,1321800,LADR
2018-11-27,17.75,17.809999465942383,17.649999618530273,17.709999084472656,13.534257888793945,864500,LADR
2018-11-28,17.739999771118164,17.780000686645508,17.59000015258789,17.709999084472656,13.534257888793945,1052000,LADR
2018-11-29,17.68000030517578,17.8700008392334,17.649999618530273,17.829999923706055,13.625965118408203,712600,LADR
2018-11-30,17.829999923706055,17.84000015258789,17.510000228881836,17.649999618530273,13.488407135009766,1371100,LADR
2018-12-03,17.729999542236328,17.8700008392334,17.649999618530273,17.8700008392334,13.656535148620605,918300,LADR
2018-12-04,17.850000381469727,17.899999618530273,17.530000686645508,17.530000686645508,13.396699905395508,1357000,LADR
2018-12-06,17.489999771118164,17.959999084472656,17.360000610351562,17.950000762939453,13.717671394348145,2459200,LADR
2018-12-07,17.5,17.5,17.15999984741211,17.219999313354492,13.591386795043945,1123800,LADR
2018-12-10,17.280000686645508,17.31999969482422,16.850000381469727,17.09000015258789,13.488778114318848,1462100,LADR
2018-12-11,17.229999542236328,17.280000686645508,17.100000381469727,17.100000381469727,13.496672630310059,814900,LADR
2018-12-12,17.170000076293945,17.3799991607666,17.170000076293945,17.200000762939453,13.575600624084473,1133100,LADR
2018-12-13,17.200000762939453,17.329999923706055,17.18000030517578,17.260000228881836,13.622957229614258,775800,LADR
2018-12-14,17.25,17.350000381469727,17.010000228881836,17.059999465942383,13.46510124206543,924200,LADR
2018-12-17,17.06999969482422,17.15999984741211,16.309999465942383,16.31999969482422,12.881034851074219,1606000,LADR
2018-12-18,16.399999618530273,16.690000534057617,16.360000610351562,16.40999984741211,12.952069282531738,849700,LADR
2018-12-19,16.43000030517578,16.6200008392334,16.139999389648438,16.18000030517578,12.77053451538086,1155200,LADR
2018-12-20,16.170000076293945,16.170000076293945,15.079999923706055,15.210000038146973,12.004934310913086,2546300,LADR
2018-12-21,15.289999961853027,15.630000114440918,15.220000267028809,15.3100004196167,12.083863258361816,2138700,LADR
2018-12-24,15.25,15.25,14.75,14.84000015258789,11.712902069091797,767700,LADR
2018-12-26,14.880000114440918,15.600000381469727,14.859999656677246,15.569999694824219,12.289074897766113,1091900,LADR
2018-12-27,15.399999618530273,15.5,15.0600004196167,15.470000267028809,12.210147857666016,914100,LADR
2018-12-28,15.569999694824219,15.800000190734863,15.449999809265137,15.609999656677246,12.320646286010742,723500,LADR
2018-12-31,15.630000114440918,15.670000076293945,15.34000015258789,15.470000267028809,12.210147857666016,965600,LADR
2019-01-02,15.319999694824219,15.569999694824219,15.239999771118164,15.529999732971191,12.2575044631958,559700,LADR
2019-01-03,15.5,15.829999923706055,15.470000267028809,15.670000076293945,12.368002891540527,578100,LADR
2019-01-04,15.789999961853027,16.1200008392334,15.75,16.059999465942383,12.675821304321289,766500,LADR
2019-01-07,16.15999984741211,16.34000015258789,16.020000457763672,16.280000686645508,12.84946346282959,841400,LADR
2019-01-08,16.34000015258789,16.459999084472656,16.260000228881836,16.40999984741211,12.952069282531738,844300,LADR
2019-01-09,16.489999771118164,16.59000015258789,16.34000015258789,16.59000015258789,13.09414005279541,1116200,LADR
2019-01-10,16.59000015258789,16.649999618530273,16.40999984741211,16.6200008392334,13.117818832397461,810200,LADR
2019-01-11,16.670000076293945,16.739999771118164,16.56999969482422,16.600000381469727,13.102031707763672,794300,LADR
2019-01-14,16.600000381469727,16.799999237060547,16.579999923706055,16.700000762939453,13.180960655212402,673500,LADR
2019-01-15,16.729999542236328,16.790000915527344,16.6299991607666,16.709999084472656,13.188852310180664,477200,LADR
2019-01-16,16.75,16.760000228881836,16.65999984741211,16.68000030517578,13.165175437927246,577800,LADR
2019-01-17,16.690000534057617,16.729999542236328,16.56999969482422,16.639999389648438,13.1336030960083,516500,LADR
2019-01-18,16.6299991607666,16.670000076293945,16.440000534057617,16.520000457763672,13.03888988494873,699300,LADR
2019-01-22,16.520000457763672,16.579999923706055,16.299999237060547,16.43000030517578,12.967856407165527,821700,LADR
2019-01-23,16.459999084472656,16.59000015258789,16.459999084472656,16.56999969482422,13.078353881835938,564300,LADR
2019-01-24,16.559999465942383,16.690000534057617,16.510000228881836,16.610000610351562,13.109925270080566,447900,LADR
2019-01-25,16.690000534057617,16.739999771118164,16.579999923706055,16.670000076293945,13.157282829284668,613200,LADR
2019-01-28,16.649999618530273,16.719999313354492,16.600000381469727,16.690000534057617,13.173069953918457,503600,LADR
2019-01-29,16.719999313354492,16.959999084472656,16.68000030517578,16.8799991607666,13.323030471801758,622500,LADR
2019-01-30,16.899999618530273,17.110000610351562,16.829999923706055,17.059999465942383,13.46510124206543,605900,LADR
2019-01-31,17.049999237060547,17.31999969482422,17.010000228881836,17.309999465942383,13.662419319152832,929400,LADR
2019-02-01,17.34000015258789,17.3799991607666,17.100000381469727,17.350000381469727,13.69399356842041,527300,LADR
2019-02-04,17.350000381469727,17.43000030517578,17.239999771118164,17.40999984741211,13.741348266601562,481200,LADR
2019-02-05,17.450000762939453,17.469999313354492,17.34000015258789,17.3700008392334,13.709776878356934,528900,LADR
2019-02-06,17.360000610351562,17.469999313354492,17.280000686645508,17.459999084472656,13.78081226348877,393700,LADR
2019-02-07,17.420000076293945,17.520000457763672,17.389999389648438,17.5,13.812382698059082,481700,LADR
2019-02-08,17.479999542236328,17.6200008392334,17.450000762939453,17.56999969482422,13.867631912231445,431800,LADR
2019-02-11,17.59000015258789,17.700000762939453,17.559999465942383,17.68000030517578,13.95445442199707,435100,LADR
2019-02-12,17.719999313354492,17.799999237060547,17.65999984741211,17.739999771118164,14.001810073852539,529800,LADR
2019-02-13,17.790000915527344,17.799999237060547,17.540000915527344,17.68000030517578,13.95445442199707,490800,LADR
2019-02-14,17.649999618530273,17.670000076293945,17.469999313354492,17.540000915527344,13.84395694732666,489300,LADR
2019-02-15,17.6200008392334,17.68000030517578,17.520000457763672,17.559999465942383,13.859739303588867,621100,LADR
2019-02-19,17.56999969482422,17.790000915527344,17.549999237060547,17.790000915527344,14.041276931762695,612700,LADR
2019-02-20,17.760000228881836,17.889999389648438,17.649999618530273,17.860000610351562,14.096525192260742,807900,LADR
2019-02-21,17.860000610351562,18.209999084472656,17.829999923706055,18.170000076293945,14.341202735900879,1153600,LADR
2019-02-22,18.239999771118164,18.350000381469727,18.149999618530273,18.290000915527344,14.43591594696045,1004900,LADR
2019-02-25,18.389999389648438,18.420000076293945,18.239999771118164,18.290000915527344,14.43591594696045,1233000,LADR
2019-02-26,18.360000610351562,18.450000762939453,18.25,18.31999969482422,14.459593772888184,908400,LADR
2019-02-27,18.350000381469727,18.43000030517578,18.25,18.399999618530273,14.522737503051758,797300,LADR
2019-02-28,18.200000762939453,18.81999969482422,18.100000381469727,18.350000381469727,14.483270645141602,1285100,LADR
2019-03-01,18.25,18.34000015258789,17.850000381469727,17.959999084472656,14.175451278686523,1672800,LADR
2019-03-04,18.0,18.06999969482422,17.940000534057617,18.010000228881836,14.21491527557373,1368700,LADR
2019-03-05,18.030000686645508,18.139999389648438,17.709999084472656,17.799999237060547,14.04916763305664,1265400,LADR
2019-03-06,17.799999237060547,17.850000381469727,17.239999771118164,17.25,13.615067481994629,1542300,LADR
2019-03-07,17.260000228881836,17.299999237060547,17.030000686645508,17.079999923706055,13.48088550567627,1301100,LADR
2019-03-08,16.75,16.860000610351562,16.649999618530273,16.709999084472656,13.45672607421875,1076700,LADR
2019-03-11,16.709999084472656,16.829999923706055,16.709999084472656,16.739999771118164,13.48088550567627,931700,LADR
2019-03-12,16.739999771118164,16.8799991607666,16.68000030517578,16.690000534057617,13.44062328338623,1055600,LADR
2019-03-13,16.729999542236328,16.950000762939453,16.690000534057617,16.84000015258789,13.561417579650879,1158100,LADR
2019-03-14,16.90999984741211,16.950000762939453,16.75,16.760000228881836,13.496991157531738,913300,LADR
2019-03-15,16.75,16.809999465942383,16.719999313354492,16.719999313354492,13.464778900146484,1752500,LADR
2019-03-18,16.799999237060547,17.18000030517578,16.799999237060547,17.170000076293945,13.82717227935791,774000,LADR
2019-03-19,17.200000762939453,17.200000762939453,16.8799991607666,16.8799991607666,13.593629837036133,716600,LADR
2019-03-20,16.8799991607666,17.139999389648438,16.860000610351562,16.920000076293945,13.625843048095703,751000,LADR
2019-03-21,16.920000076293945,17.1299991607666,16.920000076293945,16.959999084472656,13.65805435180664,526700,LADR
2019-03-22,16.920000076293945,17.0,16.700000762939453,16.729999542236328,13.472834587097168,990300,LADR
2019-03-25,16.729999542236328,16.8700008392334,16.579999923706055,16.829999923706055,13.553363800048828,825500,LADR
2019-03-26,16.889999389648438,16.959999084472656,16.84000015258789,16.899999618530273,13.609736442565918,482600,LADR
2019-03-27,16.889999389648438,16.950000762939453,16.709999084472656,16.780000686645508,13.513100624084473,669200,LADR
2019-03-28,16.829999923706055,17.010000228881836,16.790000915527344,16.90999984741211,13.617789268493652,588000,LADR
2019-03-29,16.979999542236328,17.229999542236328,16.920000076293945,17.020000457763672,13.706374168395996,1245500,LADR
2019-04-01,17.059999465942383,17.149999618530273,16.959999084472656,17.040000915527344,13.722481727600098,909600,LADR
2019-04-02,17.059999465942383,17.100000381469727,16.8799991607666,16.889999389648438,13.601683616638184,661800,LADR
2019-04-03,16.920000076293945,16.940000534057617,16.81999969482422,16.860000610351562,13.57752513885498,689700,LADR
2019-04-04,16.860000610351562,16.950000762939453,16.770000457763672,16.860000610351562,13.57752513885498,642200,LADR
2019-04-05,16.899999618530273,17.170000076293945,16.829999923706055,17.15999984741211,13.819116592407227,844400,LADR
2019-04-08,17.09000015258789,17.200000762939453,17.059999465942383,17.1200008392334,13.786904335021973,456400,LADR
2019-04-09,17.1200008392334,17.200000762939453,17.010000228881836,17.06999969482422,13.746638298034668,540700,LADR
2019-04-10,17.100000381469727,17.190000534057617,17.040000915527344,17.149999618530273,13.811062812805176,499800,LADR
2019-04-11,17.139999389648438,17.18000030517578,17.06999969482422,17.1299991607666,13.794958114624023,603500,LADR
2019-04-12,17.18000030517578,17.18000030517578,16.959999084472656,16.969999313354492,13.666107177734375,625000,LADR
2019-04-15,17.0,17.06999969482422,16.93000030517578,16.940000534057617,13.641949653625488,524400,LADR
2019-04-16,16.989999771118164,17.010000228881836,16.81999969482422,16.899999618530273,13.609736442565918,567000,LADR
2019-04-17,16.940000534057617,16.979999542236328,16.81999969482422,16.969999313354492,13.666107177734375,567400,LADR
2019-04-18,16.969999313354492,17.09000015258789,16.959999084472656,17.030000686645508,13.714428901672363,411100,LADR
2019-04-22,17.030000686645508,17.079999923706055,16.8799991607666,16.940000534057617,13.641949653625488,546800,LADR
2019-04-23,16.950000762939453,17.260000228881836,16.950000762939453,17.190000534057617,13.843277931213379,854800,LADR
2019-04-24,17.15999984741211,17.559999465942383,17.15999984741211,17.489999771118164,14.084870338439941,880300,LADR
2019-04-25,17.420000076293945,17.450000762939453,17.15999984741211,17.170000076293945,13.82717227935791,778400,LADR
2019-04-26,17.18000030517578,17.43000030517578,17.149999618530273,17.350000381469727,13.972126007080078,429900,LADR
2019-04-29,17.350000381469727,17.450000762939453,17.309999465942383,17.350000381469727,13.972126007080078,408600,LADR
2019-04-30,17.299999237060547,17.450000762939453,17.209999084472656,17.399999618530273,14.012391090393066,802300,LADR
2019-05-01,17.5,17.510000228881836,17.1200008392334,17.1200008392334,13.786904335021973,463000,LADR
2019-05-02,17.139999389648438,17.40999984741211,17.1200008392334,17.3799991607666,13.996285438537598,380600,LADR
2019-05-03,17.5,17.709999084472656,17.3799991607666,17.709999084472656,14.26203727722168,619200,LADR
2019-05-06,17.530000686645508,17.68000030517578,17.479999542236328,17.579999923706055,14.15734577178955,440100,LADR
2019-05-07,17.5,17.59000015258789,17.309999465942383,17.360000610351562,13.980178833007812,564000,LADR
2019-05-08,17.030000686645508,17.200000762939453,16.030000686645508,16.360000610351562,13.174869537353516,2364500,LADR
2019-05-09,16.200000762939453,16.290000915527344,16.040000915527344,16.260000228881836,13.09433650970459,1433700,LADR
2019-05-10,16.25,16.469999313354492,16.18000030517578,16.440000534057617,13.23929500579834,613300,LADR
2019-05-13,16.260000228881836,16.389999389648438,16.209999084472656,16.209999084472656,13.054072380065918,634600,LADR
2019-05-14,16.25,16.399999618530273,16.209999084472656,16.290000915527344,13.118497848510742,549700,LADR
2019-05-15,16.270000457763672,16.399999618530273,16.239999771118164,16.270000457763672,13.102392196655273,685300,LADR
2019-05-16,16.280000686645508,16.399999618530273,16.209999084472656,16.260000228881836,13.09433650970459,771200,LADR
2019-05-17,16.219999313354492,16.31999969482422,16.200000762939453,16.25,13.086285591125488,607000,LADR
2019-05-20,16.229999542236328,16.309999465942383,16.110000610351562,16.110000610351562,12.973542213439941,533200,LADR
2019-05-21,16.149999618530273,16.219999313354492,16.09000015258789,16.1299991607666,12.98964786529541,667800,LADR
2019-05-22,16.100000381469727,16.190000534057617,16.0,16.049999237060547,12.925220489501953,763200,LADR
2019-05-23,16.0,16.030000686645508,15.890000343322754,15.9399995803833,12.836638450622559,965800,LADR
2019-05-24,16.06999969482422,16.219999313354492,16.06999969482422,16.15999984741211,13.01380729675293,548300,LADR
2019-05-28,16.239999771118164,16.540000915527344,16.209999084472656,16.450000762939453,13.24734878540039,1178200,LADR
2019-05-29,16.399999618530273,16.450000762939453,16.1200008392334,16.200000762939453,13.046021461486816,858900,LADR
2019-05-30,16.25,16.309999465942383,16.170000076293945,16.219999313354492,13.062124252319336,825200,LADR
2019-05-31,16.1200008392334,16.170000076293945,15.850000381469727,15.899999618530273,12.804427146911621,1549000,LADR
2019-06-03,15.979999542236328,16.280000686645508,15.920000076293945,16.260000228881836,13.09433650970459,669300,LADR
2019-06-04,16.469999313354492,16.479999542236328,16.280000686645508,16.420000076293945,13.223189353942871,881400,LADR
2019-06-05,16.40999984741211,16.459999084472656,16.200000762939453,16.290000915527344,13.118497848510742,974100,LADR
2019-06-06,16.309999465942383,16.40999984741211,16.219999313354492,16.360000610351562,13.174869537353516,821800,LADR
2019-06-07,16.09000015258789,16.170000076293945,15.970000267028809,16.030000686645508,13.18309211730957,902500,LADR
2019-06-10,16.079999923706055,16.219999313354492,16.049999237060547,16.1299991607666,13.265332221984863,819800,LADR
2019-06-11,16.139999389648438,16.170000076293945,15.859999656677246,15.930000305175781,13.100852966308594,796500,LADR
2019-06-12,16.0,16.200000762939453,15.899999618530273,16.190000534057617,13.314679145812988,620900,LADR
2019-06-13,16.219999313354492,16.260000228881836,16.09000015258789,16.170000076293945,13.298230171203613,787700,LADR
2019-06-14,16.149999618530273,16.420000076293945,16.1299991607666,16.3799991607666,13.47093391418457,661600,LADR
2019-06-17,16.3799991607666,16.56999969482422,16.3700008392334,16.43000030517578,13.512054443359375,841000,LADR
2019-06-18,16.479999542236328,16.6299991607666,16.450000762939453,16.540000915527344,13.602518081665039,561900,LADR
2019-06-19,16.639999389648438,16.799999237060547,16.530000686645508,16.790000915527344,13.80811882019043,694800,LADR
2019-06-20,16.829999923706055,16.850000381469727,16.709999084472656,16.799999237060547,13.8163423538208,953800,LADR
2019-06-21,16.729999542236328,16.75,16.559999465942383,16.65999984741211,13.701207160949707,1089100,LADR
2019-06-24,16.690000534057617,16.700000762939453,16.5,16.510000228881836,13.577847480773926,550200,LADR
2019-06-25,16.5,16.59000015258789,16.43000030517578,16.479999542236328,13.553174018859863,683400,LADR
2019-06-26,16.510000228881836,16.549999237060547,16.280000686645508,16.280000686645508,13.388692855834961,828000,LADR
2019-06-27,16.34000015258789,16.520000457763672,16.290000915527344,16.489999771118164,13.561397552490234,597900,LADR
2019-06-28,16.5,16.729999542236328,16.5,16.610000610351562,13.660085678100586,2231300,LADR
2019-07-01,16.700000762939453,16.739999771118164,16.5,16.579999923706055,13.635415077209473,735400,LADR
2019-07-02,16.6200008392334,16.690000534057617,16.489999771118164,16.639999389648438,13.684757232666016,716800,LADR
2019-07-03,16.6200008392334,16.809999465942383,16.610000610351562,16.790000915527344,13.80811882019043,250600,LADR
2019-07-05,16.790000915527344,16.90999984741211,16.65999984741211,16.899999618530273,13.89858341217041,438500,LADR
2019-07-08,16.8700008392334,16.920000076293945,16.760000228881836,16.81999969482422,13.832789421081543,737900,LADR
2019-07-09,16.790000915527344,16.889999389648438,16.780000686645508,16.850000381469727,13.857461929321289,476000,LADR
2019-07-10,16.899999618530273,16.940000534057617,16.799999237060547,16.84000015258789,13.849237442016602,557000,LADR
2019-07-11,16.84000015258789,16.979999542236328,16.84000015258789,16.920000076293945,13.915030479431152,357900,LADR
2019-07-12,16.90999984741211,17.049999237060547,16.899999618530273,17.0,13.980823516845703,476200,LADR
2019-07-15,17.0,17.09000015258789,16.93000030517578,17.040000915527344,14.013720512390137,418200,LADR
2019-07-16,17.010000228881836,17.1299991607666,16.8700008392334,16.90999984741211,13.906805992126465,791900,LADR
2019-07-17,16.860000610351562,17.020000457763672,16.809999465942383,16.920000076293945,13.915030479431152,440200,LADR
2019-07-18,16.850000381469727,16.860000610351562,16.700000762939453,16.700000762939453,13.734102249145508,611700,LADR
2019-07-19,16.670000076293945,16.799999237060547,16.65999984741211,16.68000030517578,13.717655181884766,395900,LADR
2019-07-22,16.68000030517578,16.780000686645508,16.600000381469727,16.739999771118164,13.766996383666992,542300,LADR
2019-07-23,16.760000228881836,16.950000762939453,16.739999771118164,16.899999618530273,13.89858341217041,392500,LADR
2019-07-24,16.84000015258789,16.8799991607666,16.56999969482422,16.760000228881836,13.783445358276367,477600,LADR
2019-07-25,16.770000457763672,16.940000534057617,16.75,16.8700008392334,13.873910903930664,557500,LADR
2019-07-26,16.889999389648438,16.93000030517578,16.84000015258789,16.8799991607666,13.882134437561035,401700,LADR
2019-07-29,16.8799991607666,16.979999542236328,16.8700008392334,16.969999313354492,13.95615005493164,548900,LADR
2019-07-30,16.90999984741211,17.040000915527344,16.889999389648438,17.0,13.980823516845703,510100,LADR
2019-07-31,17.0,17.09000015258789,16.719999313354492,16.829999923706055,13.84101390838623,1220200,LADR
2019-08-01,16.850000381469727,17.149999618530273,16.75,16.920000076293945,13.915030479431152,956900,LADR
2019-08-02,16.8799991607666,17.020000457763672,16.739999771118164,17.020000457763672,13.997271537780762,549900,LADR
2019-08-05,16.8799991607666,16.90999984741211,16.309999465942383,16.43000030517578,13.512054443359375,859400,LADR
2019-08-06,16.510000228881836,16.719999313354492,16.450000762939453,16.719999313354492,13.750548362731934,620800,LADR
2019-08-07,16.6200008392334,16.8799991607666,16.540000915527344,16.809999465942383,13.824564933776855,834500,LADR
2019-08-08,16.809999465942383,16.969999313354492,16.68000030517578,16.959999084472656,13.947925567626953,696000,LADR
2019-08-09,16.920000076293945,16.920000076293945,16.690000534057617,16.790000915527344,13.80811882019043,420400,LADR
2019-08-12,16.700000762939453,16.770000457763672,16.56999969482422,16.729999542236328,13.758774757385254,374900,LADR
2019-08-13,16.709999084472656,16.8700008392334,16.649999618530273,16.81999969482422,13.832789421081543,368200,LADR
2019-08-14,16.6200008392334,16.65999984741211,16.3799991607666,16.3799991607666,13.47093391418457,620900,LADR
2019-08-15,16.40999984741211,16.579999923706055,16.360000610351562,16.5,13.569622039794922,327600,LADR
2019-08-16,16.549999237060547,16.729999542236328,16.549999237060547,16.6299991607666,13.676532745361328,469300,LADR
2019-08-19,16.719999313354492,16.989999771118164,16.68000030517578,16.940000534057617,13.931479454040527,589000,LADR
2019-08-20,16.889999389648438,16.90999984741211,16.729999542236328,16.829999923706055,13.84101390838623,438600,LADR
2019-08-21,16.84000015258789,16.969999313354492,16.84000015258789,16.950000762939453,13.939703941345215,393300,LADR
2019-08-22,17.0,17.040000915527344,16.84000015258789,17.0,13.980823516845703,520500,LADR
2019-08-23,16.979999542236328,17.040000915527344,16.75,16.799999237060547,13.8163423538208,569200,LADR
2019-08-26,16.8799991607666,16.969999313354492,16.84000015258789,16.959999084472656,13.947925567626953,397000,LADR
2019-08-27,16.989999771118164,17.040000915527344,16.670000076293945,16.68000030517578,13.717655181884766,609200,LADR
2019-08-28,16.65999984741211,16.780000686645508,16.6200008392334,16.690000534057617,13.72588062286377,386700,LADR
2019-08-29,16.790000915527344,16.899999618530273,16.690000534057617,16.8700008392334,13.873910903930664,397200,LADR
2019-08-30,16.899999618530273,16.920000076293945,16.75,16.780000686645508,13.799896240234375,703900,LADR
2019-09-03,16.790000915527344,17.020000457763672,16.719999313354492,16.979999542236328,13.964373588562012,569600,LADR
2019-09-04,17.049999237060547,17.15999984741211,16.920000076293945,16.920000076293945,13.915030479431152,552800,LADR
2019-09-05,16.969999313354492,17.139999389648438,16.959999084472656,17.06999969482422,14.038389205932617,570400,LADR
2019-09-06,17.110000610351562,17.399999618530273,17.049999237060547,17.309999465942383,14.235766410827637,709800,LADR
2019-09-09,17.079999923706055,17.139999389648438,16.90999984741211,16.950000762939453,14.218990325927734,841200,LADR
2019-09-10,16.90999984741211,17.09000015258789,16.889999389648438,17.09000015258789,14.336429595947266,819100,LADR
2019-09-11,17.09000015258789,17.139999389648438,16.940000534057617,17.079999923706055,14.328043937683105,714300,LADR
2019-09-12,17.059999465942383,17.190000534057617,17.0,17.139999389648438,14.378376960754395,618900,LADR
2019-09-13,17.190000534057617,17.239999771118164,17.0,17.0,14.260934829711914,641500,LADR
2019-09-16,17.0,17.100000381469727,16.959999084472656,17.06999969482422,14.319653511047363,551300,LADR
2019-09-17,17.040000915527344,17.139999389648438,16.969999313354492,17.1200008392334,14.36159896850586,380400,LADR
2019-09-18,17.100000381469727,17.200000762939453,17.020000457763672,17.149999618530273,14.386763572692871,414500,LADR
2019-09-19,17.200000762939453,17.389999389648438,17.200000762939453,17.280000686645508,14.495820045471191,441000,LADR
2019-09-20,17.270000457763672,17.360000610351562,17.1299991607666,17.219999313354492,14.445487022399902,1127800,LADR
2019-09-23,17.170000076293945,17.31999969482422,17.149999618530273,17.15999984741211,14.395153045654297,371300,LADR
2019-09-24,17.229999542236328,17.280000686645508,17.1200008392334,17.18000030517578,14.411931991577148,553100,LADR
2019-09-25,17.149999618530273,17.389999389648438,17.149999618530273,17.350000381469727,14.554542541503906,504700,LADR
2019-09-26,17.31999969482422,17.3700008392334,17.229999542236328,17.229999542236328,14.453875541687012,384000,LADR
2019-09-27,17.260000228881836,17.3700008392334,17.190000534057617,17.229999542236328,14.453875541687012,383700,LADR
2019-09-30,17.170000076293945,17.399999618530273,17.170000076293945,17.270000457763672,14.487432479858398,872300,LADR
2019-10-01,17.350000381469727,17.3700008392334,16.959999084472656,17.079999923706055,14.328043937683105,585600,LADR
2019-10-02,16.950000762939453,17.059999465942383,16.770000457763672,16.920000076293945,14.19382381439209,551000,LADR
2019-10-03,16.8799991607666,17.0,16.809999465942383,16.860000610351562,14.1434907913208,376900,LADR
2019-10-04,16.8700008392334,16.989999771118164,16.81999969482422,16.959999084472656,14.227375984191895,348100,LADR
2019-10-07,16.90999984741211,16.979999542236328,16.8799991607666,16.8799991607666,14.160266876220703,399500,LADR
2019-10-08,16.799999237060547,16.8799991607666,16.68000030517578,16.799999237060547,14.093157768249512,344500,LADR
2019-10-09,16.8700008392334,16.920000076293945,16.770000457763672,16.8799991607666,14.160266876220703,415400,LADR
2019-10-10,16.920000076293945,17.110000610351562,16.8799991607666,17.020000457763672,14.277711868286133,751200,LADR
2019-10-11,17.15999984741211,17.229999542236328,17.100000381469727,17.139999389648438,14.378376960754395,667400,LADR
2019-10-14,17.139999389648438,17.170000076293945,17.049999237060547,17.1200008392334,14.36159896850586,279500,LADR
2019-10-15,17.139999389648438,17.260000228881836,17.1299991607666,17.190000534057617,14.420320510864258,466000,LADR
2019-10-16,17.209999084472656,17.25,17.079999923706055,17.1299991607666,14.369986534118652,390100,LADR
2019-10-17,17.190000534057617,17.360000610351562,17.15999984741211,17.360000610351562,14.56292724609375,553100,LADR
2019-10-18,17.299999237060547,17.459999084472656,17.270000457763672,17.420000076293945,14.613262176513672,498500,LADR
2019-10-21,17.420000076293945,17.649999618530273,17.40999984741211,17.450000762939453,14.638429641723633,703300,LADR
2019-10-22,17.450000762939453,17.5,17.280000686645508,17.459999084472656,14.646818161010742,534800,LADR
2019-10-23,17.459999084472656,17.459999084472656,17.309999465942383,17.3799991607666,14.579707145690918,369100,LADR
2019-10-24,17.3700008392334,17.399999618530273,17.170000076293945,17.209999084472656,14.437098503112793,346800,LADR
2019-10-25,17.190000534057617,17.309999465942383,17.139999389648438,17.149999618530273,14.386763572692871,334900,LADR
2019-10-28,17.190000534057617,17.290000915527344,17.170000076293945,17.18000030517578,14.411931991577148,523100,LADR
2019-10-29,17.219999313354492,17.299999237060547,17.059999465942383,17.100000381469727,14.34482192993164,568400,LADR
2019-10-30,17.079999923706055,17.170000076293945,17.030000686645508,17.1200008392334,14.36159896850586,370400,LADR
2019-10-31,17.110000610351562,17.270000457763672,17.049999237060547,17.270000457763672,14.487432479858398,560900,LADR
2019-11-01,17.25,17.43000030517578,17.219999313354492,17.299999237060547,14.51259708404541,460000,LADR
2019-11-04,17.350000381469727,17.350000381469727,17.139999389648438,17.149999618530273,14.386763572692871,476300,LADR
2019-11-05,17.170000076293945,17.219999313354492,17.0,17.0,14.260934829711914,477000,LADR
2019-11-06,17.010000228881836,17.09000015258789,16.959999084472656,17.030000686645508,14.286100387573242,468700,LADR
2019-11-07,17.059999465942383,17.149999618530273,16.959999084472656,16.989999771118164,14.252543449401855,462200,LADR
2019-11-08,16.799999237060547,17.06999969482422,16.059999465942383,17.010000228881836,14.26932144165039,1526700,LADR
2019-11-11,17.049999237060547,17.399999618530273,16.899999618530273,16.950000762939453,14.218990325927734,658400,LADR
2019-11-12,17.030000686645508,17.079999923706055,16.8700008392334,16.969999313354492,14.235767364501953,983400,LADR
2019-11-13,16.899999618530273,16.979999542236328,16.770000457763672,16.93000030517578,14.2022123336792,469900,LADR
2019-11-14,16.8700008392334,17.059999465942383,16.8700008392334,17.040000915527344,14.2944917678833,522100,LADR
2019-11-15,17.040000915527344,17.059999465942383,16.8700008392334,16.93000030517578,14.2022123336792,480500,LADR
2019-11-18,16.8799991607666,17.049999237060547,16.8799991607666,16.93000030517578,14.2022123336792,424500,LADR
2019-11-19,16.950000762939453,17.110000610351562,16.93000030517578,17.059999465942383,14.31126594543457,417600,LADR
2019-11-20,17.0,17.170000076293945,16.93000030517578,17.09000015258789,14.336429595947266,540500,LADR
2019-11-21,17.06999969482422,17.09000015258789,16.850000381469727,16.889999389648438,14.168657302856445,345300,LADR
2019-11-22,16.860000610351562,16.959999084472656,16.829999923706055,16.920000076293945,14.19382381439209,314700,LADR
2019-11-25,16.969999313354492,17.06999969482422,16.93000030517578,16.979999542236328,14.244154930114746,374900,LADR
2019-11-26,16.989999771118164,17.09000015258789,16.979999542236328,17.010000228881836,14.26932144165039,610400,LADR
2019-11-27,17.079999923706055,17.329999923706055,17.059999465942383,17.31999969482422,14.529374122619629,498300,LADR
2019-11-29,17.309999465942383,17.3700008392334,17.270000457763672,17.290000915527344,14.5042085647583,296200,LADR
2019-12-02,17.329999923706055,17.469999313354492,17.270000457763672,17.329999923706055,14.537763595581055,606900,LADR
2019-12-03,17.3700008392334,17.389999389648438,17.260000228881836,17.360000610351562,14.56292724609375,581200,LADR
2019-12-04,17.3799991607666,17.469999313354492,17.299999237060547,17.420000076293945,14.613262176513672,722600,LADR
2019-12-05,17.40999984741211,17.5,17.360000610351562,17.440000534057617,14.63004207611084,643900,LADR
2019-12-06,17.5,17.799999237060547,17.450000762939453,17.770000457763672,14.90687084197998,1463300,LADR
2019-12-09,17.5,17.559999465942383,17.200000762939453,17.329999923706055,14.821346282958984,879300,LADR
2019-12-10,17.299999237060547,17.309999465942383,17.110000610351562,17.170000076293945,14.684508323669434,717100,LADR
2019-12-11,17.18000030517578,17.190000534057617,17.010000228881836,17.049999237060547,14.581876754760742,634800,LADR
2019-12-12,17.049999237060547,17.31999969482422,17.049999237060547,17.200000762939453,14.710163116455078,517700,LADR
2019-12-13,17.200000762939453,17.229999542236328,17.09000015258789,17.15999984741211,14.67595386505127,318400,LADR
2019-12-16,17.200000762939453,17.309999465942383,17.1299991607666,17.200000762939453,14.710163116455078,564800,LADR
2019-12-17,17.229999542236328,17.5,17.209999084472656,17.5,14.966734886169434,628600,LADR
2019-12-18,17.530000686645508,17.610000610351562,17.350000381469727,17.600000381469727,15.052263259887695,735700,LADR
2019-12-19,17.540000915527344,17.719999313354492,17.540000915527344,17.68000030517578,15.120681762695312,670700,LADR
2019-12-20,17.75,17.979999542236328,17.639999389648438,17.959999084472656,15.360145568847656,1179900,LADR
2019-12-23,17.93000030517578,18.079999923706055,17.829999923706055,18.06999969482422,15.454224586486816,858600,LADR
2019-12-24,18.06999969482422,18.06999969482422,17.920000076293945,17.940000534057617,15.343045234680176,188200,LADR
2019-12-26,18.030000686645508,18.110000610351562,17.959999084472656,18.079999923706055,15.462777137756348,336900,LADR
2019-12-27,18.079999923706055,18.239999771118164,18.059999465942383,18.209999084472656,15.573957443237305,410500,LADR
2019-12-30,18.209999084472656,18.280000686645508,18.030000686645508,18.139999389648438,15.514091491699219,603800,LADR
2019-12-31,18.110000610351562,18.219999313354492,18.020000457763672,18.040000915527344,15.428567886352539,536200,LADR
2020-01-02,18.049999237060547,18.06999969482422,17.760000228881836,17.899999618530273,15.308834075927734,757700,LADR
2020-01-03,17.850000381469727,18.1299991607666,17.81999969482422,18.040000915527344,15.428567886352539,411300,LADR
2020-01-06,18.0,18.18000030517578,18.0,18.139999389648438,15.514091491699219,479700,LADR
2020-01-07,18.100000381469727,18.229999542236328,18.079999923706055,18.219999313354492,15.582509994506836,474800,LADR
2020-01-08,18.200000762939453,18.329999923706055,18.110000610351562,18.1299991607666,15.505537033081055,564100,LADR
2020-01-09,18.149999618530273,18.270000457763672,18.1299991607666,18.229999542236328,15.591063499450684,569000,LADR
2020-01-10,18.200000762939453,18.440000534057617,18.18000030517578,18.43000030517578,15.762115478515625,404300,LADR
2020-01-13,18.420000076293945,18.549999237060547,18.3700008392334,18.540000915527344,15.85619068145752,515400,LADR
2020-01-14,18.510000228881836,18.600000381469727,18.440000534057617,18.549999237060547,15.864740371704102,514100,LADR
2020-01-15,18.489999771118164,18.6299991607666,18.389999389648438,18.40999984741211,15.74500560760498,493800,LADR
2020-01-16,18.469999313354492,18.530000686645508,18.420000076293945,18.510000228881836,15.830533027648926,441800,LADR
2020-01-17,18.56999969482422,18.639999389648438,18.440000534057617,18.610000610351562,15.916054725646973,477200,LADR
2020-01-21,18.559999465942383,18.579999923706055,18.440000534057617,18.489999771118164,15.813427925109863,600600,LADR
2020-01-22,18.56999969482422,18.6299991607666,18.479999542236328,18.5,15.821978569030762,505000,LADR
2020-01-23,18.479999542236328,18.610000610351562,18.450000762939453,18.5,15.821978569030762,552100,LADR
2020-01-24,18.510000228881836,18.559999465942383,18.329999923706055,18.420000076293945,15.753559112548828,584800,LADR
2020-01-27,18.25,18.5,18.219999313354492,18.40999984741211,15.74500560760498,689600,LADR
2020-01-28,18.40999984741211,18.540000915527344,18.3799991607666,18.440000534057617,15.77066421508789,507300,LADR
2020-01-29,18.440000534057617,18.530000686645508,18.40999984741211,18.459999084472656,15.787769317626953,371700,LADR
2020-01-30,18.399999618530273,18.5,18.360000610351562,18.459999084472656,15.787769317626953,305300,LADR
2020-01-31,18.43000030517578,18.510000228881836,18.290000915527344,18.350000381469727,15.693693161010742,518300,LADR
2020-02-03,18.40999984741211,18.489999771118164,18.350000381469727,18.3700008392334,15.710797309875488,344400,LADR
2020-02-04,18.43000030517578,18.520000457763672,18.34000015258789,18.3799991607666,15.719351768493652,478700,LADR
2020-02-05,18.440000534057617,18.690000534057617,18.440000534057617,18.649999618530273,15.950264930725098,366700,LADR
2020-02-06,18.690000534057617,18.770000457763672,18.6200008392334,18.6299991607666,15.933159828186035,520700,LADR
2020-02-07,18.670000076293945,18.709999084472656,18.549999237060547,18.639999389648438,15.9417142868042,402800,LADR
2020-02-10,18.670000076293945,18.729999542236328,18.6299991607666,18.700000762939453,15.99302864074707,298900,LADR
2020-02-11,18.700000762939453,18.829999923706055,18.670000076293945,18.709999084472656,16.0015811920166,381700,LADR
2020-02-12,18.739999771118164,18.920000076293945,18.700000762939453,18.860000610351562,16.129863739013672,385700,LADR
2020-02-13,18.860000610351562,18.969999313354492,18.829999923706055,18.850000381469727,16.121313095092773,287100,LADR
2020-02-14,18.84000015258789,18.8700008392334,18.75,18.860000610351562,16.129863739013672,340800,LADR
2020-02-18,18.829999923706055,18.920000076293945,18.670000076293945,18.719999313354492,16.0101318359375,428100,LADR
2020-02-19,18.739999771118164,18.81999969482422,18.690000534057617,18.690000534057617,15.984476089477539,336600,LADR
2020-02-20,18.6299991607666,18.799999237060547,18.579999923706055,18.760000228881836,16.044343948364258,357500,LADR
2020-02-21,18.81999969482422,18.81999969482422,18.6200008392334,18.700000762939453,15.99302864074707,498000,LADR
2020-02-24,18.5,18.600000381469727,18.239999771118164,18.399999618530273,15.73645305633545,684300,LADR
2020-02-25,18.420000076293945,18.510000228881836,17.579999923706055,17.75,15.180546760559082,1185400,LADR
2020-02-26,17.739999771118164,17.93000030517578,17.540000915527344,17.549999237060547,15.009498596191406,689200,LADR
2020-02-27,17.350000381469727,17.350000381469727,16.100000381469727,16.280000686645508,13.92334270477295,1725100,LADR
2020-02-28,14.680000305175781,15.619999885559082,13.829999923706055,15.25,13.042442321777344,2803300,LADR
2020-03-02,15.5,16.8799991607666,15.5,16.850000381469727,14.410829544067383,1434600,LADR
2020-03-03,16.8799991607666,17.360000610351562,16.059999465942383,16.209999084472656,13.863473892211914,1496400,LADR
2020-03-04,16.600000381469727,16.809999465942383,16.43000030517578,16.739999771118164,14.316752433776855,1051100,LADR
2020-03-05,16.5,16.510000228881836,16.149999618530273,16.420000076293945,14.04307746887207,1072300,LADR
2020-03-06,16.0,16.09000015258789,15.369999885559082,15.75,13.470064163208008,1241900,LADR
2020-03-09,14.289999961853027,14.779999732971191,13.779999732971191,14.15999984741211,12.377423286437988,1218600,LADR
2020-03-10,14.569999694824219,14.8100004196167,13.800000190734863,14.289999961853027,12.491058349609375,887600,LADR
2020-03-11,13.949999809265137,14.010000228881836,13.119999885559082,13.319999694824219,11.643169403076172,1711100,LADR
2020-03-12,12.25,12.34000015258789,10.729999542236328,11.010000228881836,9.623970985412598,2166400,LADR
2020-03-13,12.399999618530273,12.430000305175781,10.5,11.4399995803833,9.999838829040527,1915000,LADR
2020-03-16,10.149999618530273,10.489999771118164,8.319999694824219,8.319999694824219,7.272609710693359,2052400,LADR
2020-03-17,8.5,8.5,5.019999980926514,6.28000020980835,5.489421844482422,5956500,LADR
2020-03-18,5.559999942779541,5.670000076293945,2.6500000953674316,4.550000190734863,3.977208375930786,5760800,LADR
2020-03-19,4.420000076293945,5.599999904632568,3.640000104904175,4.460000038146973,3.8985390663146973,4518700,LADR
2020-03-20,5.300000190734863,5.630000114440918,4.489999771118164,4.510000228881836,3.942244291305542,5769700,LADR
2020-03-23,4.420000076293945,4.5,3.75,4.090000152587891,3.575117826461792,3479300,LADR
2020-03-24,4.460000038146973,4.53000020980835,3.5,3.609999895095825,3.155543804168701,3042300,LADR
2020-03-25,3.859999895095825,4.230000019073486,3.5999999046325684,3.7100000381469727,3.242954969406128,4231700,LADR
2020-03-26,4.079999923706055,10.239999771118164,4.059999942779541,7.139999866485596,6.2411580085754395,20229800,LADR
2020-03-27,8.039999961853027,8.039999961853027,6.010000228881836,6.650000095367432,5.8128437995910645,5782800,LADR
2020-03-30,5.800000190734863,5.800000190734863,5.050000190734863,5.440000057220459,4.755168914794922,3292000,LADR
2020-03-31,5.489999771118164,5.889999866485596,4.650000095367432,4.739999771118164,4.143289566040039,4152600,LADR
2020-04-01,4.699999809265137,4.789999961853027,4.269999980926514,4.570000171661377,3.9946906566619873,2815900,LADR
2020-04-02,4.889999866485596,5.489999771118164,4.159999847412109,4.570000171661377,3.9946906566619873,5005900,LADR
2020-04-03,4.260000228881836,4.360000133514404,2.9100000858306885,3.390000104904175,2.9632394313812256,12080900,LADR
2020-04-06,3.7300000190734863,4.900000095367432,3.6600000858306885,4.079999923706055,3.566376209259033,6186000,LADR
2020-04-07,4.699999809265137,6.139999866485596,4.670000076293945,5.199999809265137,4.545381546020508,10089700,LADR
2020-04-08,5.71999979019165,6.5,5.610000133514404,6.139999866485596,5.36704683303833,6930200,LADR
2020-04-09,6.75,8.579999923706055,6.75,8.140000343322754,7.115270137786865,10233900,LADR
2020-04-13,8.390000343322754,8.40999984741211,6.75,7.159999847412109,6.258641242980957,5143000,LADR
2020-04-14,7.630000114440918,7.989999771118164,7.139999866485596,7.309999942779541,6.3897576332092285,2777600,LADR
2020-04-15,6.869999885559082,7.0,6.460000038146973,6.860000133514404,5.996406555175781,2545300,LADR
2020-04-16,6.730000019073486,6.840000152587891,6.25,6.389999866485596,5.585574626922607,2228500,LADR
2020-04-17,6.880000114440918,7.230000019073486,6.630000114440918,7.179999828338623,6.276123046875,3120600,LADR
2020-04-20,6.519999980926514,7.25,6.460000038146973,6.800000190734863,5.943960189819336,3368800,LADR
2020-04-21,6.710000038146973,7.079999923706055,6.630000114440918,7.059999942779541,6.171229362487793,2151000,LADR
2020-04-22,7.090000152587891,7.199999809265137,6.699999809265137,6.940000057220459,6.066336631774902,1533600,LADR
2020-04-23,6.940000057220459,7.340000152587891,6.860000133514404,7.039999961853027,6.15374755859375,1469900,LADR
2020-04-24,6.920000076293945,6.960000038146973,6.579999923706055,6.900000095367432,6.031371593475342,1663100,LADR
2020-04-27,6.78000020980835,7.150000095367432,6.659999847412109,7.039999961853027,6.15374755859375,1762800,LADR
2020-04-28,7.380000114440918,7.489999771118164,6.940000057220459,7.090000152587891,6.197453022003174,2480400,LADR
2020-04-29,7.480000019073486,8.359999656677246,7.380000114440918,8.220000267028809,7.185200214385986,3867300,LADR
2020-04-30,8.199999809265137,8.470000267028809,7.75,7.949999809265137,6.949189186096191,2593100,LADR
2020-05-01,7.5,7.980000019073486,7.369999885559082,7.730000019073486,6.756884574890137,2637400,LADR
2020-05-04,7.5,7.670000076293945,7.199999809265137,7.619999885559082,6.660732269287109,1901200,LADR
2020-05-05,7.78000020980835,8.079999923706055,7.730000019073486,7.769999980926514,6.791849613189697,1612800,LADR
2020-05-06,8.510000228881836,8.84000015258789,7.539999961853027,7.639999866485596,6.6782145500183105,3669900,LADR
2020-05-07,7.710000038146973,8.15999984741211,7.570000171661377,8.029999732971191,7.019118309020996,2298400,LADR
2020-05-08,8.130000114440918,8.300000190734863,8.010000228881836,8.180000305175781,7.150235652923584,1391600,LADR
2020-05-11,7.989999771118164,8.09000015258789,7.760000228881836,7.789999961853027,6.80933141708374,1650500,LADR
2020-05-12,7.820000171661377,7.889999866485596,7.309999942779541,7.309999942779541,6.3897576332092285,2313200,LADR
2020-05-13,7.300000190734863,7.300000190734863,6.690000057220459,6.860000133514404,5.996406555175781,2020200,LADR
2020-05-14,6.570000171661377,7.190000057220459,6.300000190734863,7.019999980926514,6.136265754699707,1861700,LADR
2020-05-15,6.929999828338623,7.03000020980835,6.679999828338623,6.690000057220459,5.847807884216309,1200200,LADR
2020-05-18,7.0,7.550000190734863,6.929999828338623,7.460000038146973,6.5208740234375,2090600,LADR
2020-05-19,7.440000057220459,7.739999771118164,7.210000038146973,7.380000114440918,6.4509453773498535,1258100,LADR
2020-05-20,7.5,7.920000076293945,7.409999847412109,7.710000038146973,6.7394022941589355,1458500,LADR
2020-05-21,7.679999828338623,7.730000019073486,7.369999885559082,7.599999904632568,6.643250465393066,1031300,LADR
2020-05-22,7.599999904632568,7.800000190734863,7.260000228881836,7.769999980926514,6.791849613189697,1181400,LADR
2020-05-26,8.149999618530273,8.3100004196167,7.880000114440918,7.96999979019165,6.966670989990234,1412500,LADR
2020-05-27,8.010000228881836,8.369999885559082,7.820000171661377,8.34000015258789,7.290092945098877,2059200,LADR
2020-05-28,8.489999771118164,8.680000305175781,8.15999984741211,8.210000038146973,7.176458358764648,1864000,LADR
2020-05-29,7.809999942779541,8.25,7.690000057220459,7.949999809265137,6.949189186096191,2707400,LADR
2020-06-01,7.869999885559082,8.319999694824219,7.730000019073486,8.170000076293945,7.141494274139404,1590300,LADR
2020-06-02,8.399999618530273,8.4399995803833,8.140000343322754,8.1899995803833,7.158976078033447,1069400,LADR
2020-06-03,8.270000457763672,8.970000267028809,8.270000457763672,8.859999656677246,7.744630813598633,1927800,LADR
2020-06-04,8.850000381469727,9.319999694824219,8.4399995803833,9.119999885559082,7.97189998626709,1929700,LADR
2020-06-05,9.90999984741211,10.420000076293945,9.34000015258789,9.40999984741211,8.225391387939453,2525100,LADR
2020-06-08,10.25,10.710000038146973,9.979999542236328,10.399999618530273,9.090763092041016,3239100,LADR
2020-06-09,9.65999984741211,9.989999771118164,9.350000381469727,9.380000114440918,8.35993766784668,2201900,LADR
2020-06-10,9.460000038146973,9.479999542236328,8.380000114440918,8.619999885559082,7.682586193084717,2495000,LADR
2020-06-11,7.769999980926514,8.130000114440918,7.559999942779541,7.619999885559082,6.791335105895996,2731700,LADR
2020-06-12,8.319999694824219,8.399999618530273,7.760000228881836,8.229999542236328,7.33499813079834,1152900,LADR
2020-06-15,7.690000057220459,8.430000305175781,7.559999942779541,8.1899995803833,7.2993483543396,1946700,LADR
2020-06-16,8.880000114440918,8.949999809265137,8.260000228881836,8.479999542236328,7.557810306549072,1469700,LADR
2020-06-17,8.470000267028809,8.520000457763672,8.010000228881836,8.109999656677246,7.2280473709106445,1170100,LADR
2020-06-18,8.0,8.260000228881836,7.789999961853027,7.980000019073486,7.112185955047607,1438900,LADR
2020-06-19,8.100000381469727,8.239999771118164,7.670000076293945,7.760000228881836,6.916110515594482,2757000,LADR
2020-06-22,7.710000038146973,7.860000133514404,7.550000190734863,7.820000171661377,6.969585418701172,1136100,LADR
2020-06-23,8.020000457763672,8.180000305175781,7.889999866485596,8.09000015258789,7.210223197937012,1076200,LADR
2020-06-24,7.869999885559082,7.980000019073486,7.199999809265137,7.510000228881836,6.693297386169434,1616300,LADR
2020-06-25,7.289999961853027,7.860000133514404,7.289999961853027,7.829999923706055,6.9784979820251465,1127900,LADR
2020-06-26,7.710000038146973,7.900000095367432,7.420000076293945,7.880000114440918,7.023060321807861,1827000,LADR
2020-06-29,7.940000057220459,8.130000114440918,7.670000076293945,8.09000015258789,7.210223197937012,1056700,LADR
2020-06-30,7.980000019073486,8.210000038146973,7.880000114440918,8.100000381469727,7.2191362380981445,1004700,LADR
2020-07-01,8.140000343322754,8.350000381469727,7.820000171661377,7.869999885559082,7.014147758483887,1362300,LADR
2020-07-02,8.079999923706055,8.149999618530273,7.610000133514404,7.630000114440918,6.800247669219971,1318200,LADR
2020-07-06,7.829999923706055,7.920000076293945,7.570000171661377,7.730000019073486,6.889372825622559,1125200,LADR
2020-07-07,7.630000114440918,7.690000057220459,7.269999980926514,7.28000020980835,6.488309860229492,1420800,LADR
2020-07-08,7.260000228881836,7.46999979019165,7.010000228881836,7.190000057220459,6.408097267150879,1320700,LADR
2020-07-09,7.130000114440918,7.150000095367432,6.829999923706055,6.920000076293945,6.167458534240723,1263600,LADR
2020-07-10,6.840000152587891,7.199999809265137,6.659999847412109,7.170000076293945,6.390272617340088,1079500,LADR
2020-07-13,7.25,7.409999847412109,7.039999961853027,7.239999771118164,6.4526591300964355,1346000,LADR
2020-07-14,7.239999771118164,7.440000057220459,7.079999923706055,7.269999980926514,6.479396820068359,608500,LADR
2020-07-15,7.5,7.929999828338623,7.380000114440918,7.889999866485596,7.031972408294678,1484500,LADR
2020-07-16,7.730000019073486,7.860000133514404,7.570000171661377,7.699999809265137,6.862635135650635,918900,LADR
2020-07-17,7.639999866485596,7.710000038146973,7.489999771118164,7.53000020980835,6.711122035980225,681200,LADR
2020-07-20,7.449999809265137,7.539999961853027,7.269999980926514,7.28000020980835,6.488309860229492,600300,LADR
2020-07-21,7.360000133514404,7.539999961853027,7.289999961853027,7.480000019073486,6.66655969619751,821200,LADR
2020-07-22,7.449999809265137,7.789999961853027,7.380000114440918,7.78000020980835,6.933935165405273,873400,LADR
2020-07-23,7.71999979019165,7.78000020980835,7.550000190734863,7.639999866485596,6.809160232543945,660600,LADR
2020-07-24,7.599999904632568,7.710000038146973,7.329999923706055,7.340000152587891,6.541784763336182,588700,LADR
2020-07-27,7.300000190734863,7.400000095367432,7.170000076293945,7.389999866485596,6.586346626281738,833600,LADR
2020-07-28,7.429999828338623,7.610000133514404,7.28000020980835,7.46999979019165,6.657646656036377,757400,LADR
2020-07-29,7.539999961853027,7.699999809265137,7.46999979019165,7.690000057220459,6.85372257232666,689100,LADR
2020-07-30,7.5,7.769999980926514,7.449999809265137,7.710000038146973,6.871547698974609,878100,LADR
2020-07-31,7.989999771118164,8.180000305175781,7.460000038146973,7.769999980926514,6.925023078918457,1360300,LADR
2020-08-03,7.800000190734863,7.840000152587891,7.539999961853027,7.599999904632568,6.773510456085205,919900,LADR
2020-08-04,7.559999942779541,7.630000114440918,7.429999828338623,7.510000228881836,6.693297386169434,574700,LADR
2020-08-05,7.599999904632568,7.670000076293945,7.409999847412109,7.670000076293945,6.835896968841553,597000,LADR
2020-08-06,7.570000171661377,7.800000190734863,7.559999942779541,7.679999828338623,6.844809532165527,730300,LADR
2020-08-07,7.630000114440918,7.849999904632568,7.489999771118164,7.849999904632568,6.996322154998779,674100,LADR
2020-08-10,7.900000095367432,8.380000114440918,7.900000095367432,8.25,7.352822780609131,1013600,LADR
2020-08-11,8.539999961853027,8.680000305175781,8.220000267028809,8.279999732971191,7.379560947418213,1024900,LADR
2020-08-12,8.430000305175781,8.520000457763672,8.010000228881836,8.170000076293945,7.281523704528809,665500,LADR
2020-08-13,8.170000076293945,8.239999771118164,7.860000133514404,7.909999847412109,7.049797058105469,758600,LADR
2020-08-14,7.820000171661377,8.140000343322754,7.710000038146973,8.050000190734863,7.174572944641113,395700,LADR
2020-08-17,8.010000228881836,8.140000343322754,7.869999885559082,7.929999828338623,7.067622661590576,556800,LADR
2020-08-18,7.849999904632568,7.920000076293945,7.679999828338623,7.710000038146973,6.871547698974609,527800,LADR
2020-08-19,7.710000038146973,7.75,7.570000171661377,7.630000114440918,6.800247669219971,514400,LADR
2020-08-20,7.550000190734863,7.619999885559082,7.420000076293945,7.449999809265137,6.639822006225586,900700,LADR
2020-08-21,7.440000057220459,7.480000019073486,7.260000228881836,7.309999942779541,6.515047073364258,939500,LADR
2020-08-24,7.340000152587891,7.670000076293945,7.159999847412109,7.610000133514404,6.7824225425720215,1172000,LADR
2020-08-25,7.639999866485596,7.71999979019165,7.440000057220459,7.610000133514404,6.7824225425720215,588000,LADR
2020-08-26,7.579999923706055,7.579999923706055,7.199999809265137,7.230000019073486,6.443747520446777,1943600,LADR
2020-08-27,7.230000019073486,7.599999904632568,7.230000019073486,7.480000019073486,6.66655969619751,1535300,LADR
2020-08-28,7.5,7.789999961853027,7.400000095367432,7.769999980926514,6.925023078918457,1104500,LADR
2020-08-31,7.679999828338623,7.679999828338623,7.380000114440918,7.449999809265137,6.639822006225586,1554700,LADR
2020-09-01,7.460000038146973,7.829999923706055,7.389999866485596,7.670000076293945,6.835896968841553,963600,LADR
2020-09-02,7.610000133514404,7.760000228881836,7.550000190734863,7.650000095367432,6.8180718421936035,822800,LADR
2020-09-03,7.599999904632568,7.900000095367432,7.599999904632568,7.639999866485596,6.809160232543945,947400,LADR
2020-09-04,7.730000019073486,7.880000114440918,7.429999828338623,7.730000019073486,6.889372825622559,927800,LADR
2020-09-08,7.840000152587891,8.020000457763672,7.659999847412109,7.760000228881836,6.916110515594482,1541000,LADR
2020-09-09,7.860000133514404,7.940000057220459,7.579999923706055,7.579999923706055,6.934406280517578,1243100,LADR
2020-09-10,7.550000190734863,7.639999866485596,7.320000171661377,7.329999923706055,6.7056989669799805,937700,LADR
2020-09-11,7.340000152587891,7.340000152587891,7.110000133514404,7.21999979019165,6.605068206787109,1039100,LADR
2020-09-14,7.28000020980835,7.679999828338623,7.25,7.610000133514404,6.961851596832275,1175200,LADR
2020-09-15,7.610000133514404,7.710000038146973,7.5,7.539999961853027,6.89781379699707,547800,LADR
2020-09-16,7.53000020980835,7.699999809265137,7.46999979019165,7.610000133514404,6.961851596832275,588400,LADR
2020-09-17,7.550000190734863,7.730000019073486,7.46999979019165,7.559999942779541,6.916110038757324,560300,LADR
2020-09-18,7.630000114440918,7.699999809265137,7.340000152587891,7.349999904632568,6.723995685577393,1347800,LADR
2020-09-21,7.199999809265137,7.260000228881836,6.960000038146973,6.96999979019165,6.3763604164123535,1265000,LADR
2020-09-22,7.0,7.199999809265137,6.929999828338623,6.940000057220459,6.348916053771973,901900,LADR
2020-09-23,7.0,7.099999904632568,6.570000171661377,6.570000171661377,6.0104289054870605,1468900,LADR
2020-09-24,6.599999904632568,6.789999961853027,6.329999923706055,6.670000076293945,6.101912021636963,1010500,LADR
2020-09-25,6.699999809265137,6.920000076293945,6.630000114440918,6.900000095367432,6.312322616577148,837800,LADR
2020-09-28,7.0,7.5,7.0,7.309999942779541,6.687402725219727,1142000,LADR
2020-09-29,7.269999980926514,7.360000133514404,7.039999961853027,7.21999979019165,6.605068206787109,735700,LADR
2020-09-30,7.210000038146973,7.46999979019165,7.070000171661377,7.119999885559082,6.513584613800049,924300,LADR
2020-10-01,7.239999771118164,7.400000095367432,7.070000171661377,7.389999866485596,6.760588645935059,1053100,LADR
2020-10-02,7.21999979019165,7.619999885559082,7.099999904632568,7.610000133514404,6.961851596832275,1062600,LADR
2020-10-05,7.639999866485596,7.670000076293945,7.489999771118164,7.53000020980835,6.888664722442627,652100,LADR
2020-10-06,7.550000190734863,7.650000095367432,7.260000228881836,7.289999961853027,6.6691060066223145,1177700,LADR
2020-10-07,7.360000133514404,7.449999809265137,7.170000076293945,7.309999942779541,6.687402725219727,1039100,LADR
2020-10-08,7.400000095367432,7.710000038146973,7.309999942779541,7.659999847412109,7.007592678070068,825400,LADR
2020-10-09,7.71999979019165,7.739999771118164,7.28000020980835,7.28000020980835,6.6599578857421875,926500,LADR
2020-10-12,7.28000020980835,7.389999866485596,7.230000019073486,7.340000152587891,6.714847564697266,693200,LADR
2020-10-13,7.28000020980835,7.340000152587891,7.170000076293945,7.190000057220459,6.57762336730957,832400,LADR
2020-10-14,7.199999809265137,7.289999961853027,7.050000190734863,7.059999942779541,6.458694934844971,2012300,LADR
2020-10-15,7.059999942779541,7.190000057220459,7.0,7.190000057220459,6.57762336730957,693800,LADR
2020-10-16,7.150000095367432,7.210000038146973,7.03000020980835,7.139999866485596,6.531881332397461,768200,LADR
2020-10-19,7.099999904632568,7.099999904632568,6.820000171661377,6.820000171661377,6.239136219024658,1403700,LADR
2020-10-20,6.860000133514404,7.079999923706055,6.860000133514404,6.949999809265137,6.358063697814941,793700,LADR
2020-10-21,6.900000095367432,6.989999771118164,6.769999980926514,6.860000133514404,6.275728702545166,598300,LADR
2020-10-22,6.849999904632568,7.03000020980835,6.849999904632568,7.010000228881836,6.412953853607178,710800,LADR
2020-10-23,7.079999923706055,7.329999923706055,7.070000171661377,7.260000228881836,6.641660690307617,832300,LADR
2020-10-26,7.190000057220459,7.25,6.909999847412109,7.0,6.403805732727051,675000,LADR
2020-10-27,7.070000171661377,7.400000095367432,7.050000190734863,7.070000171661377,6.467843055725098,994400,LADR
2020-10-28,6.960000038146973,7.070000171661377,6.849999904632568,6.980000019073486,6.385509014129639,916300,LADR
2020-10-29,7.0,7.400000095367432,6.869999885559082,7.400000095367432,6.769737243652344,994200,LADR
2020-10-30,7.449999809265137,7.579999923706055,7.289999961853027,7.5,6.861220359802246,1591600,LADR
2020-11-02,7.599999904632568,7.829999923706055,7.53000020980835,7.610000133514404,6.961851596832275,1013200,LADR
2020-11-03,7.690000057220459,7.75,7.570000171661377,7.71999979019165,7.0624823570251465,1279600,LADR
2020-11-04,7.710000038146973,7.710000038146973,7.369999885559082,7.539999961853027,6.89781379699707,673600,LADR
2020-11-05,7.550000190734863,7.840000152587891,7.539999961853027,7.710000038146973,7.053334712982178,1115500,LADR
2020-11-06,7.769999980926514,7.78000020980835,7.380000114440918,7.400000095367432,6.769737243652344,955600,LADR
2020-11-09,7.949999809265137,8.800000190734863,7.949999809265137,8.59000015258789,7.858384132385254,2771800,LADR
2020-11-10,8.539999961853027,8.819999694824219,8.5,8.819999694824219,8.068794250488281,1677700,LADR
2020-11-11,8.819999694824219,8.850000381469727,8.100000381469727,8.1899995803833,7.492452621459961,1195900,LADR
2020-11-12,8.130000114440918,8.239999771118164,7.909999847412109,8.0,7.318634986877441,992700,LADR
2020-11-13,8.079999923706055,8.479999542236328,8.039999961853027,8.4399995803833,7.7211594581604,904400,LADR
2020-11-16,8.800000190734863,8.920000076293945,8.609999656677246,8.760000228881836,8.013906478881836,1132500,LADR
2020-11-17,8.600000381469727,8.899999618530273,8.550000190734863,8.899999618530273,8.14198112487793,1008000,LADR
2020-11-18,8.90999984741211,9.100000381469727,8.630000114440918,8.640000343322754,7.904125690460205,1442100,LADR
2020-11-19,8.600000381469727,8.75,8.350000381469727,8.75,8.004755973815918,992700,LADR
2020-11-20,8.6899995803833,8.869999885559082,8.630000114440918,8.8100004196167,8.059646606445312,574200,LADR
2020-11-23,8.899999618530273,9.1899995803833,8.890000343322754,9.100000381469727,8.324946403503418,833400,LADR
2020-11-24,9.239999771118164,9.760000228881836,9.239999771118164,9.729999542236328,8.901289939880371,1720800,LADR
2020-11-25,9.699999809265137,9.84000015258789,9.520000457763672,9.720000267028809,8.892142295837402,1563500,LADR
2020-11-27,9.850000381469727,9.850000381469727,9.649999618530273,9.699999809265137,8.873846054077148,755000,LADR
2020-11-30,9.600000381469727,9.640000343322754,9.079999923706055,9.119999885559082,8.343243598937988,1733700,LADR
2020-12-01,9.350000381469727,9.609999656677246,9.350000381469727,9.489999771118164,8.681731224060059,1007900,LADR
2020-12-02,9.5,9.779999732971191,9.430000305175781,9.550000190734863,8.73661994934082,871600,LADR
2020-12-03,9.609999656677246,9.680000305175781,9.40999984741211,9.539999961853027,8.727472305297852,1084900,LADR
2020-12-04,9.65999984741211,9.859999656677246,9.609999656677246,9.850000381469727,9.011069297790527,1357900,LADR
2020-12-07,9.8100004196167,9.859999656677246,9.5600004196167,9.6899995803833,8.86469554901123,1043200,LADR
2020-12-08,9.649999618530273,9.899999618530273,9.619999885559082,9.680000305175781,8.855547904968262,1292100,LADR
2020-12-09,9.699999809265137,9.84000015258789,9.479999542236328,9.65999984741211,8.837251663208008,1113400,LADR
2020-12-10,9.5,9.65999984741211,9.449999809265137,9.609999656677246,8.791510581970215,558700,LADR
2020-12-11,9.479999542236328,9.579999923706055,9.430000305175781,9.520000457763672,8.709176063537598,761200,LADR
2020-12-14,9.649999618530273,9.8100004196167,9.460000038146973,9.5,8.690878868103027,983800,LADR
2020-12-15,9.529999732971191,9.75,9.510000228881836,9.720000267028809,8.892142295837402,668600,LADR
2020-12-16,9.770000457763672,9.819999694824219,9.630000114440918,9.739999771118164,8.910436630249023,953600,LADR
2020-12-17,9.720000267028809,9.960000038146973,9.699999809265137,9.930000305175781,9.084256172180176,1098400,LADR
2020-12-18,9.920000076293945,10.0,9.920000076293945,10.0,9.148293495178223,3007600,LADR
2020-12-21,9.850000381469727,9.890000343322754,9.430000305175781,9.5,8.690878868103027,1502000,LADR
2020-12-22,9.489999771118164,9.640000343322754,9.359999656677246,9.579999923706055,8.764065742492676,1014200,LADR
2020-12-23,9.630000114440918,9.949999809265137,9.630000114440918,9.829999923706055,8.992772102355957,1028600,LADR
2020-12-24,9.899999618530273,9.899999618530273,9.670000076293945,9.789999961853027,8.956178665161133,371900,LADR
2020-12-28,9.84000015258789,10.029999732971191,9.739999771118164,9.850000381469727,9.011069297790527,935200,LADR
2020-12-29,9.859999656677246,9.9399995803833,9.6899995803833,9.800000190734863,8.965327262878418,819400,LADR
2020-12-30,9.600000381469727,9.880000114440918,9.550000190734863,9.680000305175781,9.0400390625,916300,LADR
2020-12-31,9.600000381469727,9.829999923706055,9.529999732971191,9.779999732971191,9.133426666259766,796200,LADR
2021-01-04,9.819999694824219,9.829999923706055,9.260000228881836,9.4399995803833,8.81590461730957,2146800,LADR
2021-01-05,9.40999984741211,9.619999885559082,9.289999961853027,9.489999771118164,8.862600326538086,836500,LADR
2021-01-06,9.649999618530273,10.020000457763672,9.600000381469727,9.970000267028809,9.310866355895996,1361600,LADR
2021-01-07,10.0,10.0,9.720000267028809,9.90999984741211,9.254833221435547,1065500,LADR
2021-01-08,9.920000076293945,10.0,9.649999618530273,9.970000267028809,9.310866355895996,917200,LADR
2021-01-11,9.84000015258789,10.010000228881836,9.800000190734863,9.859999656677246,9.208138465881348,915300,LADR
2021-01-12,9.880000114440918,10.010000228881836,9.789999961853027,10.010000228881836,9.348221778869629,926800,LADR
2021-01-13,10.0,10.359999656677246,9.930000305175781,10.220000267028809,9.54433822631836,1075300,LADR
2021-01-14,10.270000457763672,10.319999694824219,9.970000267028809,10.270000457763672,9.591033935546875,990900,LADR
2021-01-15,10.239999771118164,10.260000228881836,10.100000381469727,10.220000267028809,9.54433822631836,1167900,LADR
2021-01-19,10.3100004196167,10.359999656677246,10.180000305175781,10.289999961853027,9.609710693359375,1176900,LADR
2021-01-20,10.279999732971191,10.470000267028809,10.25,10.449999809265137,9.759132385253906,884100,LADR
2021-01-21,10.399999618530273,10.5,10.279999732971191,10.380000114440918,9.693761825561523,999600,LADR
2021-01-22,10.25,10.489999771118164,10.130000114440918,10.489999771118164,9.796487808227539,733800,LADR
2021-01-25,10.489999771118164,10.600000381469727,10.300000190734863,10.569999694824219,9.871198654174805,1529600,LADR
2021-01-26,10.710000038146973,10.710000038146973,10.479999542236328,10.5600004196167,9.861860275268555,1345500,LADR
2021-01-27,10.449999809265137,10.5,10.270000457763672,10.380000114440918,9.693761825561523,1307400,LADR
2021-01-28,10.449999809265137,10.539999961853027,10.100000381469727,10.279999732971191,9.600371360778809,895600,LADR
2021-01-29,10.170000076293945,10.270000457763672,9.789999961853027,9.829999923706055,9.180121421813965,1407000,LADR
2021-02-01,9.90999984741211,9.970000267028809,9.470000267028809,9.90999984741211,9.254833221435547,1144800,LADR
2021-02-02,10.010000228881836,10.289999961853027,9.960000038146973,10.220000267028809,9.54433822631836,1063700,LADR
2021-02-03,10.350000381469727,10.59000015258789,10.210000038146973,10.210000038146973,9.534998893737793,1082400,LADR
2021-02-04,10.149999618530273,10.449999809265137,10.140000343322754,10.430000305175781,9.740455627441406,977900,LADR
2021-02-05,10.569999694824219,10.670000076293945,10.329999923706055,10.4399995803833,9.74979305267334,933800,LADR
2021-02-08,10.449999809265137,10.600000381469727,10.420000076293945,10.5600004196167,9.861860275268555,631400,LADR
2021-02-09,10.140000343322754,10.260000228881836,9.920000076293945,10.180000305175781,9.506983757019043,1226400,LADR
2021-02-10,10.239999771118164,10.3100004196167,10.100000381469727,10.109999656677246,9.441610336303711,696000,LADR
2021-02-11,10.109999656677246,10.3100004196167,10.039999961853027,10.220000267028809,9.54433822631836,834600,LADR
2021-02-12,10.140000343322754,10.399999618530273,10.100000381469727,10.399999618530273,9.712437629699707,774000,LADR
2021-02-16,10.449999809265137,10.779999732971191,10.449999809265137,10.609999656677246,9.908555030822754,1434700,LADR
2021-02-17,10.569999694824219,10.609999656677246,10.229999542236328,10.529999732971191,9.833843231201172,853500,LADR
2021-02-18,10.479999542236328,10.579999923706055,10.369999885559082,10.399999618530273,9.712437629699707,829200,LADR
2021-02-19,10.369999885559082,10.850000381469727,10.369999885559082,10.84000015258789,10.1233491897583,888800,LADR
2021-02-22,10.789999961853027,11.039999961853027,10.720000267028809,10.920000076293945,10.198060035705566,950800,LADR
2021-02-23,10.949999809265137,11.010000228881836,10.5600004196167,10.90999984741211,10.188720703125,1322100,LADR
2021-02-24,11.0,11.729999542236328,10.989999771118164,11.6899995803833,10.917154312133789,1324900,LADR
2021-02-25,11.75,11.970000267028809,11.100000381469727,11.119999885559082,10.38483715057373,1297500,LADR
2021-02-26,11.149999618530273,11.600000381469727,11.0,11.4399995803833,10.68368148803711,1277300,LADR
2021-03-01,11.710000038146973,11.800000190734863,11.319999694824219,11.449999809265137,10.693020820617676,1030900,LADR
2021-03-02,11.75,11.84000015258789,11.40999984741211,11.619999885559082,10.851781845092773,1628600,LADR
2021-03-03,11.630000114440918,11.899999618530273,11.609999656677246,11.680000305175781,10.907815933227539,1292000,LADR
2021-03-04,11.600000381469727,11.710000038146973,11.029999732971191,11.300000190734863,10.552938461303711,1379600,LADR
2021-03-05,11.399999618530273,11.539999961853027,10.680000305175781,11.3100004196167,10.562276840209961,1364400,LADR
2021-03-08,11.319999694824219,11.800000190734863,11.3100004196167,11.65999984741211,10.889137268066406,1541800,LADR
2021-03-09,11.710000038146973,11.710000038146973,11.399999618530273,11.569999694824219,10.805087089538574,878300,LADR
2021-03-10,11.630000114440918,12.0,11.59000015258789,11.880000114440918,11.094592094421387,1056000,LADR
2021-03-11,12.0,12.140000343322754,11.75,12.010000228881836,11.215999603271484,954000,LADR
2021-03-12,12.130000114440918,12.300000190734863,12.010000228881836,12.119999885559082,11.318726539611816,663200,LADR
2021-03-15,12.0600004196167,12.229999542236328,12.020000457763672,12.210000038146973,11.402775764465332,1152800,LADR
2021-03-16,12.180000305175781,12.229999542236328,11.949999809265137,12.029999732971191,11.234676361083984,627800,LADR
2021-03-17,12.0,12.3100004196167,11.960000038146973,12.3100004196167,11.49616527557373,781600,LADR
2021-03-18,12.300000190734863,12.319999694824219,11.859999656677246,11.949999809265137,11.159964561462402,865400,LADR
2021-03-19,12.0,12.239999771118164,11.8100004196167,12.180000305175781,11.374759674072266,2560400,LADR
2021-03-22,12.09000015258789,12.09000015258789,11.75,11.789999961853027,11.010542869567871,1099500,LADR
2021-03-23,11.800000190734863,11.890000343322754,11.329999923706055,11.479999542236328,10.721036911010742,1477200,LADR
2021-03-24,11.579999923706055,12.079999923706055,11.470000267028809,11.479999542236328,10.721036911010742,1253900,LADR
2021-03-25,11.3100004196167,11.720000267028809,11.170000076293945,11.619999885559082,10.851781845092773,1437000,LADR
2021-03-26,11.8100004196167,11.880000114440918,11.550000190734863,11.869999885559082,11.085253715515137,725500,LADR
2021-03-29,11.789999961853027,11.989999771118164,11.619999885559082,11.699999809265137,10.926492691040039,694700,LADR
2021-03-30,11.489999771118164,11.710000038146973,11.489999771118164,11.65999984741211,11.078513145446777,452500,LADR
2021-03-31,11.609999656677246,11.859999656677246,11.539999961853027,11.800000190734863,11.211532592773438,1266300,LADR
2021-04-01,11.859999656677246,11.859999656677246,11.630000114440918,11.8100004196167,11.221034049987793,639100,LADR
2021-04-05,11.859999656677246,11.9399995803833,11.5,11.630000114440918,11.050010681152344,886700,LADR
2021-04-06,11.59000015258789,11.680000305175781,11.470000267028809,11.5,10.926492691040039,838300,LADR
2021-04-07,11.5,11.579999923706055,11.430000305175781,11.510000228881836,10.935995101928711,498000,LADR
2021-04-08,11.460000038146973,11.550000190734863,11.329999923706055,11.539999961853027,10.964498519897461,1022700,LADR
2021-04-09,11.539999961853027,11.640000343322754,11.470000267028809,11.619999885559082,11.040508270263672,438400,LADR
2021-04-12,11.65999984741211,11.670000076293945,11.5,11.630000114440918,11.050010681152344,571000,LADR
2021-04-13,11.5600004196167,11.779999732971191,11.5,11.770000457763672,11.183028221130371,710600,LADR
2021-04-14,11.770000457763672,11.9399995803833,11.5600004196167,11.569999694824219,10.993001937866211,952900,LADR
2021-04-15,11.630000114440918,11.649999618530273,11.520000457763672,11.609999656677246,11.031006813049316,570500,LADR
2021-04-16,11.6899995803833,11.770000457763672,11.550000190734863,11.699999809265137,11.1165189743042,653400,LADR
2021-04-19,11.699999809265137,11.710000038146973,11.449999809265137,11.539999961853027,10.964498519897461,675200,LADR
2021-04-20,11.550000190734863,11.550000190734863,11.180000305175781,11.350000381469727,10.783974647521973,618400,LADR
2021-04-21,11.289999961853027,11.6899995803833,11.149999618530273,11.430000305175781,10.859983444213867,1343700,LADR
2021-04-22,11.479999542236328,11.6899995803833,11.449999809265137,11.579999923706055,11.002504348754883,724300,LADR
2021-04-23,11.600000381469727,11.890000343322754,11.569999694824219,11.789999961853027,11.202030181884766,575500,LADR
2021-04-26,11.789999961853027,11.979999542236328,11.770000457763672,11.800000190734863,11.211532592773438,562600,LADR
2021-04-27,11.880000114440918,11.9399995803833,11.800000190734863,11.899999618530273,11.30654525756836,496700,LADR
2021-04-28,11.859999656677246,11.960000038146973,11.8100004196167,11.880000114440918,11.287541389465332,496800,LADR
2021-04-29,11.899999618530273,12.050000190734863,11.829999923706055,11.949999809265137,11.354050636291504,682300,LADR
2021-04-30,11.949999809265137,11.960000038146973,11.770000457763672,11.890000343322754,11.297043800354004,698500,LADR
2021-05-03,11.960000038146973,12.020000457763672,11.789999961853027,11.789999961853027,11.202030181884766,531300,LADR
2021-05-04,11.850000381469727,11.859999656677246,11.520000457763672,11.59000015258789,11.012004852294922,706500,LADR
2021-05-05,11.609999656677246,11.619999885559082,11.390000343322754,11.479999542236328,10.907489776611328,668400,LADR
2021-05-06,11.460000038146973,11.470000267028809,11.270000457763672,11.40999984741211,10.840980529785156,1011500,LADR
2021-05-07,11.479999542236328,11.880000114440918,11.4399995803833,11.850000381469727,11.259038925170898,1033200,LADR
2021-05-10,11.850000381469727,11.949999809265137,11.539999961853027,11.569999694824219,10.993001937866211,756800,LADR
2021-05-11,11.430000305175781,11.510000228881836,11.25,11.300000190734863,10.736467361450195,760500,LADR
2021-05-12,11.34000015258789,11.350000381469727,10.869999885559082,10.890000343322754,10.34691333770752,1453600,LADR
2021-05-13,10.899999618530273,11.460000038146973,10.869999885559082,11.390000343322754,10.821978569030762,974700,LADR
2021-05-14,11.5,11.649999618530273,11.4399995803833,11.640000343322754,11.059511184692383,515100,LADR
2021-05-17,11.5,11.539999961853027,11.289999961853027,11.520000457763672,10.94549560546875,578600,LADR
2021-05-18,11.5600004196167,11.670000076293945,11.460000038146973,11.470000267028809,10.897990226745605,591100,LADR
2021-05-19,11.390000343322754,11.510000228881836,11.220000267028809,11.430000305175781,10.859983444213867,573500,LADR
2021-05-20,11.460000038146973,11.619999885559082,11.390000343322754,11.5,10.926492691040039,524200,LADR
2021-05-21,11.59000015258789,11.680000305175781,11.449999809265137,11.449999809265137,10.878986358642578,412000,LADR
2021-05-24,11.460000038146973,11.59000015258789,11.369999885559082,11.529999732971191,10.954996109008789,354500,LADR
2021-05-25,11.550000190734863,11.710000038146973,11.380000114440918,11.380000114440918,10.812478065490723,570800,LADR
2021-05-26,11.390000343322754,11.569999694824219,11.359999656677246,11.5600004196167,10.983501434326172,436200,LADR
2021-05-27,11.619999885559082,11.9399995803833,11.59000015258789,11.869999885559082,11.278040885925293,1995200,LADR
2021-05-28,11.920000076293945,11.920000076293945,11.6899995803833,11.699999809265137,11.1165189743042,331900,LADR
2021-06-01,11.770000457763672,11.970000267028809,11.75,11.9399995803833,11.344550132751465,543700,LADR
2021-06-02,11.960000038146973,11.979999542236328,11.869999885559082,11.890000343322754,11.297043800354004,450000,LADR
2021-06-03,11.850000381469727,11.970000267028809,11.789999961853027,11.920000076293945,11.32554817199707,666900,LADR
2021-06-04,11.930000305175781,11.930000305175781,11.760000228881836,11.880000114440918,11.287541389465332,527100,LADR
2021-06-07,11.9399995803833,12.180000305175781,11.920000076293945,12.180000305175781,11.57258129119873,882100,LADR
2021-06-08,12.180000305175781,12.470000267028809,12.100000381469727,12.390000343322754,11.772109031677246,930300,LADR
2021-06-09,12.420000076293945,12.649999618530273,12.3100004196167,12.619999885559082,11.990638732910156,1264900,LADR
2021-06-10,12.510000228881836,12.550000190734863,12.220000267028809,12.220000267028809,11.610587120056152,1095300,LADR
2021-06-11,12.260000228881836,12.279999732971191,12.039999961853027,12.109999656677246,11.506072044372559,579800,LADR
2021-06-14,12.130000114440918,12.239999771118164,12.010000228881836,12.09000015258789,11.487069129943848,774600,LADR
2021-06-15,12.079999923706055,12.130000114440918,11.880000114440918,11.920000076293945,11.32554817199707,626500,LADR
2021-06-16,11.949999809265137,12.09000015258789,11.899999618530273,12.079999923706055,11.477568626403809,491500,LADR
2021-06-17,12.15999984741211,12.220000267028809,11.65999984741211,11.890000343322754,11.297043800354004,555300,LADR
2021-06-18,11.729999542236328,11.760000228881836,11.460000038146973,11.65999984741211,11.078513145446777,1491700,LADR
2021-06-21,11.770000457763672,12.010000228881836,11.739999771118164,11.949999809265137,11.354050636291504,672700,LADR
2021-06-22,11.9399995803833,11.970000267028809,11.829999923706055,11.920000076293945,11.32554817199707,567000,LADR
2021-06-23,11.930000305175781,12.0600004196167,11.880000114440918,11.90999984741211,11.316046714782715,461900,LADR
2021-06-24,11.949999809265137,12.050000190734863,11.869999885559082,12.029999732971191,11.430062294006348,374900,LADR
2021-06-25,12.039999961853027,12.220000267028809,12.010000228881836,12.140000343322754,11.534576416015625,1508400,LADR
2021-06-28,12.119999885559082,12.119999885559082,11.789999961853027,11.989999771118164,11.392056465148926,622500,LADR
2021-06-29,11.800000190734863,11.869999885559082,11.550000190734863,11.59000015258789,11.198807716369629,708000,LADR
2021-06-30,11.539999961853027,11.579999923706055,11.460000038146973,11.539999961853027,11.150495529174805,495400,LADR
2021-07-01,11.59000015258789,11.760000228881836,11.539999961853027,11.649999618530273,11.256782531738281,418500,LADR
2021-07-02,11.699999809265137,11.699999809265137,11.470000267028809,11.479999542236328,11.092519760131836,336800,LADR
2021-07-06,11.479999542236328,11.5,11.220000267028809,11.329999923706055,10.947583198547363,477600,LADR
2021-07-07,11.220000267028809,11.3100004196167,11.020000457763672,11.140000343322754,10.763996124267578,587500,LADR
2021-07-08,11.0,11.149999618530273,10.75,10.9399995803833,10.570746421813965,555000,LADR
2021-07-09,11.069999694824219,11.420000076293945,10.960000038146973,11.40999984741211,11.024882316589355,488800,LADR
2021-07-12,11.369999885559082,11.489999771118164,11.170000076293945,11.460000038146973,11.073195457458496,307700,LADR
2021-07-13,11.40999984741211,11.420000076293945,11.109999656677246,11.149999618530273,10.773658752441406,437400,LADR
2021-07-14,11.239999771118164,11.34000015258789,10.960000038146973,11.029999732971191,10.657708168029785,423000,LADR
2021-07-15,11.0,11.260000228881836,10.920000076293945,11.149999618530273,10.773658752441406,607600,LADR
2021-07-16,11.260000228881836,11.359999656677246,11.050000190734863,11.119999885559082,10.744671821594238,554100,LADR
2021-07-19,10.859999656677246,10.930000305175781,10.479999542236328,10.75,10.38715934753418,964100,LADR
2021-07-20,10.770000457763672,11.149999618530273,10.720000267028809,11.010000228881836,10.638384819030762,781500,LADR
2021-07-21,11.149999618530273,11.380000114440918,11.069999694824219,11.260000228881836,10.8799467086792,431500,LADR
2021-07-22,11.239999771118164,11.25,10.899999618530273,10.949999809265137,10.580409049987793,339000,LADR
2021-07-23,11.029999732971191,11.130000114440918,10.90999984741211,11.010000228881836,10.638384819030762,279400,LADR
2021-07-26,11.069999694824219,11.289999961853027,11.050000190734863,11.220000267028809,10.841296195983887,392000,LADR
2021-07-27,11.100000381469727,11.210000038146973,10.989999771118164,11.170000076293945,10.792984008789062,310700,LADR
2021-07-28,11.260000228881836,11.449999809265137,11.140000343322754,11.34000015258789,10.957245826721191,367100,LADR
2021-07-29,11.449999809265137,11.569999694824219,11.369999885559082,11.489999771118164,11.102182388305664,511300,LADR
2021-07-30,11.699999809265137,11.949999809265137,11.350000381469727,11.420000076293945,11.0345458984375,700700,LADR
2021-08-02,11.479999542236328,11.569999694824219,11.029999732971191,11.050000190734863,10.677034378051758,724100,LADR
2021-08-03,11.050000190734863,11.140000343322754,10.760000228881836,10.920000076293945,10.551421165466309,1662800,LADR
2021-08-04,10.869999885559082,11.079999923706055,10.8100004196167,10.880000114440918,10.512771606445312,786600,LADR
2021-08-05,10.920000076293945,11.220000267028809,10.920000076293945,11.199999809265137,10.82197093963623,569000,LADR
2021-08-06,11.350000381469727,11.479999542236328,11.239999771118164,11.279999732971191,10.899270057678223,365500,LADR
2021-08-09,11.270000457763672,11.270000457763672,11.050000190734863,11.069999694824219,10.696358680725098,461700,LADR
2021-08-10,11.069999694824219,11.369999885559082,11.039999961853027,11.329999923706055,10.947583198547363,413800,LADR
2021-08-11,11.369999885559082,11.470000267028809,11.239999771118164,11.329999923706055,10.947583198547363,651500,LADR
2021-08-12,11.3100004196167,11.40999984741211,11.119999885559082,11.210000038146973,10.831633567810059,412000,LADR
2021-08-13,11.229999542236328,11.390000343322754,11.210000038146973,11.329999923706055,10.947583198547363,280800,LADR
2021-08-16,11.220000267028809,11.329999923706055,11.119999885559082,11.239999771118164,10.860620498657227,284200,LADR
2021-08-17,11.109999656677246,11.199999809265137,11.010000228881836,11.170000076293945,10.792984008789062,320600,LADR
2021-08-18,11.149999618530273,11.260000228881836,11.0600004196167,11.0600004196167,10.686697006225586,366700,LADR
2021-08-19,10.970000267028809,11.0600004196167,10.789999961853027,10.979999542236328,10.609396934509277,835900,LADR
2021-08-20,10.920000076293945,11.1899995803833,10.850000381469727,11.15999984741211,10.783320426940918,399100,LADR
2021-08-23,11.210000038146973,11.34000015258789,11.180000305175781,11.260000228881836,10.8799467086792,333200,LADR
2021-08-24,11.3100004196167,11.470000267028809,11.210000038146973,11.34000015258789,10.957245826721191,367300,LADR
2021-08-25,11.319999694824219,11.479999542236328,11.210000038146973,11.4399995803833,11.05387020111084,431700,LADR
2021-08-26,11.380000114440918,11.430000305175781,11.15999984741211,11.15999984741211,10.783320426940918,558600,LADR
2021-08-27,11.15999984741211,11.479999542236328,11.15999984741211,11.449999809265137,11.063532829284668,490200,LADR
2021-08-30,11.4399995803833,11.460000038146973,11.270000457763672,11.300000190734863,10.918595314025879,401400,LADR
2021-08-31,11.279999732971191,11.449999809265137,11.279999732971191,11.40999984741211,11.024882316589355,494600,LADR
2021-09-01,11.4399995803833,11.59000015258789,11.34000015258789,11.510000228881836,11.121508598327637,503800,LADR
2021-09-02,11.510000228881836,11.529999732971191,11.359999656677246,11.5,11.111845016479492,415900,LADR
2021-09-03,11.489999771118164,11.5,11.329999923706055,11.399999618530273,11.015220642089844,284500,LADR
2021-09-07,11.399999618530273,11.399999618530273,11.130000114440918,11.140000343322754,10.763996124267578,484400,LADR
2021-09-08,11.100000381469727,11.1899995803833,10.9399995803833,11.0,10.628721237182617,721300,LADR
2021-09-09,11.020000457763672,11.100000381469727,10.9399995803833,10.949999809265137,10.580409049987793,495100,LADR
2021-09-10,10.960000038146973,11.0,10.789999961853027,10.800000190734863,10.43547248840332,721800,LADR
2021-09-13,10.8100004196167,11.130000114440918,10.8100004196167,11.079999923706055,10.706021308898926,520700,LADR
2021-09-14,11.100000381469727,11.140000343322754,10.970000267028809,11.0600004196167,10.686697006225586,770300,LADR
2021-09-15,11.050000190734863,11.149999618530273,10.930000305175781,11.079999923706055,10.706021308898926,699700,LADR
2021-09-16,11.079999923706055,11.140000343322754,10.989999771118164,11.039999961853027,10.66737174987793,442700,LADR
2021-09-17,11.100000381469727,11.119999885559082,10.90999984741211,10.949999809265137,10.580409049987793,2631700,LADR
2021-09-20,10.869999885559082,10.899999618530273,10.649999618530273,10.800000190734863,10.43547248840332,804100,LADR
2021-09-21,10.920000076293945,10.970000267028809,10.850000381469727,10.859999656677246,10.493446350097656,467900,LADR
2021-09-22,10.9399995803833,11.1899995803833,10.9399995803833,11.09000015258789,10.715683937072754,554400,LADR
2021-09-23,11.199999809265137,11.329999923706055,11.140000343322754,11.300000190734863,10.918595314025879,674800,LADR
2021-09-24,11.289999961853027,11.390000343322754,11.180000305175781,11.270000457763672,10.889608383178711,496000,LADR
2021-09-27,11.350000381469727,11.739999771118164,11.329999923706055,11.569999694824219,11.179482460021973,590200,LADR
2021-09-28,11.569999694824219,11.6899995803833,11.40999984741211,11.420000076293945,11.0345458984375,567600,LADR
2021-09-29,11.220000267028809,11.300000190734863,11.15999984741211,11.210000038146973,11.024710655212402,444600,LADR
2021-09-30,11.199999809265137,11.300000190734863,11.039999961853027,11.050000190734863,10.867355346679688,873700,LADR
2021-10-01,11.140000343322754,11.520000457763672,11.100000381469727,11.470000267028809,11.280413627624512,854000,LADR
2021-10-04,11.470000267028809,11.600000381469727,11.420000076293945,11.460000038146973,11.270578384399414,535900,LADR
2021-10-05,11.5,11.579999923706055,11.359999656677246,11.5,11.309917449951172,466500,LADR
2021-10-06,11.350000381469727,11.550000190734863,11.279999732971191,11.529999732971191,11.339421272277832,655800,LADR
2021-10-07,11.609999656677246,11.699999809265137,11.520000457763672,11.539999961853027,11.34925651550293,622700,LADR
2021-10-08,11.59000015258789,11.699999809265137,11.539999961853027,11.630000114440918,11.437768936157227,323100,LADR
2021-10-11,11.699999809265137,11.729999542236328,11.609999656677246,11.619999885559082,11.427933692932129,343600,LADR
2021-10-12,11.649999618530273,11.890000343322754,11.59000015258789,11.75,11.555785179138184,436400,LADR
2021-10-13,11.770000457763672,11.989999771118164,11.739999771118164,11.970000267028809,11.772149085998535,546100,LADR
2021-10-14,11.989999771118164,12.109999656677246,11.930000305175781,11.970000267028809,11.772149085998535,630300,LADR
2021-10-15,12.149999618530273,12.1899995803833,12.0,12.010000228881836,11.811488151550293,674400,LADR
2021-10-18,11.930000305175781,12.069999694824219,11.880000114440918,11.9399995803833,11.742644309997559,469800,LADR
2021-10-19,11.949999809265137,11.949999809265137,11.729999542236328,11.760000228881836,11.565620422363281,343700,LADR
2021-10-20,11.729999542236328,11.899999618530273,11.729999542236328,11.890000343322754,11.693471908569336,404900,LADR
2021-10-21,11.819999694824219,12.029999732971191,11.819999694824219,11.949999809265137,11.752479553222656,553900,LADR
2021-10-22,11.930000305175781,11.930000305175781,11.720000267028809,11.770000457763672,11.575455665588379,396100,LADR
2021-10-25,11.739999771118164,11.90999984741211,11.729999542236328,11.850000381469727,11.654132843017578,381000,LADR
2021-10-26,11.829999923706055,11.960000038146973,11.760000228881836,11.770000457763672,11.575455665588379,474900,LADR
2021-10-27,11.75,11.800000190734863,11.640000343322754,11.720000267028809,11.526281356811523,359400,LADR
2021-10-28,11.75,11.899999618530273,11.680000305175781,11.899999618530273,11.7033052444458,387900,LADR
2021-10-29,11.819999694824219,12.149999618530273,11.819999694824219,12.0,11.801652908325195,889800,LADR
2021-11-01,12.010000228881836,12.220000267028809,11.970000267028809,12.220000267028809,12.018016815185547,581800,LADR
2021-11-02,12.25,12.25,11.949999809265137,12.0,11.801652908325195,553100,LADR
2021-11-03,11.949999809265137,12.1899995803833,11.949999809265137,12.069999694824219,11.870495796203613,470100,LADR
2021-11-04,12.100000381469727,12.210000038146973,11.970000267028809,12.010000228881836,11.811488151550293,538200,LADR
2021-11-05,12.15999984741211,12.350000381469727,12.130000114440918,12.300000190734863,12.096694946289062,557600,LADR
2021-11-08,12.289999961853027,12.369999885559082,12.170000076293945,12.1899995803833,11.98851203918457,324000,LADR
2021-11-09,12.15999984741211,12.289999961853027,12.109999656677246,12.239999771118164,12.037686347961426,448900,LADR
2021-11-10,12.220000267028809,12.319999694824219,12.180000305175781,12.1899995803833,11.98851203918457,405500,LADR
2021-11-11,12.199999809265137,12.380000114440918,12.170000076293945,12.350000381469727,12.145868301391602,415000,LADR
2021-11-12,12.369999885559082,12.40999984741211,12.210000038146973,12.220000267028809,12.018016815185547,526600,LADR
2021-11-15,12.25,12.359999656677246,12.229999542236328,12.260000228881836,12.057355880737305,578200,LADR
2021-11-16,12.199999809265137,12.25,12.100000381469727,12.170000076293945,11.968843460083008,561100,LADR
2021-11-17,12.079999923706055,12.119999885559082,12.020000457763672,12.100000381469727,11.90000057220459,445600,LADR
2021-11-18,12.109999656677246,12.130000114440918,11.970000267028809,12.039999961853027,11.840991973876953,507700,LADR
2021-11-19,11.960000038146973,12.010000228881836,11.890000343322754,11.949999809265137,11.752479553222656,538200,LADR
2021-11-22,12.0,12.050000190734863,11.890000343322754,11.899999618530273,11.7033052444458,542500,LADR
2021-11-23,11.9399995803833,12.050000190734863,11.920000076293945,12.039999961853027,11.840991973876953,399200,LADR
2021-11-24,11.989999771118164,12.109999656677246,11.90999984741211,12.029999732971191,11.831156730651855,338000,LADR
2021-11-26,11.600000381469727,11.6899995803833,11.260000228881836,11.529999732971191,11.339421272277832,539800,LADR
2021-11-29,11.600000381469727,11.729999542236328,11.369999885559082,11.479999542236328,11.290247917175293,766000,LADR
2021-11-30,11.350000381469727,11.470000267028809,11.260000228881836,11.390000343322754,11.201736450195312,1065900,LADR
2021-12-01,11.640000343322754,11.819999694824219,11.3100004196167,11.350000381469727,11.162397384643555,1167400,LADR
2021-12-02,11.300000190734863,12.0,11.300000190734863,11.90999984741211,11.713140487670898,912000,LADR
2021-12-03,12.0,12.010000228881836,11.710000038146973,11.770000457763672,11.575455665588379,658700,LADR
2021-12-06,11.9399995803833,12.149999618530273,11.859999656677246,11.989999771118164,11.791818618774414,485200,LADR
2021-12-07,12.100000381469727,12.100000381469727,11.920000076293945,11.949999809265137,11.752479553222656,416400,LADR
2021-12-08,11.920000076293945,12.039999961853027,11.850000381469727,11.9399995803833,11.742644309997559,316200,LADR
2021-12-09,11.800000190734863,11.920000076293945,11.600000381469727,11.75,11.555785179138184,906900,LADR
2021-12-10,11.8100004196167,11.8100004196167,11.529999732971191,11.59000015258789,11.398429870605469,598600,LADR
2021-12-13,11.510000228881836,11.529999732971191,11.260000228881836,11.359999656677246,11.172231674194336,808400,LADR
2021-12-14,11.350000381469727,11.460000038146973,11.210000038146973,11.220000267028809,11.0345458984375,1052700,LADR
2021-12-15,11.359999656677246,11.449999809265137,11.1899995803833,11.399999618530273,11.211569786071777,764000,LADR
2021-12-16,11.5,11.59000015258789,11.369999885559082,11.479999542236328,11.290247917175293,1261300,LADR
2021-12-17,11.5,11.600000381469727,11.399999618530273,11.550000190734863,11.359091758728027,2054300,LADR
2021-12-20,11.420000076293945,11.420000076293945,10.960000038146973,11.210000038146973,11.024710655212402,1178500,LADR
2021-12-21,11.289999961853027,12.039999961853027,11.270000457763672,11.970000267028809,11.772149085998535,1235900,LADR
2021-12-22,11.979999542236328,12.15999984741211,11.9399995803833,12.0600004196167,11.860661506652832,642500,LADR
2021-12-23,12.109999656677246,12.260000228881836,12.100000381469727,12.199999809265137,11.998347282409668,446800,LADR
2021-12-27,12.220000267028809,12.220000267028809,11.979999542236328,12.180000305175781,11.978678703308105,641100,LADR
2021-12-28,12.130000114440918,12.279999732971191,12.0600004196167,12.149999618530273,11.949172973632812,506600,LADR
2021-12-29,12.149999618530273,12.149999618530273,11.989999771118164,12.100000381469727,11.90000057220459,432300,LADR
2021-12-30,11.859999656677246,12.130000114440918,11.779999732971191,11.989999771118164,11.989999771118164,737600,LADR
