Date,Open,High,Low,Close,Adj Close,Volume,ticker
2012-08-24,25.799999237060547,26.260000228881836,25.799999237060547,25.959999084472656,17.782041549682617,23800,RZA
2012-08-27,25.989999771118164,26.100000381469727,25.81999969482422,26.0,17.809444427490234,30800,RZA
2012-08-28,25.920000076293945,26.25,25.899999618530273,26.020000457763672,17.823139190673828,104800,RZA
2012-08-29,26.110000610351562,26.5,26.020000457763672,26.200000762939453,17.946439743041992,91500,RZA
2012-08-30,26.1200008392334,26.299999237060547,26.059999465942383,26.299999237060547,18.014936447143555,72900,RZA
2012-08-31,26.25,26.889999389648438,26.25,26.829999923706055,18.377975463867188,178900,RZA
2012-09-04,26.729999542236328,26.760000228881836,26.649999618530273,26.700000762939453,18.288925170898438,54300,RZA
2012-09-05,26.719999313354492,26.75,26.649999618530273,26.739999771118164,18.31632423400879,39500,RZA
2012-09-06,26.75,26.829999923706055,26.6299991607666,26.65999984741211,18.26152992248535,159600,RZA
2012-09-07,26.81999969482422,26.81999969482422,26.700000762939453,26.799999237060547,18.357425689697266,9700,RZA
2012-09-10,26.829999923706055,26.829999923706055,26.670000076293945,26.719999313354492,18.302627563476562,54600,RZA
2012-09-11,26.799999237060547,26.799999237060547,26.649999618530273,26.75,18.32317543029785,313700,RZA
2012-09-12,26.65999984741211,26.860000610351562,26.65999984741211,26.790000915527344,18.3505802154541,180000,RZA
2012-09-13,26.84000015258789,26.899999618530273,26.649999618530273,26.75,18.32317543029785,249800,RZA
2012-09-14,26.790000915527344,26.790000915527344,26.649999618530273,26.729999542236328,18.30947494506836,14900,RZA
2012-09-17,26.75,26.75,26.540000915527344,26.600000381469727,18.220430374145508,30700,RZA
2012-09-18,26.709999084472656,26.709999084472656,26.299999237060547,26.549999237060547,18.18617820739746,424300,RZA
2012-09-19,26.549999237060547,26.549999237060547,26.290000915527344,26.350000381469727,18.049182891845703,43700,RZA
2012-09-20,26.3700008392334,26.3700008392334,26.15999984741211,26.290000915527344,18.00808334350586,294200,RZA
2012-09-21,26.329999923706055,26.329999923706055,26.18000030517578,26.18000030517578,17.932737350463867,71100,RZA
2012-09-24,26.200000762939453,26.3799991607666,26.200000762939453,26.290000915527344,18.00808334350586,45200,RZA
2012-09-25,26.290000915527344,26.350000381469727,26.25,26.280000686645508,18.00123405456543,75200,RZA
2012-09-26,26.280000686645508,26.280000686645508,26.209999084472656,26.260000228881836,17.98753547668457,23800,RZA
2012-09-27,26.260000228881836,26.40999984741211,26.260000228881836,26.360000610351562,18.0560359954834,105800,RZA
2012-09-28,26.31999969482422,26.520000457763672,26.31999969482422,26.3799991607666,18.069738388061523,90000,RZA
2012-10-01,26.459999084472656,26.479999542236328,26.190000534057617,26.329999923706055,18.035486221313477,39800,RZA
2012-10-02,26.3700008392334,26.3799991607666,26.229999542236328,26.31999969482422,18.028636932373047,36500,RZA
2012-10-03,26.389999389648438,26.489999771118164,26.3700008392334,26.450000762939453,18.117685317993164,57900,RZA
2012-10-04,26.510000228881836,26.719999313354492,26.350000381469727,26.610000610351562,18.227279663085938,110900,RZA
2012-10-05,26.75,26.75,26.59000015258789,26.600000381469727,18.220430374145508,76200,RZA
2012-10-08,26.780000686645508,27.290000915527344,26.75,27.0,18.494421005249023,216300,RZA
2012-10-09,27.1299991607666,27.540000915527344,26.920000076293945,27.540000915527344,18.86431121826172,147600,RZA
2012-10-10,27.540000915527344,27.540000915527344,27.25,27.350000381469727,18.73416519165039,243600,RZA
2012-10-11,27.469999313354492,27.59000015258789,27.229999542236328,27.290000915527344,18.69306182861328,28900,RZA
2012-10-12,27.450000762939453,27.5,27.229999542236328,27.489999771118164,18.830059051513672,19900,RZA
2012-10-15,27.600000381469727,27.600000381469727,27.3799991607666,27.549999237060547,18.871156692504883,75000,RZA
2012-10-16,27.600000381469727,27.700000762939453,27.5,27.649999618530273,18.93965721130371,51500,RZA
2012-10-17,27.780000686645508,27.780000686645508,27.549999237060547,27.610000610351562,18.91225814819336,447500,RZA
2012-10-18,27.6200008392334,27.700000762939453,27.559999465942383,27.6200008392334,18.91910743713379,39300,RZA
2012-10-19,27.790000915527344,27.950000762939453,27.420000076293945,27.610000610351562,18.91225814819336,524000,RZA
2012-10-22,27.700000762939453,27.790000915527344,27.59000015258789,27.610000610351562,18.91225814819336,37300,RZA
2012-10-23,27.68000030517578,27.68000030517578,27.329999923706055,27.3799991607666,18.754714965820312,30900,RZA
2012-10-24,27.530000686645508,27.530000686645508,27.270000457763672,27.329999923706055,18.720462799072266,32100,RZA
2012-10-25,27.479999542236328,27.479999542236328,27.309999465942383,27.360000610351562,18.741012573242188,54700,RZA
2012-10-26,27.450000762939453,27.450000762939453,27.200000762939453,27.34000015258789,18.727313995361328,52300,RZA
2012-10-31,27.489999771118164,27.489999771118164,27.1200008392334,27.31999969482422,18.713613510131836,14000,RZA
2012-11-01,27.399999618530273,27.5,27.399999618530273,27.450000762939453,18.802656173706055,16700,RZA
2012-11-02,27.489999771118164,27.489999771118164,27.209999084472656,27.43000030517578,18.788963317871094,20100,RZA
2012-11-05,27.469999313354492,27.469999313354492,27.290000915527344,27.350000381469727,18.73416519165039,28800,RZA
2012-11-06,27.389999389648438,27.389999389648438,27.280000686645508,27.309999465942383,18.706762313842773,28000,RZA
2012-11-07,27.350000381469727,28.100000381469727,27.270000457763672,27.56999969482422,18.88486099243164,120700,RZA
2012-11-08,27.549999237060547,27.690000534057617,27.329999923706055,27.329999923706055,18.720462799072266,30500,RZA
2012-11-09,27.350000381469727,27.360000610351562,27.059999465942383,27.06999969482422,18.54236602783203,23800,RZA
2012-11-12,27.479999542236328,27.479999542236328,27.139999389648438,27.200000762939453,18.631420135498047,8300,RZA
2012-11-13,27.3700008392334,27.3799991607666,27.09000015258789,27.299999237060547,18.699909210205078,9500,RZA
2012-11-14,27.360000610351562,27.360000610351562,26.84000015258789,26.90999984741211,18.43277359008789,45800,RZA
2012-11-15,27.059999465942383,27.059999465942383,26.639999389648438,26.90999984741211,18.43277359008789,26800,RZA
2012-11-16,27.06999969482422,27.239999771118164,26.889999389648438,26.989999771118164,18.48756980895996,15400,RZA
2012-11-19,27.1299991607666,27.309999465942383,27.0,27.149999618530273,18.597166061401367,51700,RZA
2012-11-20,27.239999771118164,27.350000381469727,27.059999465942383,27.299999237060547,18.699909210205078,22600,RZA
2012-11-21,27.31999969482422,27.31999969482422,27.170000076293945,27.239999771118164,18.658817291259766,26300,RZA
2012-11-23,27.420000076293945,27.420000076293945,27.360000610351562,27.3799991607666,18.754714965820312,7400,RZA
2012-11-26,27.420000076293945,27.43000030517578,27.0,27.06999969482422,18.54236602783203,212300,RZA
2012-11-27,27.170000076293945,27.219999313354492,26.920000076293945,27.010000228881836,18.501270294189453,27500,RZA
2012-11-28,26.84000015258789,26.940000534057617,26.75,26.84000015258789,18.7252197265625,21000,RZA
2012-11-29,27.010000228881836,27.010000228881836,26.760000228881836,26.829999923706055,18.718242645263672,27600,RZA
2012-11-30,26.940000534057617,26.979999542236328,26.790000915527344,26.850000381469727,18.732196807861328,32400,RZA
2012-12-03,27.010000228881836,27.010000228881836,26.770000457763672,26.8799991607666,18.753122329711914,11400,RZA
2012-12-04,26.860000610351562,26.860000610351562,26.579999923706055,26.709999084472656,18.634525299072266,23000,RZA
2012-12-05,26.860000610351562,26.860000610351562,26.65999984741211,26.700000762939453,18.627546310424805,16200,RZA
2012-12-06,26.739999771118164,26.790000915527344,26.649999618530273,26.649999618530273,18.59266471862793,9400,RZA
2012-12-07,26.790000915527344,26.790000915527344,26.520000457763672,26.600000381469727,18.557783126831055,8300,RZA
2012-12-10,26.75,26.75,26.600000381469727,26.700000762939453,18.627546310424805,25100,RZA
2012-12-11,26.790000915527344,26.889999389648438,26.579999923706055,26.649999618530273,18.59266471862793,200600,RZA
2012-12-12,26.739999771118164,27.010000228881836,26.700000762939453,26.760000228881836,18.66941261291504,24400,RZA
2012-12-13,26.969999313354492,27.079999923706055,26.809999465942383,26.850000381469727,18.732196807861328,23900,RZA
2012-12-14,26.959999084472656,27.100000381469727,26.8799991607666,27.09000015258789,18.899635314941406,71500,RZA
2012-12-17,27.229999542236328,27.229999542236328,27.040000915527344,27.079999923706055,18.892656326293945,8500,RZA
2012-12-18,27.0,27.219999313354492,26.989999771118164,27.0,18.83684539794922,20400,RZA
2012-12-19,27.270000457763672,27.270000457763672,27.010000228881836,27.040000915527344,18.864749908447266,11700,RZA
2012-12-20,27.149999618530273,27.209999084472656,26.920000076293945,27.0,18.83684539794922,546400,RZA
2012-12-21,27.079999923706055,27.170000076293945,26.899999618530273,26.93000030517578,18.788013458251953,11300,RZA
2012-12-24,27.059999465942383,27.18000030517578,26.950000762939453,27.149999618530273,18.941495895385742,7800,RZA
2012-12-26,27.149999618530273,27.18000030517578,27.0,27.049999237060547,18.871728897094727,10200,RZA
2012-12-27,27.149999618530273,27.149999618530273,27.0,27.0,18.83684539794922,7100,RZA
2012-12-28,27.110000610351562,27.200000762939453,27.049999237060547,27.06999969482422,18.885679244995117,28300,RZA
2012-12-31,27.200000762939453,27.219999313354492,27.110000610351562,27.110000610351562,18.91358757019043,5600,RZA
2013-01-02,27.229999542236328,27.239999771118164,27.1200008392334,27.209999084472656,18.983354568481445,17800,RZA
2013-01-03,27.229999542236328,27.25,27.1200008392334,27.25,19.011259078979492,15900,RZA
2013-01-04,27.270000457763672,27.290000915527344,27.18000030517578,27.290000915527344,19.039167404174805,11800,RZA
2013-01-07,27.34000015258789,27.649999618530273,27.31999969482422,27.420000076293945,19.129863739013672,20300,RZA
2013-01-08,27.479999542236328,27.479999542236328,27.34000015258789,27.420000076293945,19.129863739013672,14100,RZA
2013-01-09,27.469999313354492,27.469999313354492,27.18000030517578,27.43000030517578,19.136844635009766,33700,RZA
2013-01-10,27.459999084472656,27.5,27.360000610351562,27.479999542236328,19.171722412109375,23100,RZA
2013-01-11,27.5,27.5,27.350000381469727,27.399999618530273,19.115907669067383,31900,RZA
2013-01-14,27.399999618530273,27.399999618530273,27.299999237060547,27.299999237060547,19.046138763427734,15200,RZA
2013-01-15,27.309999465942383,27.3799991607666,27.209999084472656,27.280000686645508,19.032188415527344,26000,RZA
2013-01-16,27.299999237060547,27.299999237060547,27.059999465942383,27.1200008392334,18.92056655883789,21100,RZA
2013-01-17,27.299999237060547,27.299999237060547,26.829999923706055,26.989999771118164,18.829866409301758,53600,RZA
2013-01-18,27.049999237060547,27.149999618530273,27.049999237060547,27.149999618530273,18.941495895385742,14100,RZA
2013-01-22,27.399999618530273,27.399999618530273,27.110000610351562,27.149999618530273,18.941495895385742,49700,RZA
2013-01-23,27.190000534057617,27.200000762939453,27.110000610351562,27.1299991607666,18.927541732788086,19400,RZA
2013-01-24,27.190000534057617,27.190000534057617,27.020000457763672,27.100000381469727,18.906612396240234,15800,RZA
2013-01-25,27.100000381469727,27.100000381469727,27.0,27.030000686645508,18.85778045654297,40000,RZA
2013-01-28,27.079999923706055,27.079999923706055,26.969999313354492,27.049999237060547,18.871728897094727,8500,RZA
2013-01-29,27.100000381469727,27.100000381469727,26.899999618530273,26.920000076293945,18.781034469604492,51300,RZA
2013-01-30,27.0,27.0,26.959999084472656,26.959999084472656,18.808940887451172,6100,RZA
2013-01-31,27.0,27.049999237060547,26.940000534057617,26.969999313354492,18.81591033935547,37100,RZA
2013-02-01,27.0,27.059999465942383,26.780000686645508,27.059999465942383,18.878705978393555,25100,RZA
2013-02-04,27.100000381469727,27.100000381469727,26.950000762939453,27.0,18.83684539794922,6000,RZA
2013-02-05,27.0,27.100000381469727,26.989999771118164,27.09000015258789,18.899635314941406,15000,RZA
2013-02-06,27.149999618530273,27.149999618530273,27.020000457763672,27.1299991607666,18.927541732788086,11500,RZA
2013-02-07,27.1200008392334,27.280000686645508,27.040000915527344,27.280000686645508,19.032188415527344,11100,RZA
2013-02-08,27.260000228881836,27.31999969482422,27.170000076293945,27.280000686645508,19.032188415527344,12900,RZA
2013-02-11,27.350000381469727,27.350000381469727,27.219999313354492,27.25,19.011259078979492,25000,RZA
2013-02-12,27.3799991607666,27.469999313354492,27.25,27.399999618530273,19.115907669067383,14300,RZA
2013-02-13,27.489999771118164,27.489999771118164,27.399999618530273,27.489999771118164,19.17869758605957,6300,RZA
2013-02-14,27.489999771118164,27.5,27.260000228881836,27.299999237060547,19.046138763427734,35600,RZA
2013-02-15,27.360000610351562,27.459999084472656,27.149999618530273,27.299999237060547,19.046138763427734,20600,RZA
2013-02-19,27.31999969482422,27.31999969482422,27.229999542236328,27.25,19.011259078979492,32400,RZA
2013-02-20,27.25,27.290000915527344,27.239999771118164,27.25,19.011259078979492,21700,RZA
2013-02-21,27.31999969482422,27.31999969482422,27.100000381469727,27.239999771118164,19.004281997680664,73000,RZA
2013-02-22,27.25,27.25,27.239999771118164,27.239999771118164,19.004281997680664,8700,RZA
2013-02-25,27.309999465942383,27.540000915527344,27.309999465942383,27.520000457763672,19.19963264465332,12100,RZA
2013-02-26,27.559999465942383,27.709999084472656,27.43000030517578,27.559999465942383,19.22753143310547,21700,RZA
2013-02-27,27.0,27.190000534057617,27.0,27.139999389648438,19.204893112182617,8600,RZA
2013-02-28,27.040000915527344,27.3700008392334,27.040000915527344,27.1299991607666,19.197818756103516,21500,RZA
2013-03-01,27.260000228881836,27.299999237060547,27.25,27.299999237060547,19.3181095123291,4800,RZA
2013-03-04,27.34000015258789,27.3799991607666,27.25,27.31999969482422,19.33226203918457,9200,RZA
2013-03-05,27.399999618530273,27.420000076293945,27.299999237060547,27.399999618530273,19.388872146606445,11700,RZA
2013-03-06,27.479999542236328,27.479999542236328,27.31999969482422,27.360000610351562,19.360570907592773,10900,RZA
2013-03-07,27.450000762939453,27.450000762939453,27.1200008392334,27.219999313354492,19.26150131225586,35800,RZA
2013-03-08,27.299999237060547,27.350000381469727,27.200000762939453,27.260000228881836,19.28980827331543,275300,RZA
2013-03-11,27.299999237060547,27.299999237060547,27.0,27.149999618530273,19.211963653564453,15900,RZA
2013-03-12,27.049999237060547,27.34000015258789,27.049999237060547,27.34000015258789,19.346416473388672,6800,RZA
2013-03-13,27.389999389648438,27.389999389648438,27.219999313354492,27.3700008392334,19.367647171020508,9200,RZA
2013-03-14,27.389999389648438,27.420000076293945,27.229999542236328,27.34000015258789,19.346416473388672,7900,RZA
2013-03-15,27.450000762939453,27.459999084472656,27.299999237060547,27.350000381469727,19.35348892211914,15200,RZA
2013-03-18,27.450000762939453,27.450000762939453,27.299999237060547,27.389999389648438,19.381792068481445,9800,RZA
2013-03-19,27.450000762939453,27.450000762939453,27.280000686645508,27.309999465942383,19.32518768310547,10000,RZA
2013-03-20,27.399999618530273,27.399999618530273,27.229999542236328,27.31999969482422,19.33226203918457,80900,RZA
2013-03-21,27.3700008392334,27.3700008392334,27.219999313354492,27.239999771118164,19.27565574645996,15900,RZA
2013-03-22,27.299999237060547,27.31999969482422,27.209999084472656,27.209999084472656,19.25442886352539,7200,RZA
2013-03-25,27.34000015258789,27.40999984741211,27.229999542236328,27.290000915527344,19.311038970947266,10900,RZA
2013-03-26,27.350000381469727,27.350000381469727,27.209999084472656,27.229999542236328,19.268579483032227,8100,RZA
2013-03-27,27.360000610351562,27.360000610351562,27.280000686645508,27.290000915527344,19.311038970947266,40400,RZA
2013-03-28,27.31999969482422,27.31999969482422,27.229999542236328,27.229999542236328,19.268579483032227,17200,RZA
2013-04-01,27.34000015258789,27.34000015258789,27.25,27.270000457763672,19.296884536743164,8000,RZA
2013-04-02,27.440000534057617,27.440000534057617,27.25,27.299999237060547,19.3181095123291,13400,RZA
2013-04-03,27.360000610351562,27.3799991607666,27.280000686645508,27.34000015258789,19.346416473388672,154900,RZA
2013-04-04,27.399999618530273,27.399999618530273,27.329999923706055,27.329999923706055,19.339340209960938,12300,RZA
2013-04-05,27.389999389648438,27.450000762939453,27.34000015258789,27.350000381469727,19.35348892211914,12000,RZA
2013-04-08,27.469999313354492,27.479999542236328,27.149999618530273,27.15999984741211,19.219045639038086,27300,RZA
2013-04-09,27.200000762939453,27.3700008392334,27.1299991607666,27.3700008392334,19.367647171020508,13600,RZA
2013-04-10,27.350000381469727,27.43000030517578,27.309999465942383,27.40999984741211,19.39594841003418,11800,RZA
2013-04-11,27.43000030517578,27.459999084472656,27.399999618530273,27.440000534057617,19.41718101501465,7000,RZA
2013-04-12,27.440000534057617,27.450000762939453,27.350000381469727,27.350000381469727,19.35348892211914,14100,RZA
2013-04-15,27.3799991607666,27.40999984741211,27.25,27.3799991607666,19.374719619750977,6100,RZA
2013-04-16,27.5,27.5,27.239999771118164,27.360000610351562,19.360570907592773,17500,RZA
2013-04-17,27.469999313354492,27.479999542236328,27.309999465942383,27.40999984741211,19.39594841003418,8900,RZA
2013-04-18,27.489999771118164,27.489999771118164,27.290000915527344,27.43000030517578,19.41010093688965,7500,RZA
2013-04-19,27.479999542236328,27.5,27.190000534057617,27.190000534057617,19.240272521972656,47100,RZA
2013-04-22,27.299999237060547,27.34000015258789,27.149999618530273,27.149999618530273,19.211963653564453,18300,RZA
2013-04-23,27.290000915527344,27.309999465942383,27.200000762939453,27.290000915527344,19.311038970947266,9200,RZA
2013-04-24,27.329999923706055,27.34000015258789,27.18000030517578,27.329999923706055,19.339340209960938,419000,RZA
2013-04-25,27.360000610351562,27.389999389648438,27.31999969482422,27.3799991607666,19.374719619750977,11900,RZA
2013-04-26,27.389999389648438,27.5,27.34000015258789,27.5,19.459636688232422,15800,RZA
2013-04-29,27.5,27.59000015258789,27.469999313354492,27.59000015258789,19.523324966430664,11400,RZA
2013-04-30,27.729999542236328,27.75,27.649999618530273,27.649999618530273,19.565776824951172,10100,RZA
2013-05-01,27.84000015258789,27.8799991607666,27.600000381469727,27.739999771118164,19.629467010498047,20300,RZA
2013-05-02,27.8700008392334,28.260000228881836,27.780000686645508,28.1200008392334,19.898361206054688,33600,RZA
2013-05-03,28.200000762939453,28.31999969482422,28.110000610351562,28.139999389648438,19.912511825561523,8000,RZA
2013-05-06,28.260000228881836,28.280000686645508,28.020000457763672,28.239999771118164,19.983278274536133,19800,RZA
2013-05-07,28.309999465942383,28.6200008392334,28.260000228881836,28.600000381469727,20.238021850585938,18400,RZA
2013-05-08,28.729999542236328,28.84000015258789,28.6299991607666,28.84000015258789,20.407848358154297,10900,RZA
2013-05-09,28.850000381469727,28.950000762939453,28.739999771118164,28.8799991607666,20.4361572265625,15900,RZA
2013-05-10,28.760000228881836,29.0,28.75,28.809999465942383,20.386621475219727,12600,RZA
2013-05-13,28.959999084472656,29.049999237060547,28.6299991607666,28.65999984741211,20.280481338500977,23900,RZA
2013-05-14,28.56999969482422,28.690000534057617,28.520000457763672,28.639999389648438,20.266324996948242,15700,RZA
2013-05-15,28.649999618530273,28.760000228881836,28.56999969482422,28.709999084472656,20.315860748291016,11500,RZA
2013-05-16,28.799999237060547,28.799999237060547,28.540000915527344,28.729999542236328,20.33001136779785,11900,RZA
2013-05-17,28.860000610351562,28.959999084472656,28.719999313354492,28.84000015258789,20.407848358154297,65300,RZA
2013-05-20,28.90999984741211,28.959999084472656,28.84000015258789,28.84000015258789,20.407848358154297,9300,RZA
2013-05-21,28.959999084472656,28.959999084472656,28.81999969482422,28.8799991607666,20.4361572265625,26700,RZA
2013-05-22,28.809999465942383,29.100000381469727,28.760000228881836,28.829999923706055,20.400775909423828,42100,RZA
2013-05-23,28.729999542236328,28.809999465942383,28.610000610351562,28.799999237060547,20.379545211791992,19200,RZA
2013-05-24,28.850000381469727,28.850000381469727,28.56999969482422,28.700000762939453,20.308780670166016,85200,RZA
2013-05-28,28.809999465942383,28.809999465942383,28.579999923706055,28.579999923706055,20.2238712310791,20800,RZA
2013-05-29,28.329999923706055,28.329999923706055,27.84000015258789,27.959999084472656,20.05744171142578,17800,RZA
2013-05-30,28.1200008392334,28.1200008392334,27.850000381469727,27.979999542236328,20.071788787841797,12100,RZA
2013-05-31,28.100000381469727,28.209999084472656,26.860000610351562,26.860000610351562,19.268342971801758,53500,RZA
2013-06-03,27.0,27.0,26.149999618530273,26.329999923706055,18.888137817382812,34100,RZA
2013-06-04,26.40999984741211,26.719999313354492,26.350000381469727,26.549999237060547,19.045963287353516,27700,RZA
2013-06-05,26.649999618530273,26.989999771118164,26.350000381469727,26.809999465942383,19.23247528076172,104800,RZA
2013-06-06,26.90999984741211,26.90999984741211,26.450000762939453,26.670000076293945,19.132041931152344,31100,RZA
2013-06-07,26.75,26.90999984741211,26.510000228881836,26.610000610351562,19.088998794555664,10300,RZA
2013-06-10,26.65999984741211,26.65999984741211,26.309999465942383,26.469999313354492,18.98857307434082,20300,RZA
2013-06-11,26.459999084472656,26.459999084472656,25.6299991607666,25.790000915527344,18.50076675415039,42300,RZA
2013-06-12,25.90999984741211,26.170000076293945,25.030000686645508,25.06999969482422,17.98426628112793,49600,RZA
2013-06-13,25.219999313354492,26.0,24.719999313354492,26.0,18.651411056518555,41000,RZA
2013-06-14,26.0,26.700000762939453,25.8799991607666,26.700000762939453,19.153562545776367,46900,RZA
2013-06-17,26.75,26.860000610351562,26.40999984741211,26.790000915527344,19.218130111694336,20700,RZA
2013-06-18,26.850000381469727,27.100000381469727,26.510000228881836,27.079999923706055,19.426162719726562,24100,RZA
2013-06-19,27.1200008392334,27.260000228881836,26.389999389648438,26.610000610351562,19.088998794555664,21200,RZA
2013-06-20,26.56999969482422,26.56999969482422,25.65999984741211,26.0,18.651411056518555,49700,RZA
2013-06-21,26.549999237060547,26.549999237060547,25.459999084472656,25.649999618530273,18.40033531188965,24200,RZA
2013-06-24,25.309999465942383,25.670000076293945,24.770000457763672,25.200000762939453,18.077518463134766,33200,RZA
2013-06-25,25.5,25.5,24.959999084472656,25.190000534057617,18.07034683227539,37300,RZA
2013-06-26,25.3700008392334,25.940000534057617,25.3700008392334,25.6200008392334,18.378812789916992,37200,RZA
2013-06-27,25.700000762939453,25.989999771118164,25.459999084472656,25.780000686645508,18.493593215942383,153600,RZA
2013-06-28,25.799999237060547,26.0,25.639999389648438,26.0,18.651411056518555,16900,RZA
2013-07-01,26.040000915527344,26.239999771118164,25.829999923706055,26.059999465942383,18.69445037841797,261600,RZA
2013-07-02,26.0,26.200000762939453,25.799999237060547,25.81999969482422,18.52228355407715,8600,RZA
2013-07-03,25.889999389648438,25.889999389648438,25.649999618530273,25.709999084472656,18.443374633789062,4400,RZA
2013-07-05,25.65999984741211,25.65999984741211,25.170000076293945,25.170000076293945,18.056001663208008,11200,RZA
2013-07-08,25.25,25.25,24.950000762939453,25.049999237060547,17.969913482666016,24200,RZA
2013-07-09,24.969999313354492,25.3799991607666,24.969999313354492,25.3799991607666,18.206647872924805,22800,RZA
2013-07-10,25.399999618530273,25.65999984741211,25.329999923706055,25.43000030517578,18.242509841918945,28500,RZA
2013-07-11,25.59000015258789,25.790000915527344,25.530000686645508,25.700000762939453,18.43620491027832,10100,RZA
2013-07-12,25.899999618530273,25.979999542236328,25.75,25.75,18.472068786621094,9600,RZA
2013-07-15,25.93000030517578,25.940000534057617,25.600000381469727,25.940000534057617,18.608367919921875,14200,RZA
2013-07-16,25.959999084472656,26.15999984741211,25.850000381469727,26.09000015258789,18.715974807739258,17600,RZA
2013-07-17,26.389999389648438,26.459999084472656,26.059999465942383,26.09000015258789,18.715974807739258,12000,RZA
2013-07-18,26.260000228881836,26.270000457763672,26.079999923706055,26.079999923706055,18.708803176879883,11000,RZA
2013-07-19,26.18000030517578,26.440000534057617,25.940000534057617,26.440000534057617,18.96704864501953,14100,RZA
2013-07-22,26.399999618530273,26.399999618530273,26.0,26.290000915527344,18.859447479248047,102700,RZA
2013-07-23,26.360000610351562,26.360000610351562,26.1200008392334,26.350000381469727,18.902488708496094,7000,RZA
2013-07-24,26.329999923706055,26.329999923706055,26.020000457763672,26.139999389648438,18.75183868408203,106000,RZA
2013-07-25,26.06999969482422,26.06999969482422,25.670000076293945,25.81999969482422,18.52228355407715,13400,RZA
2013-07-26,25.729999542236328,26.010000228881836,25.600000381469727,25.780000686645508,18.493593215942383,7100,RZA
2013-07-29,25.639999389648438,25.709999084472656,25.43000030517578,25.450000762939453,18.256864547729492,7600,RZA
2013-07-30,25.350000381469727,25.40999984741211,25.209999084472656,25.290000915527344,18.14208221435547,48500,RZA
2013-07-31,25.3799991607666,25.549999237060547,25.0,25.549999237060547,18.328596115112305,26100,RZA
2013-08-01,25.600000381469727,25.639999389648438,25.059999465942383,25.1200008392334,18.02013397216797,293400,RZA
2013-08-02,25.229999542236328,25.229999542236328,25.100000381469727,25.15999984741211,18.048830032348633,12200,RZA
2013-08-05,25.200000762939453,25.200000762939453,24.899999618530273,24.979999542236328,17.919702529907227,21900,RZA
2013-08-06,25.079999923706055,25.079999923706055,24.950000762939453,25.0,17.934043884277344,20500,RZA
2013-08-07,25.200000762939453,25.200000762939453,24.959999084472656,24.959999084472656,17.905359268188477,15200,RZA
2013-08-08,24.860000610351562,25.270000457763672,24.860000610351562,25.079999923706055,17.99144172668457,14300,RZA
2013-08-09,25.190000534057617,25.229999542236328,24.989999771118164,25.15999984741211,18.048830032348633,17300,RZA
2013-08-12,25.260000228881836,25.299999237060547,25.1200008392334,25.149999618530273,18.041654586791992,5000,RZA
2013-08-13,25.229999542236328,25.25,24.719999313354492,24.770000457763672,17.76905632019043,61400,RZA
2013-08-14,24.719999313354492,24.989999771118164,24.719999313354492,24.75,17.75470542907715,14800,RZA
2013-08-15,24.600000381469727,24.6299991607666,24.100000381469727,24.270000457763672,17.410375595092773,41400,RZA
2013-08-16,24.1200008392334,24.559999465942383,24.110000610351562,24.270000457763672,17.410375595092773,29300,RZA
2013-08-19,24.229999542236328,24.229999542236328,23.079999923706055,23.479999542236328,16.843660354614258,57200,RZA
2013-08-20,23.3700008392334,23.93000030517578,23.110000610351562,23.93000030517578,17.166471481323242,30000,RZA
2013-08-21,23.709999084472656,24.079999923706055,23.530000686645508,23.799999237060547,17.073211669921875,26400,RZA
2013-08-22,23.979999542236328,24.100000381469727,23.68000030517578,23.969999313354492,17.19516944885254,12800,RZA
2013-08-23,24.100000381469727,24.270000457763672,23.950000762939453,24.100000381469727,17.288423538208008,30300,RZA
2013-08-26,24.260000228881836,24.260000228881836,23.81999969482422,23.969999313354492,17.19516944885254,21300,RZA
2013-08-27,23.950000762939453,24.040000915527344,23.81999969482422,23.889999389648438,17.137779235839844,22400,RZA
2013-08-28,23.56999969482422,23.860000610351562,23.56999969482422,23.709999084472656,17.289451599121094,16500,RZA
2013-08-29,23.719999313354492,24.260000228881836,23.6299991607666,23.829999923706055,17.376956939697266,41100,RZA
2013-08-30,24.219999313354492,24.540000915527344,23.90999984741211,24.059999465942383,17.544675827026367,16700,RZA
2013-09-03,24.290000915527344,24.479999542236328,23.899999618530273,24.190000534057617,17.639467239379883,30500,RZA
2013-09-04,24.190000534057617,24.729999542236328,24.190000534057617,24.559999465942383,17.909276962280273,39100,RZA
2013-09-05,24.6299991607666,24.68000030517578,24.399999618530273,24.540000915527344,17.894697189331055,31900,RZA
2013-09-06,24.610000610351562,24.93000030517578,24.5,24.520000457763672,17.880109786987305,32500,RZA
2013-09-09,24.530000686645508,24.799999237060547,24.530000686645508,24.670000076293945,17.989486694335938,8700,RZA
2013-09-10,24.709999084472656,24.709999084472656,24.399999618530273,24.420000076293945,17.807186126708984,31400,RZA
2013-09-11,24.5,24.5,24.209999084472656,24.260000228881836,17.69051742553711,52300,RZA
2013-09-12,24.18000030517578,24.290000915527344,24.09000015258789,24.110000610351562,17.581134796142578,13800,RZA
2013-09-13,24.200000762939453,24.200000762939453,23.8700008392334,24.15999984741211,17.617595672607422,23800,RZA
2013-09-16,24.200000762939453,24.200000762939453,23.93000030517578,24.020000457763672,17.5155086517334,20000,RZA
2013-09-17,23.950000762939453,24.149999618530273,23.84000015258789,23.90999984741211,17.435293197631836,22100,RZA
2013-09-18,24.020000457763672,24.799999237060547,23.8799991607666,24.739999771118164,18.0405330657959,31800,RZA
2013-09-19,24.739999771118164,25.030000686645508,24.459999084472656,24.760000228881836,18.05512046813965,32900,RZA
2013-09-20,24.6200008392334,24.700000762939453,24.280000686645508,24.6299991607666,17.96031951904297,26300,RZA
2013-09-23,24.729999542236328,24.729999542236328,24.34000015258789,24.5,17.865522384643555,22100,RZA
2013-09-24,24.59000015258789,24.59000015258789,24.239999771118164,24.399999618530273,17.792600631713867,14200,RZA
2013-09-25,24.489999771118164,24.75,24.31999969482422,24.6200008392334,17.95302963256836,20500,RZA
2013-09-26,24.709999084472656,24.809999465942383,24.530000686645508,24.809999465942383,18.09157943725586,15600,RZA
2013-09-27,24.809999465942383,24.809999465942383,24.450000762939453,24.520000457763672,17.880109786987305,15000,RZA
2013-09-30,24.440000534057617,24.780000686645508,24.420000076293945,24.719999313354492,18.02594757080078,22700,RZA
2013-10-01,24.780000686645508,24.780000686645508,24.649999618530273,24.75,18.047821044921875,15500,RZA
2013-10-02,24.739999771118164,24.780000686645508,24.540000915527344,24.760000228881836,18.05512046813965,23000,RZA
2013-10-03,24.809999465942383,24.809999465942383,24.489999771118164,24.520000457763672,17.880109786987305,10700,RZA
2013-10-04,24.479999542236328,24.799999237060547,24.479999542236328,24.6200008392334,17.95302963256836,6700,RZA
2013-10-07,24.649999618530273,24.649999618530273,24.350000381469727,24.350000381469727,17.75614356994629,12300,RZA
2013-10-08,24.3799991607666,24.59000015258789,24.110000610351562,24.280000686645508,17.705102920532227,14000,RZA
2013-10-09,24.5,24.59000015258789,24.170000076293945,24.3799991607666,17.77802085876465,12800,RZA
2013-10-10,24.559999465942383,24.559999465942383,24.3700008392334,24.440000534057617,17.821773529052734,10300,RZA
2013-10-11,24.459999084472656,24.6200008392334,24.399999618530273,24.459999084472656,17.836355209350586,31000,RZA
2013-10-14,24.489999771118164,24.6200008392334,24.229999542236328,24.5,17.865522384643555,4500,RZA
2013-10-15,24.40999984741211,24.639999389648438,24.190000534057617,24.190000534057617,17.639467239379883,45500,RZA
2013-10-16,24.34000015258789,24.459999084472656,24.139999389648438,24.270000457763672,17.69780731201172,41400,RZA
2013-10-17,24.329999923706055,24.649999618530273,24.25,24.520000457763672,17.880109786987305,13100,RZA
2013-10-18,24.520000457763672,24.760000228881836,24.3700008392334,24.3700008392334,17.77073097229004,183700,RZA
2013-10-21,24.59000015258789,24.700000762939453,24.510000228881836,24.65999984741211,17.98219871520996,16400,RZA
2013-10-22,24.770000457763672,24.8799991607666,24.760000228881836,24.809999465942383,18.09157943725586,9700,RZA
2013-10-23,24.8799991607666,24.8799991607666,24.719999313354492,24.760000228881836,18.05512046813965,513400,RZA
2013-10-24,24.75,24.75,24.6200008392334,24.670000076293945,17.989486694335938,24700,RZA
2013-10-25,24.799999237060547,24.799999237060547,24.56999969482422,24.729999542236328,18.03324317932129,16200,RZA
2013-10-28,24.770000457763672,24.799999237060547,24.6299991607666,24.719999313354492,18.02594757080078,17700,RZA
2013-10-29,24.760000228881836,24.899999618530273,24.600000381469727,24.809999465942383,18.09157943725586,104600,RZA
2013-10-30,24.850000381469727,24.979999542236328,24.780000686645508,24.950000762939453,18.19366455078125,64000,RZA
2013-10-31,24.959999084472656,24.959999084472656,24.8700008392334,24.90999984741211,18.164499282836914,13400,RZA
2013-11-01,24.940000534057617,24.940000534057617,24.809999465942383,24.860000610351562,18.128034591674805,8400,RZA
2013-11-04,24.790000915527344,24.90999984741211,24.790000915527344,24.81999969482422,18.09886932373047,13700,RZA
2013-11-05,24.770000457763672,24.920000076293945,24.770000457763672,24.829999923706055,18.106163024902344,16000,RZA
2013-11-06,24.889999389648438,24.920000076293945,24.850000381469727,24.8700008392334,18.135330200195312,13200,RZA
2013-11-07,24.93000030517578,24.93000030517578,24.809999465942383,24.850000381469727,18.120744705200195,6500,RZA
2013-11-08,24.760000228881836,24.850000381469727,24.68000030517578,24.799999237060547,18.084285736083984,85900,RZA
2013-11-11,24.799999237060547,24.8799991607666,24.729999542236328,24.81999969482422,18.09886932373047,18600,RZA
2013-11-12,24.84000015258789,24.860000610351562,24.790000915527344,24.850000381469727,18.120744705200195,24500,RZA
2013-11-13,24.84000015258789,24.920000076293945,24.770000457763672,24.860000610351562,18.128034591674805,29600,RZA
2013-11-14,24.809999465942383,24.969999313354492,24.809999465942383,24.959999084472656,18.200960159301758,12400,RZA
2013-11-15,24.920000076293945,25.030000686645508,24.920000076293945,24.989999771118164,18.22283172607422,11900,RZA
2013-11-18,25.09000015258789,25.229999542236328,25.030000686645508,25.1299991607666,18.324922561645508,7000,RZA
2013-11-19,25.209999084472656,25.239999771118164,25.06999969482422,25.1299991607666,18.324922561645508,18600,RZA
2013-11-20,25.18000030517578,25.209999084472656,24.969999313354492,25.0,18.230127334594727,20500,RZA
2013-11-21,25.06999969482422,25.1200008392334,24.93000030517578,25.049999237060547,18.266584396362305,11100,RZA
2013-11-22,24.969999313354492,25.309999465942383,24.969999313354492,25.299999237060547,18.448888778686523,21400,RZA
2013-11-25,25.299999237060547,25.399999618530273,25.299999237060547,25.34000015258789,18.478055953979492,17500,RZA
2013-11-26,25.020000457763672,25.239999771118164,25.010000228881836,25.239999771118164,18.69133186340332,8800,RZA
2013-11-27,25.229999542236328,25.260000228881836,25.059999465942383,25.100000381469727,18.587657928466797,13000,RZA
2013-11-29,25.239999771118164,25.239999771118164,25.040000915527344,25.06999969482422,18.565439224243164,3100,RZA
2013-12-02,25.020000457763672,25.06999969482422,24.940000534057617,24.989999771118164,18.50619888305664,7400,RZA
2013-12-03,25.059999465942383,25.09000015258789,24.93000030517578,25.020000457763672,18.52841567993164,23000,RZA
2013-12-04,24.940000534057617,25.040000915527344,24.84000015258789,24.989999771118164,18.50619888305664,16500,RZA
2013-12-05,24.989999771118164,24.989999771118164,24.799999237060547,24.969999313354492,18.49138832092285,30700,RZA
2013-12-06,25.020000457763672,25.079999923706055,24.969999313354492,25.020000457763672,18.52841567993164,11400,RZA
2013-12-09,24.989999771118164,25.200000762939453,24.850000381469727,25.100000381469727,18.587657928466797,11000,RZA
2013-12-10,24.969999313354492,25.15999984741211,24.969999313354492,25.110000610351562,18.595064163208008,22200,RZA
2013-12-11,25.020000457763672,25.18000030517578,25.020000457763672,25.079999923706055,18.572847366333008,30500,RZA
2013-12-12,25.059999465942383,25.200000762939453,25.0,25.149999618530273,18.62468147277832,28100,RZA
2013-12-13,25.100000381469727,25.450000762939453,25.100000381469727,25.450000762939453,18.84684944152832,44600,RZA
2013-12-16,25.34000015258789,25.34000015258789,25.149999618530273,25.15999984741211,18.63209342956543,21700,RZA
2013-12-17,25.15999984741211,25.31999969482422,25.15999984741211,25.190000534057617,18.65430450439453,29200,RZA
2013-12-18,25.239999771118164,25.360000610351562,25.010000228881836,25.18000030517578,18.646902084350586,25000,RZA
2013-12-19,25.1299991607666,25.18000030517578,24.950000762939453,24.969999313354492,18.49138832092285,28400,RZA
2013-12-20,25.010000228881836,25.09000015258789,24.809999465942383,24.809999465942383,18.372901916503906,19000,RZA
2013-12-23,24.860000610351562,24.889999389648438,24.40999984741211,24.479999542236328,18.128524780273438,35900,RZA
2013-12-24,24.40999984741211,24.510000228881836,24.350000381469727,24.360000610351562,18.03965950012207,16100,RZA
2013-12-26,24.31999969482422,24.469999313354492,24.200000762939453,24.239999771118164,17.950786590576172,21300,RZA
2013-12-27,24.139999389648438,24.389999389648438,24.139999389648438,24.200000762939453,17.921165466308594,19000,RZA
2013-12-30,24.209999084472656,24.209999084472656,23.950000762939453,23.950000762939453,17.73602867126465,22600,RZA
2013-12-31,24.100000381469727,24.3799991607666,23.799999237060547,24.270000457763672,17.973007202148438,27700,RZA
2014-01-02,24.209999084472656,24.479999542236328,24.200000762939453,24.360000610351562,18.03965950012207,13400,RZA
2014-01-03,24.360000610351562,24.56999969482422,24.34000015258789,24.559999465942383,18.187763214111328,9900,RZA
2014-01-06,24.510000228881836,25.200000762939453,24.510000228881836,25.079999923706055,18.572847366333008,65900,RZA
2014-01-07,25.110000610351562,25.329999923706055,25.110000610351562,25.15999984741211,18.63209342956543,60700,RZA
2014-01-08,25.1299991607666,25.229999542236328,24.950000762939453,25.059999465942383,18.55803680419922,50300,RZA
2014-01-09,25.15999984741211,25.299999237060547,25.079999923706055,25.200000762939453,18.661710739135742,18900,RZA
2014-01-10,25.239999771118164,25.399999618530273,25.219999313354492,25.270000457763672,18.71354866027832,409300,RZA
2014-01-13,25.260000228881836,25.420000076293945,25.260000228881836,25.31999969482422,18.75057601928711,23100,RZA
2014-01-14,25.43000030517578,25.670000076293945,25.309999465942383,25.610000610351562,18.9653377532959,31000,RZA
2014-01-15,25.670000076293945,25.8799991607666,25.600000381469727,25.760000228881836,19.076419830322266,44600,RZA
2014-01-16,25.780000686645508,25.979999542236328,25.780000686645508,25.90999984741211,19.1875,84000,RZA
2014-01-17,25.989999771118164,25.989999771118164,25.68000030517578,25.68000030517578,19.01717185974121,74100,RZA
2014-01-21,25.780000686645508,25.780000686645508,25.299999237060547,25.299999237060547,18.73576545715332,37400,RZA
2014-01-22,25.450000762939453,25.559999465942383,25.34000015258789,25.420000076293945,18.824630737304688,17300,RZA
2014-01-23,25.479999542236328,25.479999542236328,25.25,25.329999923706055,18.757984161376953,31600,RZA
2014-01-24,25.25,25.3799991607666,25.200000762939453,25.3799991607666,18.795011520385742,27800,RZA
2014-01-27,25.31999969482422,25.520000457763672,25.31999969482422,25.520000457763672,18.898685455322266,20200,RZA
2014-01-28,25.540000915527344,25.690000534057617,25.389999389648438,25.670000076293945,19.0097713470459,21200,RZA
2014-01-29,25.700000762939453,25.700000762939453,25.459999084472656,25.5,18.88387680053711,33800,RZA
2014-01-30,25.540000915527344,25.639999389648438,25.420000076293945,25.489999771118164,18.876468658447266,30400,RZA
2014-01-31,25.479999542236328,25.5,25.329999923706055,25.329999923706055,18.757984161376953,117900,RZA
2014-02-03,25.43000030517578,25.43000030517578,25.0,25.0,18.51360511779785,28700,RZA
2014-02-04,25.15999984741211,25.170000076293945,25.010000228881836,25.149999618530273,18.62468147277832,668000,RZA
2014-02-05,25.170000076293945,25.18000030517578,25.059999465942383,25.1200008392334,18.60247230529785,61300,RZA
2014-02-06,25.149999618530273,25.229999542236328,25.1200008392334,25.200000762939453,18.661710739135742,31400,RZA
2014-02-07,25.229999542236328,25.309999465942383,25.149999618530273,25.18000030517578,18.646902084350586,103100,RZA
2014-02-10,25.149999618530273,25.450000762939453,25.149999618530273,25.40999984741211,18.817224502563477,53300,RZA
2014-02-11,25.489999771118164,25.5,25.40999984741211,25.440000534057617,18.83944320678711,17600,RZA
2014-02-12,25.5,25.520000457763672,25.40999984741211,25.420000076293945,18.824630737304688,31900,RZA
2014-02-13,25.350000381469727,25.68000030517578,25.350000381469727,25.540000915527344,18.913494110107422,29700,RZA
2014-02-14,25.610000610351562,25.829999923706055,25.56999969482422,25.610000610351562,18.9653377532959,26200,RZA
2014-02-18,25.700000762939453,25.920000076293945,25.700000762939453,25.770000457763672,19.08382225036621,34700,RZA
2014-02-19,25.809999465942383,26.15999984741211,25.75,25.950000762939453,19.21712303161621,119300,RZA
2014-02-20,25.899999618530273,25.959999084472656,25.770000457763672,25.860000610351562,19.150470733642578,15800,RZA
2014-02-21,25.8799991607666,26.1299991607666,25.8799991607666,25.950000762939453,19.21712303161621,21300,RZA
2014-02-24,26.030000686645508,26.200000762939453,25.8799991607666,25.969999313354492,19.2319278717041,123600,RZA
2014-02-25,26.100000381469727,26.200000762939453,26.040000915527344,26.200000762939453,19.402254104614258,19300,RZA
2014-02-26,26.040000915527344,26.059999465942383,25.780000686645508,25.799999237060547,19.39323616027832,36500,RZA
2014-02-27,25.93000030517578,25.93000030517578,25.809999465942383,25.84000015258789,19.42330551147461,59200,RZA
2014-02-28,25.899999618530273,26.0,25.829999923706055,25.84000015258789,19.42330551147461,77600,RZA
2014-03-03,25.940000534057617,25.940000534057617,25.790000915527344,25.899999618530273,19.468402862548828,24900,RZA
2014-03-04,26.049999237060547,26.059999465942383,25.8799991607666,25.93000030517578,19.49095344543457,23600,RZA
2014-03-05,26.049999237060547,26.049999237060547,25.739999771118164,25.8799991607666,19.453371047973633,20200,RZA
2014-03-06,25.940000534057617,26.0,25.68000030517578,25.84000015258789,19.42330551147461,55400,RZA
2014-03-07,25.969999313354492,25.969999313354492,25.780000686645508,25.799999237060547,19.39323616027832,26500,RZA
2014-03-10,25.670000076293945,25.889999389648438,25.670000076293945,25.760000228881836,19.363168716430664,11400,RZA
2014-03-11,25.770000457763672,25.799999237060547,25.670000076293945,25.780000686645508,19.378204345703125,21500,RZA
2014-03-12,25.690000534057617,25.850000381469727,25.690000534057617,25.799999237060547,19.39323616027832,21100,RZA
2014-03-13,25.799999237060547,25.850000381469727,25.770000457763672,25.799999237060547,19.39323616027832,56000,RZA
2014-03-14,25.799999237060547,25.799999237060547,25.760000228881836,25.799999237060547,19.39323616027832,42400,RZA
2014-03-17,25.799999237060547,25.950000762939453,25.790000915527344,25.889999389648438,19.460886001586914,93400,RZA
2014-03-18,26.06999969482422,26.110000610351562,25.920000076293945,25.940000534057617,19.498470306396484,26900,RZA
2014-03-19,25.979999542236328,26.1200008392334,25.950000762939453,26.06999969482422,19.596189498901367,21800,RZA
2014-03-20,26.079999923706055,26.309999465942383,26.059999465942383,26.200000762939453,19.693906784057617,41700,RZA
2014-03-21,26.389999389648438,26.389999389648438,26.110000610351562,26.110000610351562,19.62625503540039,32100,RZA
2014-03-24,26.149999618530273,26.15999984741211,26.040000915527344,26.09000015258789,19.611221313476562,62700,RZA
2014-03-25,26.219999313354492,26.219999313354492,26.110000610351562,26.139999389648438,19.6488094329834,46700,RZA
2014-03-26,26.270000457763672,26.40999984741211,26.149999618530273,26.190000534057617,19.686391830444336,114400,RZA
2014-03-27,26.309999465942383,26.469999313354492,26.270000457763672,26.43000030517578,19.866790771484375,42600,RZA
2014-03-28,26.469999313354492,26.639999389648438,26.420000076293945,26.559999465942383,19.964509963989258,18700,RZA
2014-03-31,26.6200008392334,26.649999618530273,26.489999771118164,26.489999771118164,19.911893844604492,34600,RZA
2014-04-01,26.6200008392334,26.6200008392334,26.489999771118164,26.56999969482422,19.972021102905273,46700,RZA
2014-04-02,26.6299991607666,26.649999618530273,26.489999771118164,26.540000915527344,19.949478149414062,19400,RZA
2014-04-03,26.6200008392334,26.6200008392334,26.3700008392334,26.440000534057617,19.874309539794922,75000,RZA
2014-04-04,26.440000534057617,26.649999618530273,26.40999984741211,26.5,19.919404983520508,26900,RZA
2014-04-07,26.559999465942383,26.559999465942383,26.399999618530273,26.489999771118164,19.911893844604492,25700,RZA
2014-04-08,26.510000228881836,26.549999237060547,26.389999389648438,26.420000076293945,19.859275817871094,32300,RZA
2014-04-09,26.530000686645508,26.59000015258789,26.440000534057617,26.440000534057617,19.874309539794922,58900,RZA
2014-04-10,26.360000610351562,26.520000457763672,26.350000381469727,26.440000534057617,19.874309539794922,23200,RZA
2014-04-11,26.469999313354492,26.56999969482422,26.459999084472656,26.56999969482422,19.972021102905273,18600,RZA
2014-04-14,26.65999984741211,26.790000915527344,26.5,26.6200008392334,20.009611129760742,25900,RZA
2014-04-15,26.6299991607666,26.84000015258789,26.530000686645508,26.59000015258789,19.987060546875,29100,RZA
2014-04-16,26.729999542236328,26.90999984741211,26.6200008392334,26.670000076293945,20.04719352722168,31500,RZA
2014-04-17,26.649999618530273,26.799999237060547,26.549999237060547,26.549999237060547,19.956995010375977,50800,RZA
2014-04-21,26.670000076293945,26.850000381469727,26.649999618530273,26.770000457763672,20.12236213684082,19600,RZA
2014-04-22,26.81999969482422,26.969999313354492,26.709999084472656,26.8799991607666,20.20504379272461,98800,RZA
2014-04-23,26.959999084472656,26.959999084472656,26.920000076293945,26.940000534057617,20.250146865844727,13100,RZA
2014-04-24,26.899999618530273,26.959999084472656,26.850000381469727,26.920000076293945,20.2351131439209,32300,RZA
2014-04-25,26.950000762939453,26.950000762939453,26.75,26.93000030517578,20.242630004882812,85800,RZA
2014-04-28,26.93000030517578,26.93000030517578,26.860000610351562,26.889999389648438,20.212560653686523,35400,RZA
2014-04-29,26.93000030517578,27.079999923706055,26.920000076293945,26.93000030517578,20.242630004882812,54100,RZA
2014-04-30,27.06999969482422,27.100000381469727,26.860000610351562,27.100000381469727,20.370412826538086,25900,RZA
2014-05-01,27.100000381469727,27.149999618530273,27.0,27.149999618530273,20.407997131347656,16600,RZA
2014-05-02,27.079999923706055,27.350000381469727,27.040000915527344,27.25,20.483165740966797,27000,RZA
2014-05-05,27.190000534057617,27.440000534057617,27.190000534057617,27.3700008392334,20.573368072509766,28900,RZA
2014-05-06,27.450000762939453,27.450000762939453,27.34000015258789,27.3700008392334,20.573368072509766,17700,RZA
2014-05-07,27.43000030517578,27.43000030517578,27.15999984741211,27.15999984741211,20.41551399230957,76700,RZA
2014-05-08,27.15999984741211,27.190000534057617,26.969999313354492,26.969999313354492,20.272701263427734,31000,RZA
2014-05-09,26.969999313354492,27.09000015258789,26.959999084472656,26.989999771118164,20.287731170654297,19900,RZA
2014-05-12,27.030000686645508,27.059999465942383,26.940000534057617,26.979999542236328,20.280214309692383,22300,RZA
2014-05-13,27.040000915527344,27.100000381469727,26.799999237060547,26.860000610351562,20.19001579284668,29800,RZA
2014-05-14,26.93000030517578,26.93000030517578,26.790000915527344,26.790000915527344,20.13739585876465,18000,RZA
2014-05-15,26.81999969482422,26.81999969482422,26.68000030517578,26.75,20.107330322265625,20700,RZA
2014-05-16,26.709999084472656,26.770000457763672,26.600000381469727,26.670000076293945,20.04719352722168,52800,RZA
2014-05-19,26.719999313354492,26.81999969482422,26.670000076293945,26.799999237060547,20.144912719726562,24800,RZA
2014-05-20,26.75,26.959999084472656,26.75,26.90999984741211,20.227596282958984,22800,RZA
2014-05-21,26.8799991607666,27.049999237060547,26.760000228881836,26.799999237060547,20.144912719726562,61900,RZA
2014-05-22,26.75,26.81999969482422,26.610000610351562,26.65999984741211,20.0396785736084,94500,RZA
2014-05-23,26.719999313354492,26.75,26.6200008392334,26.75,20.107330322265625,48500,RZA
2014-05-27,26.690000534057617,26.799999237060547,26.690000534057617,26.739999771118164,20.099809646606445,143900,RZA
2014-05-28,26.43000030517578,26.540000915527344,26.399999618530273,26.489999771118164,20.20507049560547,27200,RZA
2014-05-29,26.450000762939453,26.719999313354492,26.440000534057617,26.649999618530273,20.327104568481445,28600,RZA
2014-05-30,25.309999465942383,26.81999969482422,25.309999465942383,26.809999465942383,20.44914436340332,69500,RZA
2014-06-02,26.739999771118164,26.860000610351562,26.739999771118164,26.81999969482422,20.456777572631836,15200,RZA
2014-06-03,26.8700008392334,26.90999984741211,26.639999389648438,26.649999618530273,20.327104568481445,27200,RZA
2014-06-04,26.690000534057617,26.690000534057617,25.920000076293945,26.540000915527344,20.243209838867188,42300,RZA
2014-06-05,26.68000030517578,27.09000015258789,26.399999618530273,26.860000610351562,20.487285614013672,20100,RZA
2014-06-06,26.969999313354492,26.969999313354492,26.780000686645508,26.81999969482422,20.456777572631836,9300,RZA
2014-06-09,26.700000762939453,27.049999237060547,26.700000762939453,26.969999313354492,20.57118797302246,29700,RZA
2014-06-10,27.020000457763672,27.059999465942383,26.75,26.899999618530273,20.517797470092773,18200,RZA
2014-06-11,26.959999084472656,27.059999465942383,26.829999923706055,27.0,20.594066619873047,22500,RZA
2014-06-12,27.1299991607666,27.229999542236328,26.959999084472656,27.229999542236328,20.769498825073242,18900,RZA
2014-06-13,27.149999618530273,27.260000228881836,27.100000381469727,27.260000228881836,20.79238510131836,11500,RZA
2014-06-16,27.25,27.3799991607666,27.229999542236328,27.309999465942383,20.83051872253418,15700,RZA
2014-06-17,27.239999771118164,27.510000228881836,27.229999542236328,27.510000228881836,20.983070373535156,25200,RZA
2014-06-18,27.450000762939453,27.65999984741211,27.450000762939453,27.549999237060547,21.013572692871094,25500,RZA
2014-06-19,27.459999084472656,27.760000228881836,27.43000030517578,27.649999618530273,21.089853286743164,22000,RZA
2014-06-20,27.6200008392334,27.850000381469727,27.559999465942383,27.780000686645508,21.189010620117188,14300,RZA
2014-06-23,27.90999984741211,27.90999984741211,27.68000030517578,27.799999237060547,21.204259872436523,19100,RZA
2014-06-24,27.81999969482422,27.81999969482422,27.65999984741211,27.729999542236328,21.1508731842041,18400,RZA
2014-06-25,27.799999237060547,27.90999984741211,27.739999771118164,27.739999771118164,21.15850067138672,14600,RZA
2014-06-26,27.729999542236328,27.829999923706055,27.729999542236328,27.81999969482422,21.219518661499023,18300,RZA
2014-06-27,27.8799991607666,27.889999389648438,27.700000762939453,27.790000915527344,21.19663429260254,74100,RZA
2014-06-30,27.90999984741211,27.93000030517578,27.440000534057617,27.440000534057617,20.92967414855957,23400,RZA
2014-07-01,27.40999984741211,27.809999465942383,27.40999984741211,27.739999771118164,21.15850067138672,28200,RZA
2014-07-02,27.690000534057617,27.84000015258789,27.579999923706055,27.700000762939453,21.12799072265625,15100,RZA
2014-07-03,27.600000381469727,27.600000381469727,27.489999771118164,27.549999237060547,21.013572692871094,9800,RZA
2014-07-07,27.40999984741211,27.81999969482422,27.40999984741211,27.5,20.975440979003906,14900,RZA
2014-07-08,27.459999084472656,27.700000762939453,27.459999084472656,27.540000915527344,21.005949020385742,24300,RZA
2014-07-09,27.649999618530273,27.700000762939453,27.56999969482422,27.6200008392334,21.066970825195312,13100,RZA
2014-07-10,27.510000228881836,27.690000534057617,27.510000228881836,27.600000381469727,21.051715850830078,11100,RZA
2014-07-11,27.559999465942383,27.770000457763672,27.559999465942383,27.639999389648438,21.08222198486328,34500,RZA
2014-07-14,27.790000915527344,27.790000915527344,27.530000686645508,27.559999465942383,21.021203994750977,26500,RZA
2014-07-15,27.68000030517578,27.68000030517578,27.510000228881836,27.610000610351562,21.059341430664062,14800,RZA
2014-07-16,27.639999389648438,27.799999237060547,27.579999923706055,27.719999313354492,21.14324378967285,11100,RZA
2014-07-17,27.610000610351562,27.84000015258789,27.510000228881836,27.530000686645508,20.998323440551758,37600,RZA
2014-07-18,27.68000030517578,27.760000228881836,27.40999984741211,27.760000228881836,21.173749923706055,25200,RZA
2014-07-21,27.719999313354492,27.809999465942383,27.510000228881836,27.709999084472656,21.1356143951416,18700,RZA
2014-07-22,27.84000015258789,27.84000015258789,27.59000015258789,27.649999618530273,21.089853286743164,17100,RZA
2014-07-23,27.729999542236328,27.84000015258789,27.6299991607666,27.739999771118164,21.15850067138672,15700,RZA
2014-07-24,27.690000534057617,27.850000381469727,27.600000381469727,27.700000762939453,21.12799072265625,16900,RZA
2014-07-25,27.75,27.75,27.600000381469727,27.649999618530273,21.089853286743164,12100,RZA
2014-07-28,27.6200008392334,27.729999542236328,27.6200008392334,27.690000534057617,21.120363235473633,13900,RZA
2014-07-29,27.719999313354492,27.729999542236328,27.600000381469727,27.65999984741211,21.09747886657715,37900,RZA
2014-07-30,27.6200008392334,27.719999313354492,27.520000457763672,27.520000457763672,20.990694046020508,51600,RZA
2014-07-31,27.309999465942383,27.450000762939453,27.049999237060547,27.100000381469727,20.67034149169922,23000,RZA
2014-08-01,27.0,27.270000457763672,26.65999984741211,26.889999389648438,20.510164260864258,21500,RZA
2014-08-04,26.84000015258789,26.969999313354492,26.469999313354492,26.75,20.40338706970215,15500,RZA
2014-08-05,26.75,26.860000610351562,26.670000076293945,26.670000076293945,20.342363357543945,20500,RZA
2014-08-06,26.649999618530273,26.81999969482422,26.649999618530273,26.670000076293945,20.342363357543945,45900,RZA
2014-08-07,26.59000015258789,27.219999313354492,26.579999923706055,27.149999618530273,20.708478927612305,22200,RZA
2014-08-08,27.110000610351562,27.200000762939453,27.030000686645508,27.100000381469727,20.67034149169922,4700,RZA
2014-08-11,27.1200008392334,27.1200008392334,27.0,27.049999237060547,20.6322021484375,26700,RZA
2014-08-12,27.0,27.100000381469727,26.90999984741211,27.049999237060547,20.6322021484375,9400,RZA
2014-08-13,27.040000915527344,27.280000686645508,27.040000915527344,27.280000686645508,20.807640075683594,12000,RZA
2014-08-14,27.239999771118164,27.6299991607666,27.239999771118164,27.459999084472656,20.944929122924805,24400,RZA
2014-08-15,27.40999984741211,27.43000030517578,27.260000228881836,27.420000076293945,20.914419174194336,67800,RZA
2014-08-18,27.59000015258789,27.690000534057617,27.329999923706055,27.469999313354492,20.952558517456055,28200,RZA
2014-08-19,27.549999237060547,27.549999237060547,27.3700008392334,27.479999542236328,20.96018409729004,18300,RZA
2014-08-20,27.469999313354492,27.469999313354492,27.43000030517578,27.440000534057617,20.92967414855957,11800,RZA
2014-08-21,27.469999313354492,27.469999313354492,27.329999923706055,27.3700008392334,20.87628746032715,15400,RZA
2014-08-22,27.40999984741211,27.40999984741211,27.260000228881836,27.299999237060547,20.822891235351562,18600,RZA
2014-08-25,27.290000915527344,27.459999084472656,27.290000915527344,27.40999984741211,20.906795501708984,15400,RZA
2014-08-26,27.360000610351562,27.459999084472656,27.31999969482422,27.350000381469727,20.86102867126465,40200,RZA
2014-08-27,27.100000381469727,27.149999618530273,26.729999542236328,26.989999771118164,20.8826904296875,12500,RZA
2014-08-28,27.0,27.010000228881836,26.860000610351562,26.860000610351562,20.782114028930664,49200,RZA
2014-08-29,26.829999923706055,26.860000610351562,26.670000076293945,26.790000915527344,20.727947235107422,14700,RZA
2014-09-02,26.8799991607666,26.8799991607666,26.610000610351562,26.799999237060547,20.735685348510742,15000,RZA
2014-09-03,26.850000381469727,27.100000381469727,26.700000762939453,26.760000228881836,20.704736709594727,14100,RZA
2014-09-04,26.670000076293945,26.770000457763672,26.329999923706055,26.3799991607666,20.41072654724121,23400,RZA
2014-09-05,26.479999542236328,26.479999542236328,26.1200008392334,26.3700008392334,20.40298843383789,32900,RZA
2014-09-08,26.329999923706055,26.709999084472656,26.329999923706055,26.360000610351562,20.39525032043457,18000,RZA
2014-09-09,26.360000610351562,26.549999237060547,26.139999389648438,26.34000015258789,20.37977409362793,19200,RZA
2014-09-10,26.260000228881836,26.350000381469727,26.170000076293945,26.31999969482422,20.36429786682129,15000,RZA
2014-09-11,26.190000534057617,26.530000686645508,26.18000030517578,26.299999237060547,20.34882354736328,9700,RZA
2014-09-12,26.270000457763672,26.34000015258789,26.209999084472656,26.31999969482422,20.36429786682129,13100,RZA
2014-09-15,26.459999084472656,26.59000015258789,26.299999237060547,26.549999237060547,20.54225730895996,16100,RZA
2014-09-16,26.5,26.799999237060547,26.5,26.770000457763672,20.71247100830078,17500,RZA
2014-09-17,26.889999389648438,27.09000015258789,26.8700008392334,27.0,20.890426635742188,15100,RZA
2014-09-18,26.899999618530273,27.229999542236328,26.899999618530273,27.1200008392334,20.983274459838867,9800,RZA
2014-09-19,27.1200008392334,27.299999237060547,27.1200008392334,27.219999313354492,21.060649871826172,5800,RZA
2014-09-22,27.18000030517578,27.290000915527344,27.100000381469727,27.270000457763672,21.099336624145508,16000,RZA
2014-09-23,27.25,27.559999465942383,27.209999084472656,27.31999969482422,21.138017654418945,27100,RZA
2014-09-24,27.309999465942383,27.559999465942383,27.309999465942383,27.459999084472656,21.2463436126709,24100,RZA
2014-09-25,27.459999084472656,27.510000228881836,27.309999465942383,27.450000762939453,21.238605499267578,12600,RZA
2014-09-26,27.350000381469727,27.489999771118164,27.329999923706055,27.489999771118164,21.26955223083496,7500,RZA
2014-09-29,27.389999389648438,27.549999237060547,27.389999389648438,27.440000534057617,21.230865478515625,22400,RZA
2014-09-30,27.440000534057617,27.6299991607666,27.43000030517578,27.510000228881836,21.2850284576416,22700,RZA
2014-10-01,27.549999237060547,27.600000381469727,27.270000457763672,27.350000381469727,21.16122817993164,15400,RZA
2014-10-02,27.299999237060547,27.350000381469727,27.110000610351562,27.1299991607666,20.991012573242188,17800,RZA
2014-10-03,27.1299991607666,27.3799991607666,27.1200008392334,27.190000534057617,21.037433624267578,11500,RZA
2014-10-06,27.1299991607666,27.440000534057617,27.1299991607666,27.170000076293945,21.021961212158203,14000,RZA
2014-10-07,27.1200008392334,27.290000915527344,27.100000381469727,27.149999618530273,21.00649070739746,8100,RZA
2014-10-08,27.1299991607666,27.600000381469727,27.1299991607666,27.559999465942383,21.323711395263672,7800,RZA
2014-10-09,27.559999465942383,27.559999465942383,27.100000381469727,27.100000381469727,20.967802047729492,52600,RZA
2014-10-10,27.100000381469727,27.700000762939453,26.829999923706055,27.0,20.890426635742188,37600,RZA
2014-10-13,26.93000030517578,27.010000228881836,26.770000457763672,26.809999465942383,20.743423461914062,25900,RZA
2014-10-14,26.780000686645508,27.010000228881836,26.780000686645508,27.010000228881836,20.898168563842773,13500,RZA
2014-10-15,26.979999542236328,27.309999465942383,26.75,27.309999465942383,21.130281448364258,14000,RZA
2014-10-16,27.219999313354492,27.40999984741211,27.030000686645508,27.40999984741211,21.207656860351562,13700,RZA
2014-10-17,27.530000686645508,27.690000534057617,27.399999618530273,27.399999618530273,21.19991683959961,36500,RZA
2014-10-20,27.3700008392334,27.450000762939453,27.219999313354492,27.399999618530273,21.19991683959961,17100,RZA
2014-10-21,27.329999923706055,27.600000381469727,27.200000762939453,27.209999084472656,21.052913665771484,26200,RZA
2014-10-22,27.34000015258789,27.5,26.969999313354492,27.360000610351562,21.168968200683594,20800,RZA
2014-10-23,27.520000457763672,27.649999618530273,27.479999542236328,27.510000228881836,21.2850284576416,15700,RZA
2014-10-24,27.479999542236328,27.670000076293945,27.479999542236328,27.579999923706055,21.339189529418945,13600,RZA
2014-10-27,27.670000076293945,27.729999542236328,27.43000030517578,27.530000686645508,21.300498962402344,29600,RZA
2014-10-28,27.65999984741211,27.65999984741211,27.450000762939453,27.540000915527344,21.308238983154297,18700,RZA
2014-10-29,27.43000030517578,27.610000610351562,27.43000030517578,27.559999465942383,21.323711395263672,18100,RZA
2014-10-30,27.440000534057617,27.65999984741211,27.440000534057617,27.600000381469727,21.354665756225586,17100,RZA
2014-10-31,27.649999618530273,27.93000030517578,27.610000610351562,27.93000030517578,21.609989166259766,38900,RZA
2014-11-03,27.860000610351562,28.15999984741211,27.799999237060547,28.1299991607666,21.764734268188477,19700,RZA
2014-11-04,28.15999984741211,28.399999618530273,27.979999542236328,28.329999923706055,21.919479370117188,23700,RZA
2014-11-05,28.31999969482422,28.31999969482422,28.010000228881836,28.170000076293945,21.795684814453125,22600,RZA
2014-11-06,28.18000030517578,28.18000030517578,27.829999923706055,27.8700008392334,21.56356430053711,45300,RZA
2014-11-07,27.829999923706055,27.93000030517578,27.770000457763672,27.899999618530273,21.58677864074707,18700,RZA
2014-11-10,27.950000762939453,28.18000030517578,27.889999389648438,27.969999313354492,21.640939712524414,23500,RZA
2014-11-11,28.06999969482422,28.219999313354492,27.899999618530273,28.049999237060547,21.702838897705078,17800,RZA
2014-11-12,28.1299991607666,28.350000381469727,28.1299991607666,28.209999084472656,21.826627731323242,19300,RZA
2014-11-13,28.149999618530273,28.299999237060547,28.149999618530273,28.270000457763672,21.873056411743164,17900,RZA
2014-11-14,28.170000076293945,28.3799991607666,28.170000076293945,28.360000610351562,21.942686080932617,24200,RZA
2014-11-17,28.459999084472656,28.469999313354492,28.34000015258789,28.440000534057617,22.004587173461914,26500,RZA
2014-11-18,28.530000686645508,28.530000686645508,28.34000015258789,28.43000030517578,21.996849060058594,28600,RZA
2014-11-19,28.489999771118164,28.559999465942383,28.389999389648438,28.440000534057617,22.004587173461914,26400,RZA
2014-11-20,28.520000457763672,28.540000915527344,28.420000076293945,28.440000534057617,22.004587173461914,13800,RZA
2014-11-21,28.579999923706055,28.600000381469727,28.350000381469727,28.389999389648438,21.965900421142578,25400,RZA
2014-11-24,28.5,28.520000457763672,28.190000534057617,28.360000610351562,21.942686080932617,43500,RZA
2014-11-25,28.469999313354492,28.469999313354492,28.170000076293945,28.3799991607666,21.958162307739258,29700,RZA
2014-11-26,28.139999389648438,28.229999542236328,27.899999618530273,28.190000534057617,22.113481521606445,32200,RZA
2014-11-28,28.200000762939453,28.200000762939453,28.059999465942383,28.200000762939453,22.121328353881836,11600,RZA
2014-12-01,28.229999542236328,28.229999542236328,28.020000457763672,28.09000015258789,22.035037994384766,13400,RZA
2014-12-02,28.1299991607666,28.229999542236328,28.030000686645508,28.190000534057617,22.113481521606445,12000,RZA
2014-12-03,28.309999465942383,28.309999465942383,28.010000228881836,28.030000686645508,21.987974166870117,17000,RZA
2014-12-04,27.93000030517578,28.079999923706055,27.6299991607666,27.68000030517578,21.713415145874023,18900,RZA
2014-12-05,27.850000381469727,28.09000015258789,27.770000457763672,28.0,21.96443748474121,12900,RZA
2014-12-08,27.989999771118164,28.15999984741211,27.889999389648438,27.93000030517578,21.909528732299805,16400,RZA
2014-12-09,27.790000915527344,28.0,27.790000915527344,27.920000076293945,21.901681900024414,16000,RZA
2014-12-10,27.90999984741211,28.1299991607666,27.729999542236328,27.899999618530273,21.885995864868164,13200,RZA
2014-12-11,27.860000610351562,28.030000686645508,27.719999313354492,27.719999313354492,21.744796752929688,11400,RZA
2014-12-12,27.799999237060547,27.799999237060547,27.200000762939453,27.299999237060547,21.415327072143555,18100,RZA
2014-12-15,27.329999923706055,27.450000762939453,27.020000457763672,27.190000534057617,21.329038619995117,26300,RZA
2014-12-16,27.260000228881836,27.639999389648438,27.079999923706055,27.25,21.376110076904297,26000,RZA
2014-12-17,27.100000381469727,27.479999542236328,27.100000381469727,27.440000534057617,21.525148391723633,16900,RZA
2014-12-18,27.729999542236328,27.959999084472656,27.530000686645508,27.809999465942383,21.81539535522461,28500,RZA
2014-12-19,27.8799991607666,28.1299991607666,27.75,28.0,21.96443748474121,18200,RZA
2014-12-22,27.989999771118164,28.1299991607666,27.8700008392334,28.059999465942383,22.011507034301758,18400,RZA
2014-12-23,28.149999618530273,28.260000228881836,28.0,28.040000915527344,21.99581527709961,26200,RZA
2014-12-24,28.149999618530273,28.149999618530273,27.799999237060547,27.8799991607666,21.870302200317383,11300,RZA
2014-12-26,28.030000686645508,28.25,27.959999084472656,28.059999465942383,22.011507034301758,8000,RZA
2014-12-29,28.170000076293945,28.18000030517578,28.06999969482422,28.079999923706055,22.02719497680664,18200,RZA
2014-12-30,28.15999984741211,28.280000686645508,28.079999923706055,28.149999618530273,22.08210563659668,17800,RZA
2014-12-31,28.329999923706055,28.329999923706055,27.760000228881836,27.760000228881836,21.776172637939453,22800,RZA
2015-01-02,28.040000915527344,28.260000228881836,27.940000534057617,28.15999984741211,22.089948654174805,25900,RZA
2015-01-05,28.020000457763672,28.299999237060547,27.8799991607666,28.1200008392334,22.058574676513672,10800,RZA
2015-01-06,28.280000686645508,28.280000686645508,28.100000381469727,28.1200008392334,22.058574676513672,19600,RZA
2015-01-07,28.209999084472656,28.350000381469727,28.1299991607666,28.219999313354492,22.13701629638672,55500,RZA
2015-01-08,28.34000015258789,28.559999465942383,28.270000457763672,28.40999984741211,22.286062240600586,23900,RZA
2015-01-09,28.540000915527344,28.540000915527344,28.31999969482422,28.43000030517578,22.30175018310547,9600,RZA
2015-01-12,28.309999465942383,28.700000762939453,28.309999465942383,28.579999923706055,22.41941261291504,21500,RZA
2015-01-13,28.489999771118164,28.670000076293945,28.360000610351562,28.510000228881836,22.364501953125,57000,RZA
2015-01-14,28.440000534057617,28.56999969482422,28.40999984741211,28.479999542236328,22.340974807739258,16400,RZA
2015-01-15,28.399999618530273,28.40999984741211,27.950000762939453,28.25,22.16054916381836,17600,RZA
2015-01-16,28.139999389648438,28.459999084472656,28.139999389648438,28.450000762939453,22.317434310913086,36900,RZA
2015-01-20,28.600000381469727,28.670000076293945,28.329999923706055,28.450000762939453,22.317434310913086,25800,RZA
2015-01-21,28.350000381469727,28.670000076293945,28.350000381469727,28.40999984741211,22.286062240600586,28700,RZA
2015-01-22,28.600000381469727,28.68000030517578,28.420000076293945,28.5,22.356660842895508,25400,RZA
2015-01-23,28.420000076293945,28.729999542236328,28.299999237060547,28.299999237060547,22.199769973754883,39000,RZA
2015-01-26,28.420000076293945,28.65999984741211,28.170000076293945,28.6299991607666,22.458641052246094,19900,RZA
2015-01-27,28.510000228881836,29.059999465942383,28.510000228881836,28.93000030517578,22.69397735595703,24200,RZA
2015-01-28,29.09000015258789,29.149999618530273,28.829999923706055,29.100000381469727,22.82732582092285,20000,RZA
2015-01-29,29.020000457763672,29.31999969482422,28.93000030517578,29.190000534057617,22.897924423217773,35400,RZA
2015-01-30,29.110000610351562,29.440000534057617,28.959999084472656,28.959999084472656,22.717504501342773,52700,RZA
2015-02-02,28.969999313354492,29.219999313354492,28.969999313354492,29.110000610351562,22.835168838500977,28600,RZA
2015-02-03,29.049999237060547,29.15999984741211,28.969999313354492,29.1200008392334,22.843019485473633,21800,RZA
2015-02-04,29.18000030517578,29.18000030517578,29.0,29.049999237060547,22.788105010986328,23400,RZA
2015-02-05,29.030000686645508,29.190000534057617,28.940000534057617,29.010000228881836,22.756729125976562,23200,RZA
2015-02-06,28.979999542236328,29.09000015258789,28.829999923706055,28.950000762939453,22.709659576416016,24000,RZA
2015-02-09,28.860000610351562,29.219999313354492,28.860000610351562,29.040000915527344,22.780261993408203,67600,RZA
2015-02-10,29.020000457763672,29.040000915527344,28.809999465942383,28.950000762939453,22.709659576416016,31600,RZA
2015-02-11,28.969999313354492,28.969999313354492,28.81999969482422,28.940000534057617,22.701818466186523,34600,RZA
2015-02-12,29.049999237060547,29.100000381469727,28.899999618530273,28.969999313354492,22.72534942626953,38500,RZA
2015-02-13,28.920000076293945,28.979999542236328,28.829999923706055,28.940000534057617,22.701818466186523,19800,RZA
2015-02-17,28.899999618530273,28.959999084472656,28.479999542236328,28.6200008392334,22.45079803466797,29400,RZA
2015-02-18,28.56999969482422,28.68000030517578,28.15999984741211,28.68000030517578,22.49785804748535,22700,RZA
2015-02-19,28.760000228881836,29.0,28.489999771118164,28.899999618530273,22.670434951782227,28200,RZA
2015-02-20,28.8700008392334,29.139999389648438,28.81999969482422,29.049999237060547,22.788105010986328,26500,RZA
2015-02-23,29.1200008392334,29.25,28.969999313354492,29.25,22.94499397277832,35200,RZA
2015-02-24,29.3799991607666,29.760000228881836,29.100000381469727,29.520000457763672,23.15679359436035,21300,RZA
2015-02-25,29.299999237060547,29.299999237060547,28.940000534057617,28.979999542236328,23.03597068786621,30800,RZA
2015-02-26,29.09000015258789,29.3799991607666,28.93000030517578,29.079999923706055,23.11545753479004,22300,RZA
2015-02-27,29.06999969482422,29.149999618530273,29.0,29.09000015258789,23.12340545654297,28600,RZA
2015-03-02,29.18000030517578,29.3799991607666,29.059999465942383,29.149999618530273,23.171098709106445,24100,RZA
2015-03-03,28.90999984741211,29.100000381469727,28.829999923706055,29.0,23.05187225341797,35400,RZA
2015-03-04,28.899999618530273,29.270000457763672,28.899999618530273,29.149999618530273,23.171098709106445,41700,RZA
2015-03-05,29.139999389648438,29.350000381469727,29.100000381469727,29.100000381469727,23.131357192993164,15400,RZA
2015-03-06,29.010000228881836,29.280000686645508,28.75,28.8700008392334,22.94853401184082,19000,RZA
2015-03-09,29.0,29.059999465942383,28.649999618530273,28.899999618530273,22.972375869750977,29800,RZA
2015-03-10,28.969999313354492,29.149999618530273,28.8799991607666,29.049999237060547,23.091615676879883,34000,RZA
2015-03-11,29.139999389648438,29.190000534057617,29.059999465942383,29.059999465942383,23.099563598632812,20000,RZA
2015-03-12,29.049999237060547,29.18000030517578,28.969999313354492,29.049999237060547,23.091615676879883,23400,RZA
2015-03-13,28.93000030517578,29.1200008392334,28.899999618530273,29.040000915527344,23.08366584777832,14100,RZA
2015-03-16,29.020000457763672,29.200000762939453,29.020000457763672,29.110000610351562,23.139305114746094,20400,RZA
2015-03-17,29.110000610351562,29.18000030517578,29.030000686645508,29.100000381469727,23.131357192993164,14500,RZA
2015-03-18,29.170000076293945,29.170000076293945,28.780000686645508,28.93000030517578,22.99622917175293,51000,RZA
2015-03-19,28.979999542236328,29.139999389648438,28.950000762939453,28.950000762939453,23.012123107910156,16000,RZA
2015-03-20,29.079999923706055,29.100000381469727,28.790000915527344,28.889999389648438,22.96442985534668,26700,RZA
2015-03-23,28.969999313354492,29.110000610351562,28.959999084472656,28.959999084472656,23.02007484436035,22800,RZA
2015-03-24,29.040000915527344,29.040000915527344,28.600000381469727,28.760000228881836,22.86109161376953,14600,RZA
2015-03-25,28.860000610351562,29.049999237060547,28.860000610351562,28.979999542236328,23.03597068786621,13300,RZA
2015-03-26,28.899999618530273,29.059999465942383,28.790000915527344,28.959999084472656,23.02007484436035,34500,RZA
2015-03-27,29.0,29.020000457763672,28.90999984741211,28.959999084472656,23.02007484436035,25100,RZA
2015-03-30,29.079999923706055,29.079999923706055,28.8700008392334,28.979999542236328,23.03597068786621,20100,RZA
2015-03-31,28.940000534057617,29.020000457763672,28.8799991607666,28.8799991607666,22.95648193359375,24800,RZA
2015-04-01,28.969999313354492,28.969999313354492,28.760000228881836,28.850000381469727,22.932636260986328,20900,RZA
2015-04-02,28.780000686645508,29.0,28.780000686645508,28.959999084472656,23.02007484436035,13400,RZA
2015-04-06,28.899999618530273,29.09000015258789,28.690000534057617,28.700000762939453,22.813404083251953,17200,RZA
2015-04-07,28.729999542236328,28.920000076293945,28.6200008392334,28.860000610351562,22.94058609008789,10900,RZA
2015-04-08,28.75,29.139999389648438,28.75,28.8700008392334,22.94853401184082,43100,RZA
2015-04-09,28.959999084472656,29.079999923706055,28.959999084472656,28.989999771118164,23.043922424316406,16100,RZA
2015-04-10,29.09000015258789,29.09000015258789,28.75,28.8700008392334,22.94853401184082,30800,RZA
2015-04-13,28.799999237060547,28.979999542236328,28.799999237060547,28.969999313354492,23.02802276611328,10900,RZA
2015-04-14,28.860000610351562,29.09000015258789,28.84000015258789,29.040000915527344,23.08366584777832,16500,RZA
2015-04-15,29.100000381469727,29.1200008392334,28.950000762939453,29.049999237060547,23.091615676879883,26300,RZA
2015-04-16,29.0,29.09000015258789,28.899999618530273,28.969999313354492,23.02802276611328,12800,RZA
2015-04-17,29.010000228881836,29.079999923706055,28.68000030517578,28.68000030517578,22.797504425048828,50100,RZA
2015-04-20,28.770000457763672,28.850000381469727,28.65999984741211,28.65999984741211,22.781606674194336,26200,RZA
2015-04-21,28.520000457763672,28.809999465942383,28.520000457763672,28.6299991607666,22.757755279541016,25100,RZA
2015-04-22,28.670000076293945,28.709999084472656,28.18000030517578,28.459999084472656,22.62262725830078,25600,RZA
2015-04-23,28.479999542236328,28.90999984741211,28.479999542236328,28.670000076293945,22.7895565032959,15500,RZA
2015-04-24,28.610000610351562,28.84000015258789,28.530000686645508,28.540000915527344,22.686216354370117,18100,RZA
2015-04-27,28.56999969482422,28.809999465942383,28.56999969482422,28.739999771118164,22.845195770263672,23500,RZA
2015-04-28,28.719999313354492,28.850000381469727,28.68000030517578,28.770000457763672,22.869043350219727,13000,RZA
2015-04-29,28.770000457763672,28.969999313354492,28.559999465942383,28.969999313354492,23.02802276611328,21000,RZA
2015-04-30,28.969999313354492,28.969999313354492,28.670000076293945,28.670000076293945,22.7895565032959,16700,RZA
2015-05-01,28.719999313354492,28.850000381469727,28.719999313354492,28.739999771118164,22.845195770263672,11200,RZA
2015-05-04,28.719999313354492,29.059999465942383,28.719999313354492,28.8799991607666,22.95648193359375,12500,RZA
2015-05-05,28.959999084472656,28.959999084472656,28.670000076293945,28.790000915527344,22.88494300842285,8500,RZA
2015-05-06,28.780000686645508,28.860000610351562,28.06999969482422,28.100000381469727,22.33646583557129,43500,RZA
2015-05-07,28.030000686645508,28.6299991607666,28.030000686645508,28.239999771118164,22.447751998901367,16100,RZA
2015-05-08,28.5,29.020000457763672,28.5,28.90999984741211,22.98032569885254,30100,RZA
2015-05-11,28.84000015258789,28.8700008392334,28.65999984741211,28.860000610351562,22.94058609008789,34900,RZA
2015-05-12,28.739999771118164,28.739999771118164,28.469999313354492,28.530000686645508,22.67827033996582,86300,RZA
2015-05-13,28.68000030517578,28.68000030517578,28.530000686645508,28.600000381469727,22.733917236328125,57800,RZA
2015-05-14,28.510000228881836,28.649999618530273,28.360000610351562,28.559999465942383,22.70211410522461,83600,RZA
2015-05-15,28.530000686645508,28.670000076293945,28.459999084472656,28.510000228881836,22.66237449645996,28700,RZA
2015-05-18,28.540000915527344,28.56999969482422,28.209999084472656,28.530000686645508,22.67827033996582,18500,RZA
2015-05-19,28.530000686645508,28.75,28.350000381469727,28.649999618530273,22.77365493774414,27700,RZA
2015-05-20,28.65999984741211,28.850000381469727,28.520000457763672,28.59000015258789,22.725961685180664,22900,RZA
2015-05-21,28.690000534057617,28.790000915527344,28.579999923706055,28.739999771118164,22.845195770263672,21200,RZA
2015-05-22,28.829999923706055,28.850000381469727,28.739999771118164,28.850000381469727,22.932636260986328,17300,RZA
2015-05-26,28.81999969482422,28.850000381469727,28.670000076293945,28.809999465942383,22.900840759277344,53200,RZA
2015-05-27,28.829999923706055,28.84000015258789,28.65999984741211,28.81999969482422,22.908788681030273,11500,RZA
2015-05-28,28.43000030517578,28.6200008392334,28.360000610351562,28.510000228881836,22.66237449645996,17700,RZA
2015-05-29,28.510000228881836,28.670000076293945,28.389999389648438,28.389999389648438,22.566984176635742,22200,RZA
2015-06-01,28.549999237060547,28.6299991607666,28.3799991607666,28.579999923706055,22.718013763427734,12800,RZA
2015-06-02,28.510000228881836,28.520000457763672,28.350000381469727,28.3700008392334,22.551090240478516,23000,RZA
2015-06-03,28.399999618530273,28.399999618530273,28.18000030517578,28.299999237060547,22.495447158813477,20600,RZA
2015-06-04,28.209999084472656,28.290000915527344,28.0,28.280000686645508,22.47954559326172,14800,RZA
2015-06-05,28.100000381469727,28.280000686645508,27.90999984741211,28.059999465942383,22.304668426513672,19600,RZA
2015-06-08,28.049999237060547,28.299999237060547,27.90999984741211,28.229999542236328,22.43979835510254,25500,RZA
2015-06-09,28.190000534057617,28.219999313354492,28.06999969482422,28.200000762939453,22.41595458984375,22800,RZA
2015-06-10,28.1200008392334,28.200000762939453,27.860000610351562,28.18000030517578,22.400060653686523,12200,RZA
2015-06-11,28.200000762939453,28.280000686645508,28.110000610351562,28.219999313354492,22.431852340698242,12300,RZA
2015-06-12,28.15999984741211,28.280000686645508,28.139999389648438,28.200000762939453,22.41595458984375,25900,RZA
2015-06-15,28.270000457763672,28.270000457763672,28.1200008392334,28.239999771118164,22.447751998901367,20900,RZA
2015-06-16,28.25,28.25,27.969999313354492,28.139999389648438,22.368261337280273,11000,RZA
2015-06-17,28.059999465942383,28.1200008392334,27.90999984741211,27.950000762939453,22.21723747253418,12000,RZA
2015-06-18,28.06999969482422,28.190000534057617,27.940000534057617,27.940000534057617,22.209285736083984,13800,RZA
2015-06-19,27.93000030517578,28.010000228881836,27.770000457763672,27.770000457763672,22.074153900146484,10300,RZA
2015-06-22,27.8799991607666,27.8799991607666,27.690000534057617,27.829999923706055,22.121845245361328,7800,RZA
2015-06-23,27.829999923706055,27.8799991607666,27.729999542236328,27.84000015258789,22.129793167114258,11700,RZA
2015-06-24,27.770000457763672,27.8799991607666,27.709999084472656,27.709999084472656,22.026456832885742,12500,RZA
2015-06-25,27.690000534057617,27.760000228881836,27.3700008392334,27.709999084472656,22.026456832885742,16100,RZA
2015-06-26,27.579999923706055,27.770000457763672,27.530000686645508,27.530000686645508,21.883380889892578,10900,RZA
2015-06-29,27.350000381469727,27.639999389648438,27.1299991607666,27.43000030517578,21.80388641357422,14800,RZA
2015-06-30,27.559999465942383,27.6200008392334,27.229999542236328,27.229999542236328,21.64490509033203,34800,RZA
2015-07-01,27.34000015258789,27.559999465942383,27.31999969482422,27.479999542236328,21.843629837036133,11600,RZA
2015-07-02,27.579999923706055,27.760000228881836,27.56999969482422,27.709999084472656,22.026456832885742,13400,RZA
2015-07-06,27.520000457763672,27.729999542236328,27.520000457763672,27.700000762939453,22.018510818481445,7500,RZA
2015-07-07,27.649999618530273,27.850000381469727,27.6299991607666,27.799999237060547,22.097997665405273,12500,RZA
2015-07-08,27.6299991607666,28.15999984741211,27.6299991607666,27.700000762939453,22.018510818481445,17000,RZA
2015-07-09,27.670000076293945,28.190000534057617,27.670000076293945,28.049999237060547,22.29671859741211,14200,RZA
2015-07-10,28.010000228881836,28.059999465942383,27.860000610351562,27.860000610351562,22.145692825317383,7700,RZA
2015-07-13,28.020000457763672,28.260000228881836,28.020000457763672,28.09000015258789,22.328519821166992,11600,RZA
2015-07-14,28.15999984741211,28.260000228881836,28.1200008392334,28.139999389648438,22.368261337280273,10300,RZA
2015-07-15,28.079999923706055,28.139999389648438,27.979999542236328,28.0,22.256977081298828,53500,RZA
2015-07-16,27.979999542236328,28.09000015258789,27.950000762939453,28.030000686645508,22.280824661254883,53500,RZA
2015-07-17,28.040000915527344,28.149999618530273,27.959999084472656,28.149999618530273,22.37621307373047,23800,RZA
2015-07-20,28.06999969482422,28.200000762939453,28.06999969482422,28.15999984741211,22.384159088134766,19500,RZA
2015-07-21,28.110000610351562,28.25,28.110000610351562,28.139999389648438,22.368261337280273,42400,RZA
2015-07-22,28.200000762939453,28.299999237060547,27.899999618530273,27.899999618530273,22.177486419677734,29400,RZA
2015-07-23,28.030000686645508,28.100000381469727,27.989999771118164,28.059999465942383,22.304668426513672,13300,RZA
2015-07-24,28.190000534057617,28.389999389648438,28.09000015258789,28.149999618530273,22.37621307373047,19700,RZA
2015-07-27,28.149999618530273,28.5,27.93000030517578,28.09000015258789,22.328519821166992,14700,RZA
2015-07-28,28.309999465942383,28.309999465942383,28.030000686645508,28.1200008392334,22.352367401123047,23600,RZA
2015-07-29,28.270000457763672,28.3700008392334,27.950000762939453,28.040000915527344,22.288772583007812,15200,RZA
2015-07-30,28.170000076293945,28.219999313354492,28.059999465942383,28.15999984741211,22.384159088134766,8000,RZA
2015-07-31,28.280000686645508,28.31999969482422,27.969999313354492,28.299999237060547,22.495447158813477,16700,RZA
2015-08-03,28.299999237060547,28.31999969482422,28.209999084472656,28.25,22.455699920654297,6300,RZA
2015-08-04,28.309999465942383,28.489999771118164,28.209999084472656,28.459999084472656,22.62262725830078,25000,RZA
2015-08-05,28.440000534057617,28.479999542236328,28.290000915527344,28.479999542236328,22.63852310180664,57200,RZA
2015-08-06,28.489999771118164,28.969999313354492,28.34000015258789,28.81999969482422,22.908788681030273,23800,RZA
2015-08-07,28.829999923706055,28.829999923706055,28.6200008392334,28.700000762939453,22.813404083251953,16000,RZA
2015-08-10,28.850000381469727,28.850000381469727,28.690000534057617,28.690000534057617,22.80545425415039,13700,RZA
2015-08-11,28.75,28.780000686645508,28.65999984741211,28.770000457763672,22.869043350219727,18900,RZA
2015-08-12,28.75,28.81999969482422,28.59000015258789,28.729999542236328,22.837244033813477,18900,RZA
2015-08-13,28.739999771118164,28.739999771118164,28.360000610351562,28.690000534057617,22.80545425415039,21100,RZA
2015-08-14,28.520000457763672,28.709999084472656,28.520000457763672,28.600000381469727,22.733917236328125,23800,RZA
2015-08-17,28.649999618530273,28.649999618530273,28.56999969482422,28.6200008392334,22.749813079833984,18600,RZA
2015-08-18,28.6299991607666,28.670000076293945,28.600000381469727,28.610000610351562,22.741859436035156,12600,RZA
2015-08-19,28.549999237060547,28.6299991607666,28.459999084472656,28.469999313354492,22.63057518005371,19800,RZA
2015-08-20,28.56999969482422,28.56999969482422,28.3799991607666,28.5,22.654422760009766,42700,RZA
2015-08-21,28.510000228881836,28.510000228881836,28.450000762939453,28.450000762939453,22.61467742919922,8900,RZA
2015-08-24,28.510000228881836,28.510000228881836,27.270000457763672,27.799999237060547,22.097997665405273,32700,RZA
2015-08-25,27.969999313354492,28.329999923706055,27.709999084472656,28.219999313354492,22.431852340698242,10900,RZA
2015-08-26,28.450000762939453,28.469999313354492,28.25,28.450000762939453,22.61467742919922,16100,RZA
2015-08-27,28.510000228881836,28.600000381469727,28.309999465942383,28.59000015258789,22.725961685180664,13000,RZA
2015-08-28,28.479999542236328,28.59000015258789,27.899999618530273,28.239999771118164,22.447751998901367,55800,RZA
2015-08-31,28.219999313354492,28.290000915527344,28.18000030517578,28.219999313354492,22.431852340698242,15200,RZA
2015-09-01,28.190000534057617,28.31999969482422,28.170000076293945,28.18000030517578,22.400060653686523,11800,RZA
2015-09-02,28.3700008392334,28.3700008392334,28.190000534057617,28.25,22.455699920654297,15700,RZA
2015-09-03,28.43000030517578,28.43000030517578,28.200000762939453,28.25,22.455699920654297,12000,RZA
2015-09-04,28.309999465942383,28.350000381469727,28.040000915527344,28.270000457763672,22.471599578857422,14200,RZA
2015-09-08,28.450000762939453,28.479999542236328,28.209999084472656,28.239999771118164,22.447751998901367,57900,RZA
2015-09-09,28.31999969482422,28.3700008392334,28.209999084472656,28.260000228881836,22.463651657104492,21800,RZA
2015-09-10,28.34000015258789,28.34000015258789,27.940000534057617,28.040000915527344,22.288772583007812,23200,RZA
2015-09-11,28.110000610351562,28.110000610351562,27.719999313354492,27.8799991607666,22.161588668823242,20900,RZA
2015-09-14,27.860000610351562,27.860000610351562,27.639999389648438,27.68000030517578,22.00261116027832,17600,RZA
2015-09-15,27.639999389648438,27.700000762939453,27.5,27.68000030517578,22.00261116027832,22600,RZA
2015-09-16,27.700000762939453,27.790000915527344,27.600000381469727,27.690000534057617,22.010560989379883,25400,RZA
2015-09-17,27.760000228881836,27.760000228881836,26.93000030517578,27.5,21.85953140258789,28000,RZA
2015-09-18,27.6299991607666,27.6299991607666,27.3799991607666,27.6299991607666,21.962867736816406,14600,RZA
2015-09-21,27.65999984741211,27.690000534057617,27.600000381469727,27.670000076293945,21.99466323852539,24700,RZA
2015-09-22,27.579999923706055,27.639999389648438,27.579999923706055,27.6299991607666,21.962867736816406,11800,RZA
2015-09-23,27.709999084472656,27.979999542236328,27.709999084472656,27.969999313354492,22.233129501342773,19900,RZA
2015-09-24,27.989999771118164,28.139999389648438,27.700000762939453,27.899999618530273,22.177486419677734,60300,RZA
2015-09-25,27.8700008392334,27.979999542236328,27.809999465942383,27.920000076293945,22.193387985229492,16200,RZA
2015-09-28,27.969999313354492,27.969999313354492,27.59000015258789,27.829999923706055,22.121845245361328,10900,RZA
2015-09-29,27.850000381469727,27.8700008392334,27.65999984741211,27.829999923706055,22.121845245361328,12800,RZA
2015-09-30,27.989999771118164,28.040000915527344,27.649999618530273,27.690000534057617,22.010560989379883,27000,RZA
2015-10-01,27.75,27.950000762939453,27.75,27.84000015258789,22.129793167114258,13700,RZA
2015-10-02,27.8799991607666,27.8799991607666,27.559999465942383,27.649999618530273,21.9787654876709,11900,RZA
2015-10-05,27.850000381469727,28.06999969482422,27.670000076293945,28.059999465942383,22.304668426513672,12300,RZA
2015-10-06,28.219999313354492,28.219999313354492,27.979999542236328,28.040000915527344,22.288772583007812,22700,RZA
2015-10-07,28.100000381469727,28.110000610351562,27.8799991607666,28.010000228881836,22.26492691040039,19600,RZA
2015-10-08,28.020000457763672,28.149999618530273,27.860000610351562,28.1200008392334,22.352367401123047,8600,RZA
2015-10-09,28.239999771118164,28.360000610351562,27.860000610351562,27.920000076293945,22.193387985229492,26800,RZA
2015-10-12,28.149999618530273,28.15999984741211,27.8799991607666,28.15999984741211,22.384159088134766,7300,RZA
2015-10-13,28.15999984741211,28.360000610351562,27.989999771118164,28.06999969482422,22.312618255615234,15200,RZA
2015-10-14,28.079999923706055,28.290000915527344,28.079999923706055,28.18000030517578,22.400060653686523,41400,RZA
2015-10-15,28.299999237060547,28.690000534057617,28.190000534057617,28.56999969482422,22.710065841674805,28600,RZA
2015-10-16,28.68000030517578,28.690000534057617,28.3799991607666,28.579999923706055,22.718013763427734,33600,RZA
2015-10-19,28.639999389648438,28.93000030517578,28.6200008392334,28.93000030517578,22.99622917175293,12200,RZA
2015-10-20,28.950000762939453,29.0,28.600000381469727,28.690000534057617,22.80545425415039,34900,RZA
2015-10-21,28.899999618530273,29.200000762939453,28.700000762939453,29.079999923706055,23.11545753479004,16500,RZA
2015-10-22,29.18000030517578,29.229999542236328,29.100000381469727,29.170000076293945,23.187000274658203,21700,RZA
2015-10-23,29.270000457763672,29.299999237060547,29.040000915527344,29.100000381469727,23.131357192993164,24100,RZA
2015-10-26,29.190000534057617,29.270000457763672,29.15999984741211,29.25,23.250593185424805,9000,RZA
2015-10-27,29.360000610351562,29.360000610351562,29.1299991607666,29.219999313354492,23.22674560546875,28400,RZA
2015-10-28,29.290000915527344,29.34000015258789,29.09000015258789,29.18000030517578,23.194948196411133,39400,RZA
2015-10-29,29.209999084472656,29.209999084472656,28.950000762939453,29.030000686645508,23.07571792602539,15600,RZA
2015-10-30,28.989999771118164,29.0,28.889999389648438,28.979999542236328,23.03597068786621,18900,RZA
2015-11-02,29.100000381469727,29.219999313354492,28.940000534057617,29.06999969482422,23.107511520385742,32600,RZA
2015-11-03,28.81999969482422,29.100000381469727,28.81999969482422,29.0,23.05187225341797,33900,RZA
2015-11-04,29.020000457763672,29.020000457763672,28.610000610351562,28.850000381469727,22.932636260986328,36100,RZA
2015-11-05,28.93000030517578,28.93000030517578,28.649999618530273,28.739999771118164,22.845195770263672,20200,RZA
2015-11-06,28.68000030517578,28.719999313354492,28.420000076293945,28.709999084472656,22.821352005004883,21000,RZA
2015-11-09,28.6299991607666,28.75,28.360000610351562,28.389999389648438,22.566984176635742,85700,RZA
2015-11-10,28.079999923706055,28.40999984741211,28.079999923706055,28.389999389648438,22.566984176635742,18700,RZA
2015-11-11,28.479999542236328,28.479999542236328,28.299999237060547,28.399999618530273,22.57493019104004,28900,RZA
2015-11-12,28.399999618530273,28.399999618530273,28.299999237060547,28.399999618530273,22.57493019104004,13100,RZA
2015-11-13,28.399999618530273,28.399999618530273,28.360000610351562,28.399999618530273,22.57493019104004,36300,RZA
2015-11-16,28.399999618530273,28.399999618530273,28.280000686645508,28.3700008392334,22.551090240478516,9800,RZA
2015-11-17,28.399999618530273,28.43000030517578,28.34000015258789,28.43000030517578,22.59878158569336,19800,RZA
2015-11-18,28.399999618530273,28.440000534057617,28.3799991607666,28.399999618530273,22.57493019104004,14600,RZA
2015-11-19,28.399999618530273,28.40999984741211,28.3799991607666,28.399999618530273,22.57493019104004,14300,RZA
2015-11-20,28.399999618530273,28.40999984741211,28.25,28.399999618530273,22.57493019104004,23500,RZA
2015-11-23,28.360000610351562,28.440000534057617,28.360000610351562,28.389999389648438,22.566984176635742,41000,RZA
2015-11-24,28.399999618530273,28.420000076293945,28.329999923706055,28.399999618530273,22.57493019104004,29100,RZA
2015-11-25,28.399999618530273,28.399999618530273,28.34000015258789,28.399999618530273,22.57493019104004,16800,RZA
2015-11-27,28.079999923706055,28.079999923706055,27.889999389648438,28.040000915527344,22.288772583007812,8900,RZA
2015-11-30,28.049999237060547,28.09000015258789,27.969999313354492,27.969999313354492,22.233129501342773,26100,RZA
2015-12-01,28.030000686645508,28.149999618530273,27.93000030517578,28.110000610351562,22.34441566467285,13600,RZA
2015-12-02,28.18000030517578,28.200000762939453,27.950000762939453,28.139999389648438,22.368261337280273,419000,RZA
2015-12-03,28.239999771118164,28.239999771118164,27.860000610351562,27.979999542236328,22.241077423095703,20300,RZA
2015-12-04,27.90999984741211,28.100000381469727,27.8799991607666,28.049999237060547,22.29671859741211,18800,RZA
2015-12-07,28.09000015258789,28.100000381469727,27.719999313354492,27.90999984741211,22.185434341430664,19000,RZA
2015-12-08,28.010000228881836,28.290000915527344,27.920000076293945,28.049999237060547,22.29671859741211,17300,RZA
2015-12-09,28.079999923706055,28.260000228881836,28.040000915527344,28.049999237060547,22.29671859741211,20300,RZA
2015-12-10,27.920000076293945,28.149999618530273,27.860000610351562,27.969999313354492,22.233129501342773,419600,RZA
2015-12-11,28.059999465942383,28.059999465942383,27.719999313354492,27.889999389648438,22.169538497924805,16000,RZA
2015-12-14,27.889999389648438,27.889999389648438,26.520000457763672,26.850000381469727,21.342851638793945,36200,RZA
2015-12-15,27.190000534057617,27.290000915527344,26.899999618530273,27.18000030517578,21.605165481567383,37800,RZA
2015-12-16,27.329999923706055,27.829999923706055,27.1299991607666,27.700000762939453,22.018510818481445,33800,RZA
2015-12-17,27.8700008392334,27.889999389648438,27.56999969482422,27.829999923706055,22.121845245361328,28400,RZA
2015-12-18,28.309999465942383,28.309999465942383,27.860000610351562,28.010000228881836,22.26492691040039,33000,RZA
2015-12-21,27.75,27.979999542236328,27.75,27.93000030517578,22.201335906982422,22000,RZA
2015-12-22,28.110000610351562,28.360000610351562,27.989999771118164,28.020000457763672,22.272872924804688,17700,RZA
2015-12-23,28.190000534057617,28.459999084472656,27.889999389648438,28.200000762939453,22.41595458984375,20400,RZA
2015-12-24,28.18000030517578,28.479999542236328,28.1200008392334,28.420000076293945,22.59082794189453,6600,RZA
2015-12-28,28.489999771118164,28.950000762939453,28.329999923706055,28.93000030517578,22.99622917175293,17600,RZA
2015-12-29,28.860000610351562,28.989999771118164,28.709999084472656,28.979999542236328,23.03597068786621,15800,RZA
2015-12-30,29.059999465942383,29.190000534057617,28.93000030517578,29.190000534057617,23.20290184020996,11200,RZA
2015-12-31,29.170000076293945,29.219999313354492,29.040000915527344,29.040000915527344,23.08366584777832,19800,RZA
2016-01-04,28.90999984741211,29.360000610351562,28.790000915527344,29.31999969482422,23.306236267089844,26500,RZA
2016-01-05,29.389999389648438,29.59000015258789,29.18000030517578,29.479999542236328,23.433420181274414,24200,RZA
2016-01-06,29.459999084472656,29.459999084472656,29.270000457763672,29.40999984741211,23.37777328491211,25200,RZA
2016-01-07,29.209999084472656,29.479999542236328,29.209999084472656,29.440000534057617,23.401620864868164,33700,RZA
2016-01-08,29.540000915527344,29.600000381469727,29.389999389648438,29.540000915527344,23.481109619140625,18200,RZA
2016-01-11,29.600000381469727,29.600000381469727,29.34000015258789,29.440000534057617,23.401620864868164,32300,RZA
2016-01-12,29.510000228881836,29.510000228881836,29.209999084472656,29.440000534057617,23.401620864868164,37400,RZA
2016-01-13,29.5,29.5,29.15999984741211,29.209999084472656,23.218793869018555,70300,RZA
2016-01-14,29.350000381469727,29.350000381469727,28.899999618530273,28.899999618530273,22.972375869750977,25300,RZA
2016-01-15,28.329999923706055,28.979999542236328,28.329999923706055,28.84000015258789,22.924684524536133,29300,RZA
2016-01-19,29.010000228881836,29.010000228881836,28.670000076293945,28.81999969482422,22.908788681030273,23100,RZA
2016-01-20,28.670000076293945,29.09000015258789,28.290000915527344,28.790000915527344,22.88494300842285,31400,RZA
2016-01-21,28.84000015258789,29.239999771118164,28.709999084472656,29.18000030517578,23.194948196411133,34100,RZA
2016-01-22,29.239999771118164,29.59000015258789,29.049999237060547,29.360000610351562,23.338029861450195,30600,RZA
2016-01-25,29.389999389648438,29.399999618530273,29.1299991607666,29.209999084472656,23.218793869018555,32000,RZA
2016-01-26,29.280000686645508,29.3700008392334,28.920000076293945,29.09000015258789,23.12340545654297,40700,RZA
2016-01-27,29.100000381469727,29.389999389648438,28.969999313354492,29.059999465942383,23.099563598632812,39300,RZA
2016-01-28,29.239999771118164,29.239999771118164,28.489999771118164,28.700000762939453,22.813404083251953,123700,RZA
2016-01-29,28.809999465942383,28.809999465942383,28.469999313354492,28.600000381469727,22.733917236328125,52000,RZA
2016-02-01,28.809999465942383,28.950000762939453,28.520000457763672,28.520000457763672,22.670318603515625,29200,RZA
2016-02-02,28.530000686645508,28.649999618530273,28.459999084472656,28.56999969482422,22.710065841674805,25300,RZA
2016-02-03,28.68000030517578,28.81999969482422,28.420000076293945,28.540000915527344,22.686216354370117,21700,RZA
2016-02-04,28.65999984741211,28.81999969482422,28.40999984741211,28.489999771118164,22.646472930908203,25100,RZA
2016-02-05,28.5,28.8799991607666,28.31999969482422,28.5,22.654422760009766,32500,RZA
2016-02-08,28.469999313354492,28.469999313354492,27.690000534057617,28.079999923706055,22.320568084716797,25700,RZA
2016-02-09,28.079999923706055,28.079999923706055,27.520000457763672,27.670000076293945,21.99466323852539,26300,RZA
2016-02-10,27.899999618530273,28.09000015258789,27.709999084472656,27.899999618530273,22.177486419677734,30000,RZA
2016-02-11,28.0,28.0,26.079999923706055,26.549999237060547,21.104379653930664,45100,RZA
2016-02-12,26.690000534057617,26.8799991607666,26.030000686645508,26.399999618530273,20.985149383544922,59700,RZA
2016-02-16,26.510000228881836,27.139999389648438,26.489999771118164,26.90999984741211,21.390544891357422,29500,RZA
2016-02-17,27.219999313354492,27.6200008392334,27.06999969482422,27.3799991607666,21.764142990112305,26200,RZA
2016-02-18,27.34000015258789,27.81999969482422,27.209999084472656,27.81999969482422,22.113895416259766,24700,RZA
2016-02-19,27.309999465942383,28.1299991607666,26.850000381469727,27.889999389648438,22.169538497924805,46800,RZA
2016-02-22,27.90999984741211,28.25,27.8700008392334,27.8700008392334,22.153642654418945,32300,RZA
2016-02-23,27.81999969482422,28.25,27.600000381469727,28.25,22.455699920654297,18200,RZA
2016-02-24,27.950000762939453,28.469999313354492,27.950000762939453,28.450000762939453,22.61467742919922,14100,RZA
2016-02-25,28.299999237060547,28.399999618530273,28.09000015258789,28.15999984741211,22.384159088134766,45000,RZA
2016-02-26,27.8700008392334,27.8700008392334,27.690000534057617,27.75,22.366426467895508,17800,RZA
2016-02-29,27.670000076293945,27.799999237060547,27.329999923706055,27.520000457763672,22.181047439575195,51100,RZA
2016-03-01,27.559999465942383,27.889999389648438,27.559999465942383,27.639999389648438,22.277769088745117,27900,RZA
2016-03-02,27.68000030517578,27.889999389648438,27.290000915527344,27.40999984741211,22.092388153076172,14900,RZA
2016-03-03,27.420000076293945,27.520000457763672,27.350000381469727,27.459999084472656,22.132688522338867,30400,RZA
2016-03-04,27.6299991607666,27.6299991607666,27.459999084472656,27.510000228881836,22.172988891601562,16600,RZA
2016-03-07,27.5,27.5,27.260000228881836,27.479999542236328,22.148807525634766,13500,RZA
2016-03-08,27.479999542236328,27.479999542236328,27.149999618530273,27.43000030517578,22.108510971069336,23700,RZA
2016-03-09,27.43000030517578,27.68000030517578,27.40999984741211,27.68000030517578,22.310009002685547,40300,RZA
2016-03-10,27.579999923706055,27.690000534057617,27.530000686645508,27.530000686645508,22.18910789489746,24200,RZA
2016-03-11,27.649999618530273,28.010000228881836,27.56999969482422,27.799999237060547,22.406726837158203,27800,RZA
2016-03-14,27.760000228881836,27.760000228881836,27.6299991607666,27.68000030517578,22.310009002685547,32900,RZA
2016-03-15,27.56999969482422,27.6200008392334,27.549999237060547,27.549999237060547,22.20522689819336,15100,RZA
2016-03-16,27.510000228881836,27.610000610351562,27.510000228881836,27.579999923706055,22.229406356811523,48900,RZA
2016-03-17,27.65999984741211,27.65999984741211,27.59000015258789,27.639999389648438,22.277769088745117,24400,RZA
2016-03-18,27.670000076293945,27.940000534057617,27.670000076293945,27.799999237060547,22.406726837158203,17400,RZA
2016-03-21,27.850000381469727,27.899999618530273,27.81999969482422,27.8799991607666,22.47120475769043,20600,RZA
2016-03-22,27.8799991607666,27.90999984741211,27.8700008392334,27.899999618530273,22.487327575683594,22200,RZA
2016-03-23,27.940000534057617,27.940000534057617,27.809999465942383,27.889999389648438,22.47926902770996,29200,RZA
2016-03-24,27.81999969482422,28.200000762939453,27.81999969482422,28.1200008392334,22.66464614868164,29800,RZA
2016-03-28,27.979999542236328,28.280000686645508,27.979999542236328,28.170000076293945,22.70494270324707,38700,RZA
2016-03-29,28.25,28.3700008392334,28.200000762939453,28.309999465942383,22.817785263061523,188700,RZA
2016-03-30,28.110000610351562,28.93000030517578,28.110000610351562,28.450000762939453,22.930625915527344,39800,RZA
2016-03-31,28.34000015258789,28.8799991607666,28.34000015258789,28.3799991607666,22.874204635620117,73100,RZA
2016-04-01,28.530000686645508,28.530000686645508,28.100000381469727,28.100000381469727,22.648527145385742,44600,RZA
2016-04-04,28.139999389648438,28.329999923706055,27.790000915527344,28.030000686645508,22.592105865478516,28300,RZA
2016-04-05,27.780000686645508,28.270000457763672,27.780000686645508,28.049999237060547,22.608226776123047,29700,RZA
2016-04-06,28.079999923706055,28.229999542236328,27.979999542236328,28.0,22.56792449951172,28900,RZA
2016-04-07,28.040000915527344,28.25,27.90999984741211,28.09000015258789,22.64046859741211,37400,RZA
2016-04-08,28.110000610351562,28.5,28.110000610351562,28.469999313354492,22.946746826171875,21600,RZA
2016-04-11,28.450000762939453,28.540000915527344,28.399999618530273,28.520000457763672,22.987041473388672,30400,RZA
2016-04-12,28.43000030517578,28.739999771118164,28.43000030517578,28.649999618530273,23.091825485229492,61600,RZA
2016-04-13,28.760000228881836,29.079999923706055,28.510000228881836,28.809999465942383,23.22078514099121,31300,RZA
2016-04-14,28.850000381469727,29.229999542236328,28.809999465942383,29.209999084472656,23.543184280395508,31700,RZA
2016-04-15,29.079999923706055,29.3700008392334,28.940000534057617,28.940000534057617,23.3255615234375,75200,RZA
2016-04-18,28.940000534057617,29.190000534057617,28.940000534057617,29.06999969482422,23.43034553527832,29500,RZA
2016-04-19,29.06999969482422,29.479999542236328,29.0,29.469999313354492,23.75274085998535,26700,RZA
2016-04-20,29.479999542236328,29.799999237060547,29.3700008392334,29.760000228881836,23.986478805541992,24600,RZA
2016-04-21,29.68000030517578,29.75,29.479999542236328,29.549999237060547,23.817222595214844,34700,RZA
2016-04-22,29.450000762939453,29.75,29.450000762939453,29.719999313354492,23.954238891601562,18900,RZA
2016-04-25,29.6299991607666,29.719999313354492,29.530000686645508,29.6200008392334,23.87364387512207,15900,RZA
2016-04-26,29.489999771118164,29.729999542236328,29.489999771118164,29.729999542236328,23.962305068969727,36900,RZA
2016-04-27,29.690000534057617,29.719999313354492,29.290000915527344,29.360000610351562,23.664081573486328,64000,RZA
2016-04-28,29.200000762939453,29.639999389648438,29.200000762939453,29.420000076293945,23.71244239807129,30900,RZA
2016-04-29,29.40999984741211,29.520000457763672,29.350000381469727,29.350000381469727,23.656028747558594,29200,RZA
2016-05-02,29.530000686645508,29.709999084472656,29.3700008392334,29.65999984741211,23.9058837890625,28600,RZA
2016-05-03,29.610000610351562,29.719999313354492,29.549999237060547,29.579999923706055,23.841405868530273,37100,RZA
2016-05-04,29.489999771118164,29.690000534057617,29.489999771118164,29.6200008392334,23.87364387512207,13500,RZA
2016-05-05,29.6299991607666,29.700000762939453,29.520000457763672,29.68000030517578,23.92200469970703,31300,RZA
2016-05-06,29.68000030517578,29.719999313354492,29.549999237060547,29.690000534057617,23.93006134033203,30200,RZA
2016-05-09,29.559999465942383,29.729999542236328,29.549999237060547,29.6299991607666,23.881702423095703,50200,RZA
2016-05-10,29.690000534057617,29.950000762939453,29.610000610351562,29.8799991607666,24.083200454711914,32200,RZA
2016-05-11,29.68000030517578,30.360000610351562,29.68000030517578,30.079999923706055,24.24440574645996,30400,RZA
2016-05-12,30.09000015258789,30.149999618530273,29.959999084472656,30.049999237060547,24.22022247314453,41100,RZA
2016-05-13,30.030000686645508,30.360000610351562,30.0,30.030000686645508,24.2041015625,33200,RZA
2016-05-16,30.079999923706055,30.34000015258789,29.989999771118164,30.010000228881836,24.18798065185547,45900,RZA
2016-05-17,29.969999313354492,30.399999618530273,29.969999313354492,30.059999465942383,24.228282928466797,30100,RZA
2016-05-18,29.90999984741211,30.190000534057617,29.850000381469727,30.010000228881836,24.18798065185547,23700,RZA
2016-05-19,29.889999389648438,29.889999389648438,29.239999771118164,29.59000015258789,23.84946632385254,61700,RZA
2016-05-20,29.3700008392334,29.6299991607666,29.350000381469727,29.579999923706055,23.841405868530273,34600,RZA
2016-05-23,29.760000228881836,30.15999984741211,29.520000457763672,29.850000381469727,24.059024810791016,46400,RZA
2016-05-24,29.899999618530273,30.0,29.690000534057617,29.84000015258789,24.050962448120117,47400,RZA
2016-05-25,29.90999984741211,30.110000610351562,29.649999618530273,29.920000076293945,24.115440368652344,43700,RZA
2016-05-26,29.920000076293945,30.139999389648438,29.729999542236328,29.790000915527344,24.010662078857422,40300,RZA
2016-05-27,29.6200008392334,29.68000030517578,29.40999984741211,29.459999084472656,24.058029174804688,32000,RZA
2016-05-31,29.530000686645508,29.889999389648438,29.3799991607666,29.489999771118164,24.082523345947266,50000,RZA
2016-06-01,29.5,29.68000030517578,29.209999084472656,29.450000762939453,24.04986572265625,39500,RZA
2016-06-02,29.3799991607666,29.6299991607666,29.3799991607666,29.469999313354492,24.066190719604492,30100,RZA
2016-06-03,29.540000915527344,29.6200008392334,29.360000610351562,29.549999237060547,24.13152503967285,49700,RZA
2016-06-06,29.450000762939453,29.799999237060547,29.200000762939453,29.299999237060547,23.927364349365234,42400,RZA
2016-06-07,29.25,29.3700008392334,29.25,29.350000381469727,23.96820068359375,21000,RZA
2016-06-08,29.270000457763672,29.43000030517578,29.270000457763672,29.3700008392334,23.984529495239258,35200,RZA
2016-06-09,29.239999771118164,29.479999542236328,29.239999771118164,29.469999313354492,24.066190719604492,27400,RZA
2016-06-10,29.290000915527344,29.75,29.260000228881836,29.3700008392334,23.984529495239258,33100,RZA
2016-06-13,29.299999237060547,29.729999542236328,29.229999542236328,29.229999542236328,23.870201110839844,27100,RZA
2016-06-14,29.229999542236328,29.860000610351562,29.229999542236328,29.520000457763672,24.107025146484375,24800,RZA
2016-06-15,29.6299991607666,30.1200008392334,29.510000228881836,29.690000534057617,24.245849609375,25700,RZA
2016-06-16,29.760000228881836,29.84000015258789,29.3799991607666,29.59000015258789,24.16419219970703,69100,RZA
2016-06-17,29.469999313354492,29.709999084472656,29.420000076293945,29.520000457763672,24.107025146484375,52000,RZA
2016-06-20,29.530000686645508,29.6200008392334,29.530000686645508,29.59000015258789,24.16419219970703,39000,RZA
2016-06-21,29.520000457763672,29.649999618530273,29.520000457763672,29.59000015258789,24.16419219970703,21400,RZA
2016-06-22,29.530000686645508,29.610000610351562,29.350000381469727,29.469999313354492,24.066190719604492,34000,RZA
2016-06-23,29.440000534057617,29.59000015258789,29.440000534057617,29.469999313354492,24.066190719604492,27500,RZA
2016-06-24,28.950000762939453,29.6200008392334,28.950000762939453,29.6200008392334,24.188688278198242,23000,RZA
2016-06-27,29.549999237060547,29.809999465942383,29.399999618530273,29.600000381469727,24.1723575592041,25500,RZA
2016-06-28,29.600000381469727,29.600000381469727,29.479999542236328,29.530000686645508,24.115192413330078,44200,RZA
2016-06-29,29.520000457763672,29.56999969482422,29.5,29.520000457763672,24.107025146484375,44600,RZA
2016-06-30,29.59000015258789,30.149999618530273,29.579999923706055,29.760000228881836,24.303014755249023,45000,RZA
2016-07-01,29.969999313354492,29.969999313354492,29.15999984741211,29.190000534057617,23.837535858154297,33400,RZA
2016-07-05,29.09000015258789,29.3799991607666,29.059999465942383,29.139999389648438,23.796703338623047,24600,RZA
2016-07-06,29.030000686645508,29.690000534057617,29.030000686645508,29.690000534057617,24.245849609375,28900,RZA
2016-07-07,29.690000534057617,30.149999618530273,29.690000534057617,29.979999542236328,24.482675552368164,42600,RZA
2016-07-08,29.920000076293945,30.1200008392334,29.920000076293945,29.959999084472656,24.46634292602539,35800,RZA
2016-07-11,30.049999237060547,30.1299991607666,29.920000076293945,30.010000228881836,24.50717544555664,24000,RZA
2016-07-12,30.010000228881836,30.5,30.010000228881836,30.270000457763672,24.719499588012695,20500,RZA
2016-07-13,30.309999465942383,30.520000457763672,30.1200008392334,30.149999618530273,24.621505737304688,45300,RZA
2016-07-14,30.020000457763672,30.3799991607666,30.020000457763672,30.329999923706055,24.76849937438965,33000,RZA
2016-07-15,30.239999771118164,30.700000762939453,30.239999771118164,30.540000915527344,24.939992904663086,63200,RZA
2016-07-18,30.459999084472656,30.709999084472656,30.459999084472656,30.6299991607666,25.01348876953125,21500,RZA
2016-07-19,30.6299991607666,31.079999923706055,30.600000381469727,31.049999237060547,25.356475830078125,25700,RZA
2016-07-20,30.920000076293945,31.079999923706055,30.75,30.829999923706055,25.176815032958984,46900,RZA
2016-07-21,30.969999313354492,31.010000228881836,30.700000762939453,30.780000686645508,25.135982513427734,39400,RZA
2016-07-22,30.739999771118164,30.799999237060547,30.700000762939453,30.790000915527344,25.144149780273438,43200,RZA
2016-07-25,30.709999084472656,30.709999084472656,30.479999542236328,30.530000686645508,24.931825637817383,25900,RZA
2016-07-26,30.540000915527344,30.690000534057617,30.540000915527344,30.639999389648438,25.02165412902832,37600,RZA
2016-07-27,30.56999969482422,30.780000686645508,30.479999542236328,30.6299991607666,25.01348876953125,28600,RZA
2016-07-28,30.610000610351562,30.850000381469727,30.610000610351562,30.639999389648438,25.02165412902832,31100,RZA
2016-07-29,30.600000381469727,30.790000915527344,30.600000381469727,30.639999389648438,25.02165412902832,54100,RZA
2016-08-01,30.639999389648438,30.760000228881836,30.600000381469727,30.65999984741211,25.037988662719727,40200,RZA
2016-08-02,30.65999984741211,30.780000686645508,30.65999984741211,30.75,25.111486434936523,24400,RZA
2016-08-03,30.68000030517578,30.84000015258789,30.68000030517578,30.739999771118164,25.103317260742188,31400,RZA
2016-08-04,30.719999313354492,31.049999237060547,30.719999313354492,31.030000686645508,25.340145111083984,49200,RZA
2016-08-05,30.959999084472656,31.229999542236328,30.75,30.84000015258789,25.184978485107422,66700,RZA
2016-08-08,30.81999969482422,31.1299991607666,30.81999969482422,30.940000534057617,25.266643524169922,40800,RZA
2016-08-09,31.049999237060547,31.100000381469727,30.75,30.850000381469727,25.193147659301758,84000,RZA
2016-08-10,30.780000686645508,30.950000762939453,30.780000686645508,30.850000381469727,25.193147659301758,40600,RZA
2016-08-11,30.809999465942383,30.920000076293945,30.780000686645508,30.8799991607666,25.217641830444336,22000,RZA
2016-08-12,30.8799991607666,30.959999084472656,30.770000457763672,30.860000610351562,25.201316833496094,30600,RZA
2016-08-15,30.850000381469727,30.940000534057617,30.809999465942383,30.889999389648438,25.225811004638672,19000,RZA
2016-08-16,30.81999969482422,30.920000076293945,30.790000915527344,30.8700008392334,25.20948028564453,37700,RZA
2016-08-17,30.770000457763672,31.049999237060547,30.770000457763672,30.899999618530273,25.233978271484375,31700,RZA
2016-08-18,30.8700008392334,31.059999465942383,30.8700008392334,30.90999984741211,25.242143630981445,25400,RZA
2016-08-19,30.989999771118164,31.059999465942383,30.709999084472656,30.829999923706055,25.176815032958984,25900,RZA
2016-08-22,30.829999923706055,30.899999618530273,30.690000534057617,30.799999237060547,25.152315139770508,31000,RZA
2016-08-23,30.920000076293945,30.920000076293945,30.729999542236328,30.729999542236328,25.095151901245117,13900,RZA
2016-08-24,30.690000534057617,30.850000381469727,30.690000534057617,30.81999969482422,25.168651580810547,26900,RZA
2016-08-25,30.75,30.940000534057617,30.75,30.829999923706055,25.176815032958984,24200,RZA
2016-08-26,30.850000381469727,30.940000534057617,30.760000228881836,30.8700008392334,25.20948028564453,16900,RZA
2016-08-29,30.829999923706055,30.899999618530273,30.790000915527344,30.850000381469727,25.193147659301758,35000,RZA
2016-08-30,30.5,30.639999389648438,30.5,30.6200008392334,25.005321502685547,19700,RZA
2016-08-31,30.729999542236328,30.75,30.540000915527344,30.639999389648438,25.02165412902832,35700,RZA
2016-09-01,30.65999984741211,30.65999984741211,30.59000015258789,30.649999618530273,25.029821395874023,22500,RZA
2016-09-02,30.729999542236328,30.729999542236328,30.56999969482422,30.6200008392334,25.005321502685547,14100,RZA
2016-09-06,30.719999313354492,30.84000015258789,30.469999313354492,30.649999618530273,25.029821395874023,14500,RZA
2016-09-07,30.700000762939453,30.700000762939453,30.510000228881836,30.59000015258789,24.980823516845703,18100,RZA
2016-09-08,30.469999313354492,30.670000076293945,30.469999313354492,30.649999618530273,25.029821395874023,17300,RZA
2016-09-09,30.59000015258789,30.610000610351562,29.950000762939453,30.149999618530273,24.621505737304688,37700,RZA
2016-09-12,30.09000015258789,30.09000015258789,29.809999465942383,29.940000534057617,24.450014114379883,27100,RZA
2016-09-13,29.860000610351562,29.860000610351562,29.59000015258789,29.739999771118164,24.28668212890625,24000,RZA
2016-09-14,29.729999542236328,29.81999969482422,29.56999969482422,29.670000076293945,24.229522705078125,27100,RZA
2016-09-15,29.68000030517578,29.68000030517578,29.579999923706055,29.600000381469727,24.1723575592041,11500,RZA
2016-09-16,29.540000915527344,29.719999313354492,29.100000381469727,29.15999984741211,23.81303596496582,18000,RZA
2016-09-19,29.190000534057617,29.5,29.190000534057617,29.450000762939453,24.04986572265625,21200,RZA
2016-09-20,29.3799991607666,29.440000534057617,29.290000915527344,29.43000030517578,24.033525466918945,21700,RZA
2016-09-21,29.440000534057617,29.530000686645508,29.280000686645508,29.40999984741211,24.017196655273438,67300,RZA
2016-09-22,29.520000457763672,29.729999542236328,29.459999084472656,29.549999237060547,24.13152503967285,45800,RZA
2016-09-23,29.540000915527344,29.649999618530273,29.530000686645508,29.540000915527344,24.12335777282715,15700,RZA
2016-09-26,29.510000228881836,29.549999237060547,29.3700008392334,29.440000534057617,24.04169273376465,25900,RZA
2016-09-27,29.3700008392334,29.459999084472656,29.3700008392334,29.43000030517578,24.033525466918945,22900,RZA
2016-09-28,29.40999984741211,29.520000457763672,29.3700008392334,29.389999389648438,24.0008602142334,22800,RZA
2016-09-29,29.360000610351562,29.450000762939453,28.940000534057617,28.940000534057617,23.63337516784668,26300,RZA
2016-09-30,29.200000762939453,29.200000762939453,28.719999313354492,28.719999313354492,23.453718185424805,54100,RZA
2016-10-03,28.8700008392334,29.200000762939453,28.770000457763672,29.0,23.682374954223633,27200,RZA
2016-10-04,29.030000686645508,29.149999618530273,28.829999923706055,28.8700008392334,23.57621192932129,11300,RZA
2016-10-05,28.81999969482422,28.950000762939453,28.59000015258789,28.600000381469727,23.35572624206543,35800,RZA
2016-10-06,28.600000381469727,28.809999465942383,28.459999084472656,28.459999084472656,23.241390228271484,39300,RZA
2016-10-07,28.5,28.860000610351562,28.40999984741211,28.520000457763672,23.290388107299805,61300,RZA
2016-10-10,28.510000228881836,28.6299991607666,28.3799991607666,28.559999465942383,23.32305908203125,23100,RZA
2016-10-11,28.540000915527344,28.540000915527344,27.889999389648438,28.329999923706055,23.13523292541504,19500,RZA
2016-10-12,28.149999618530273,28.56999969482422,28.149999618530273,28.43000030517578,23.216894149780273,24700,RZA
2016-10-13,28.389999389648438,28.719999313354492,27.989999771118164,28.719999313354492,23.453718185424805,25300,RZA
2016-10-14,28.579999923706055,28.889999389648438,28.479999542236328,28.8700008392334,23.57621192932129,20500,RZA
2016-10-17,28.690000534057617,28.90999984741211,28.690000534057617,28.90999984741211,23.60887908935547,10400,RZA
2016-10-18,28.969999313354492,29.360000610351562,28.899999618530273,29.25,23.886531829833984,31800,RZA
2016-10-19,29.059999465942383,29.40999984741211,29.049999237060547,29.34000015258789,23.960031509399414,45300,RZA
2016-10-20,29.25,29.350000381469727,29.229999542236328,29.350000381469727,23.96820068359375,21900,RZA
2016-10-21,29.350000381469727,29.6299991607666,29.219999313354492,29.6299991607666,24.196853637695312,36500,RZA
2016-10-24,29.559999465942383,30.040000915527344,29.559999465942383,29.950000762939453,24.458175659179688,20400,RZA
2016-10-25,29.610000610351562,29.950000762939453,29.610000610351562,29.850000381469727,24.376516342163086,36100,RZA
2016-10-26,29.540000915527344,29.75,29.510000228881836,29.739999771118164,24.28668212890625,19000,RZA
2016-10-27,29.68000030517578,29.68000030517578,29.149999618530273,29.40999984741211,24.017196655273438,28000,RZA
2016-10-28,28.600000381469727,28.959999084472656,28.600000381469727,28.850000381469727,23.55988121032715,18200,RZA
2016-10-31,28.770000457763672,28.829999923706055,28.59000015258789,28.59000015258789,23.347557067871094,23100,RZA
2016-11-01,28.579999923706055,28.75,28.420000076293945,28.520000457763672,23.290388107299805,19800,RZA
2016-11-02,28.5,28.56999969482422,28.25,28.299999237060547,23.110733032226562,17000,RZA
2016-11-03,28.350000381469727,28.350000381469727,27.700000762939453,27.709999084472656,22.628915786743164,27300,RZA
2016-11-04,27.700000762939453,28.040000915527344,27.700000762939453,27.780000686645508,22.686084747314453,16400,RZA
2016-11-07,28.030000686645508,28.270000457763672,27.729999542236328,27.969999313354492,22.84123992919922,12000,RZA
2016-11-08,27.81999969482422,28.0,27.719999313354492,27.860000610351562,22.751415252685547,20100,RZA
2016-11-09,27.700000762939453,27.8799991607666,27.43000030517578,27.68000030517578,22.604419708251953,23900,RZA
2016-11-10,27.700000762939453,27.700000762939453,26.8700008392334,26.8799991607666,21.95111083984375,37400,RZA
2016-11-11,26.6200008392334,27.139999389648438,26.209999084472656,26.81999969482422,21.90211296081543,38800,RZA
2016-11-14,26.399999618530273,26.8700008392334,25.690000534057617,26.270000457763672,21.45296287536621,31300,RZA
2016-11-15,26.399999618530273,27.760000228881836,26.399999618530273,27.479999542236328,22.441089630126953,20600,RZA
2016-11-16,27.399999618530273,28.139999389648438,27.25,27.920000076293945,22.8004093170166,40600,RZA
2016-11-17,27.770000457763672,28.3799991607666,27.709999084472656,28.329999923706055,23.13523292541504,66600,RZA
2016-11-18,28.15999984741211,28.260000228881836,27.770000457763672,27.780000686645508,22.686084747314453,43400,RZA
2016-11-21,27.84000015258789,28.100000381469727,27.84000015258789,27.969999313354492,22.84123992919922,20700,RZA
2016-11-22,28.100000381469727,28.25,27.899999618530273,28.100000381469727,22.947404861450195,27700,RZA
2016-11-23,27.90999984741211,28.059999465942383,27.760000228881836,27.950000762939453,22.824913024902344,24400,RZA
2016-11-25,27.93000030517578,28.239999771118164,27.920000076293945,28.1200008392334,22.9637393951416,9900,RZA
2016-11-28,27.959999084472656,28.219999313354492,27.959999084472656,28.219999313354492,23.045400619506836,18100,RZA
2016-11-29,27.8700008392334,27.989999771118164,27.68000030517578,27.770000457763672,22.677913665771484,19100,RZA
2016-11-30,27.649999618530273,27.649999618530273,26.549999237060547,27.229999542236328,22.236934661865234,21600,RZA
2016-12-01,27.200000762939453,27.3700008392334,26.670000076293945,26.950000762939453,22.00827407836914,23200,RZA
2016-12-02,27.0,27.389999389648438,26.469999313354492,26.760000228881836,21.85311508178711,39300,RZA
2016-12-05,26.540000915527344,26.75,26.540000915527344,26.729999542236328,21.828615188598633,14700,RZA
2016-12-06,26.520000457763672,26.760000228881836,26.469999313354492,26.469999313354492,21.616287231445312,16700,RZA
2016-12-07,26.459999084472656,26.829999923706055,26.459999084472656,26.739999771118164,21.83678436279297,19100,RZA
2016-12-08,26.68000030517578,26.770000457763672,26.479999542236328,26.559999465942383,21.689790725708008,27900,RZA
2016-12-09,26.5,26.649999618530273,26.479999542236328,26.520000457763672,21.65712547302246,22000,RZA
2016-12-12,26.399999618530273,26.469999313354492,26.170000076293945,26.270000457763672,21.45296287536621,27000,RZA
2016-12-13,26.260000228881836,26.520000457763672,26.229999542236328,26.239999771118164,21.428466796875,25400,RZA
2016-12-14,26.209999084472656,26.440000534057617,26.18000030517578,26.34000015258789,21.510129928588867,47400,RZA
2016-12-15,26.299999237060547,26.299999237060547,25.8799991607666,26.09000015258789,21.305973052978516,64200,RZA
2016-12-16,26.059999465942383,26.450000762939453,26.020000457763672,26.239999771118164,21.428466796875,21400,RZA
2016-12-19,26.260000228881836,26.579999923706055,26.260000228881836,26.479999542236328,21.624454498291016,28700,RZA
2016-12-20,26.360000610351562,26.959999084472656,26.280000686645508,26.6200008392334,21.738784790039062,26100,RZA
2016-12-21,26.6299991607666,27.6200008392334,26.6200008392334,27.280000686645508,22.27776527404785,32100,RZA
2016-12-22,27.290000915527344,27.59000015258789,27.100000381469727,27.1299991607666,22.155271530151367,22700,RZA
2016-12-23,27.010000228881836,27.420000076293945,26.829999923706055,27.06999969482422,22.106271743774414,10900,RZA
2016-12-27,26.889999389648438,27.3700008392334,26.75,26.8799991607666,21.95111083984375,23500,RZA
2016-12-28,26.93000030517578,26.969999313354492,26.75,26.950000762939453,22.00827407836914,13500,RZA
2016-12-29,26.81999969482422,27.3700008392334,26.81999969482422,27.350000381469727,22.334928512573242,20400,RZA
2016-12-30,27.200000762939453,27.479999542236328,26.950000762939453,26.979999542236328,22.032773971557617,11900,RZA
2017-01-03,26.799999237060547,27.520000457763672,26.799999237060547,27.520000457763672,22.473756790161133,17200,RZA
2017-01-04,27.3799991607666,28.170000076293945,27.3799991607666,28.0,22.865739822387695,18000,RZA
2017-01-05,27.90999984741211,28.389999389648438,27.90999984741211,28.360000610351562,23.15972900390625,22300,RZA
2017-01-06,28.200000762939453,28.489999771118164,28.1200008392334,28.440000534057617,23.225061416625977,24600,RZA
2017-01-09,28.40999984741211,28.510000228881836,28.200000762939453,28.280000686645508,23.094398498535156,18400,RZA
2017-01-10,28.219999313354492,28.860000610351562,28.209999084472656,28.600000381469727,23.35572624206543,25700,RZA
2017-01-11,28.440000534057617,28.690000534057617,28.360000610351562,28.65999984741211,23.404720306396484,13700,RZA
2017-01-12,28.5,28.829999923706055,28.450000762939453,28.600000381469727,23.35572624206543,21700,RZA
2017-01-13,28.59000015258789,28.90999984741211,28.329999923706055,28.579999923706055,23.33938980102539,22600,RZA
2017-01-17,28.479999542236328,28.84000015258789,28.420000076293945,28.610000610351562,23.363889694213867,43900,RZA
2017-01-18,28.469999313354492,28.739999771118164,28.469999313354492,28.690000534057617,23.429216384887695,10800,RZA
2017-01-19,28.579999923706055,28.579999923706055,28.139999389648438,28.489999771118164,23.26589012145996,43200,RZA
2017-01-20,28.43000030517578,28.75,28.010000228881836,28.059999465942383,22.914737701416016,89500,RZA
2017-01-23,28.280000686645508,28.690000534057617,28.1299991607666,28.459999084472656,23.241390228271484,24000,RZA
2017-01-24,28.450000762939453,28.56999969482422,28.3700008392334,28.3700008392334,23.167898178100586,19500,RZA
2017-01-25,28.31999969482422,28.3799991607666,28.010000228881836,28.030000686645508,22.89023780822754,30000,RZA
2017-01-26,27.700000762939453,28.020000457763672,27.5,27.5,22.457422256469727,20500,RZA
2017-01-27,27.579999923706055,28.040000915527344,27.579999923706055,28.010000228881836,22.87390899658203,21800,RZA
2017-01-30,28.020000457763672,28.1299991607666,27.979999542236328,28.049999237060547,22.906572341918945,34500,RZA
2017-01-31,28.040000915527344,28.190000534057617,28.0,28.190000534057617,23.020902633666992,54200,RZA
2017-02-01,28.190000534057617,28.299999237060547,28.149999618530273,28.25,23.06989860534668,61100,RZA
2017-02-02,28.09000015258789,28.3700008392334,27.989999771118164,28.190000534057617,23.020902633666992,22100,RZA
2017-02-03,28.209999084472656,28.920000076293945,28.209999084472656,28.790000915527344,23.510883331298828,24600,RZA
2017-02-06,28.959999084472656,29.0,28.579999923706055,28.979999542236328,23.666040420532227,23400,RZA
2017-02-07,28.989999771118164,29.079999923706055,28.84000015258789,29.079999923706055,23.74770736694336,14900,RZA
2017-02-08,29.06999969482422,29.450000762939453,28.8700008392334,29.06999969482422,23.739540100097656,22600,RZA
2017-02-09,29.100000381469727,29.280000686645508,28.979999542236328,29.09000015258789,23.755870819091797,22500,RZA
2017-02-10,28.8700008392334,29.18000030517578,28.8700008392334,29.030000686645508,23.70687484741211,23800,RZA
2017-02-13,29.219999313354492,29.229999542236328,29.110000610351562,29.1200008392334,23.78036880493164,10500,RZA
2017-02-14,29.1200008392334,29.229999542236328,28.860000610351562,29.06999969482422,23.739540100097656,33400,RZA
2017-02-15,28.969999313354492,29.219999313354492,28.969999313354492,29.170000076293945,23.821199417114258,16000,RZA
2017-02-16,29.06999969482422,29.270000457763672,29.06999969482422,29.190000534057617,23.837535858154297,15400,RZA
2017-02-17,29.110000610351562,29.209999084472656,29.06999969482422,29.06999969482422,23.739540100097656,15000,RZA
2017-02-21,29.139999389648438,29.25,29.100000381469727,29.25,23.886531829833984,14600,RZA
2017-02-22,29.139999389648438,29.25,29.139999389648438,29.25,23.886531829833984,12000,RZA
2017-02-23,29.25,29.68000030517578,29.219999313354492,29.68000030517578,24.237689971923828,14100,RZA
2017-02-24,29.530000686645508,29.989999771118164,29.530000686645508,29.989999771118164,24.490842819213867,12100,RZA
2017-02-27,30.600000381469727,30.600000381469727,29.600000381469727,29.639999389648438,24.205018997192383,36300,RZA
2017-02-28,29.639999389648438,29.639999389648438,29.1299991607666,29.290000915527344,23.919198989868164,34500,RZA
2017-03-01,29.079999923706055,29.200000762939453,28.75,28.860000610351562,23.56804847717285,43700,RZA
2017-03-02,28.670000076293945,28.799999237060547,28.239999771118164,28.40999984741211,23.2005615234375,25700,RZA
2017-03-03,28.280000686645508,28.489999771118164,28.200000762939453,28.440000534057617,23.225061416625977,16500,RZA
2017-03-06,28.399999618530273,28.59000015258789,28.290000915527344,28.59000015258789,23.347557067871094,17500,RZA
2017-03-07,28.350000381469727,28.549999237060547,28.350000381469727,28.459999084472656,23.241390228271484,10000,RZA
2017-03-08,28.459999084472656,28.459999084472656,28.079999923706055,28.31999969482422,23.127063751220703,11900,RZA
2017-03-09,28.139999389648438,28.200000762939453,27.770000457763672,28.1299991607666,22.97190284729004,17000,RZA
2017-03-10,27.959999084472656,28.079999923706055,27.68000030517578,27.799999237060547,22.70241355895996,25500,RZA
2017-03-13,27.6299991607666,27.93000030517578,27.6299991607666,27.719999313354492,22.637083053588867,8800,RZA
2017-03-14,27.540000915527344,27.780000686645508,27.540000915527344,27.68000030517578,22.604419708251953,11100,RZA
2017-03-15,27.649999618530273,27.829999923706055,27.639999389648438,27.700000762939453,22.620752334594727,71700,RZA
2017-03-16,27.770000457763672,28.059999465942383,27.770000457763672,27.93000030517578,22.808578491210938,29800,RZA
2017-03-17,28.0,28.09000015258789,27.969999313354492,28.030000686645508,22.89023780822754,20800,RZA
2017-03-20,28.06999969482422,28.100000381469727,28.010000228881836,28.020000457763672,22.882070541381836,22300,RZA
2017-03-21,28.020000457763672,28.06999969482422,27.829999923706055,27.850000381469727,22.743244171142578,39100,RZA
2017-03-22,27.90999984741211,28.0,27.809999465942383,27.93000030517578,22.808578491210938,10700,RZA
2017-03-23,27.93000030517578,28.170000076293945,27.8799991607666,28.139999389648438,22.98006820678711,32100,RZA
2017-03-24,28.139999389648438,28.479999542236328,28.06999969482422,28.149999618530273,22.988235473632812,30900,RZA
2017-03-27,28.139999389648438,28.200000762939453,28.079999923706055,28.1200008392334,22.9637393951416,25600,RZA
2017-03-28,28.209999084472656,28.280000686645508,28.139999389648438,28.149999618530273,22.988235473632812,15900,RZA
2017-03-29,28.200000762939453,28.239999771118164,28.09000015258789,28.190000534057617,23.020902633666992,34500,RZA
2017-03-30,28.149999618530273,28.420000076293945,28.149999618530273,28.40999984741211,23.2005615234375,22400,RZA
2017-03-31,28.389999389648438,28.56999969482422,28.389999389648438,28.520000457763672,23.290388107299805,15300,RZA
2017-04-03,28.549999237060547,28.899999618530273,28.3799991607666,28.889999389648438,23.592540740966797,41200,RZA
2017-04-04,28.65999984741211,29.209999084472656,28.65999984741211,29.190000534057617,23.837535858154297,48600,RZA
2017-04-05,29.139999389648438,29.329999923706055,28.84000015258789,29.15999984741211,23.81303596496582,15600,RZA
2017-04-06,28.989999771118164,29.190000534057617,28.989999771118164,29.149999618530273,23.804868698120117,24600,RZA
2017-04-07,29.399999618530273,29.399999618530273,29.1299991607666,29.200000762939453,23.845701217651367,13000,RZA
2017-04-10,29.059999465942383,29.510000228881836,29.059999465942383,29.329999923706055,23.95186424255371,26000,RZA
2017-04-11,29.270000457763672,29.420000076293945,29.030000686645508,29.190000534057617,23.837535858154297,16000,RZA
2017-04-12,29.229999542236328,29.239999771118164,29.059999465942383,29.209999084472656,23.85386848449707,8400,RZA
2017-04-13,29.1200008392334,29.450000762939453,29.1200008392334,29.299999237060547,23.927364349365234,15800,RZA
2017-04-17,29.399999618530273,29.920000076293945,29.3700008392334,29.829999923706055,24.36018180847168,13200,RZA
2017-04-18,29.610000610351562,29.739999771118164,29.309999465942383,29.43000030517578,24.033525466918945,32800,RZA
2017-04-19,29.489999771118164,29.5,29.34000015258789,29.3700008392334,23.984529495239258,10700,RZA
2017-04-20,29.350000381469727,29.549999237060547,29.309999465942383,29.350000381469727,23.96820068359375,22700,RZA
2017-04-21,29.360000610351562,29.420000076293945,29.290000915527344,29.350000381469727,23.96820068359375,21100,RZA
2017-04-24,29.43000030517578,29.43000030517578,29.25,29.360000610351562,23.976364135742188,20800,RZA
2017-04-25,29.399999618530273,29.399999618530273,29.229999542236328,29.399999618530273,24.00902557373047,21900,RZA
2017-04-26,29.389999389648438,29.420000076293945,29.079999923706055,29.079999923706055,23.74770736694336,17900,RZA
2017-04-27,29.079999923706055,29.34000015258789,29.079999923706055,29.34000015258789,23.960031509399414,23100,RZA
2017-04-28,29.399999618530273,29.43000030517578,29.290000915527344,29.43000030517578,24.033525466918945,25000,RZA
2017-05-01,29.399999618530273,29.489999771118164,29.350000381469727,29.350000381469727,23.96820068359375,16900,RZA
2017-05-02,29.399999618530273,29.399999618530273,29.149999618530273,29.399999618530273,24.00902557373047,409000,RZA
2017-05-03,29.479999542236328,29.479999542236328,29.18000030517578,29.299999237060547,23.927364349365234,326500,RZA
2017-05-04,29.479999542236328,29.479999542236328,29.149999618530273,29.329999923706055,23.95186424255371,72200,RZA
2017-05-05,29.3700008392334,29.3700008392334,29.149999618530273,29.290000915527344,23.919198989868164,11200,RZA
2017-05-08,29.260000228881836,29.40999984741211,29.260000228881836,29.3799991607666,23.992694854736328,16100,RZA
2017-05-09,29.43000030517578,29.450000762939453,29.3700008392334,29.440000534057617,24.04169273376465,21900,RZA
2017-05-10,29.479999542236328,29.579999923706055,29.399999618530273,29.520000457763672,24.107025146484375,17700,RZA
2017-05-11,29.559999465942383,29.600000381469727,29.450000762939453,29.559999465942383,24.139694213867188,10400,RZA
2017-05-12,29.459999084472656,29.6200008392334,29.440000534057617,29.510000228881836,24.09885597229004,21100,RZA
2017-05-15,29.479999542236328,29.700000762939453,29.479999542236328,29.700000762939453,24.25402069091797,8200,RZA
2017-05-16,29.829999923706055,29.829999923706055,29.59000015258789,29.68000030517578,24.237689971923828,19400,RZA
2017-05-17,29.450000762939453,29.59000015258789,29.40999984741211,29.489999771118164,24.082523345947266,23500,RZA
2017-05-18,29.399999618530273,29.610000610351562,29.399999618530273,29.440000534057617,24.04169273376465,35800,RZA
2017-05-19,29.40999984741211,29.75,29.399999618530273,29.440000534057617,24.04169273376465,17900,RZA
2017-05-22,29.56999969482422,29.56999969482422,29.3700008392334,29.469999313354492,24.066190719604492,16200,RZA
2017-05-23,29.520000457763672,29.56999969482422,29.450000762939453,29.530000686645508,24.115192413330078,12700,RZA
2017-05-24,29.530000686645508,29.6299991607666,29.450000762939453,29.479999542236328,24.07436180114746,8000,RZA
2017-05-25,29.59000015258789,29.610000610351562,29.489999771118164,29.540000915527344,24.12335777282715,27800,RZA
2017-05-26,29.56999969482422,29.56999969482422,29.3799991607666,29.420000076293945,24.025362014770508,17200,RZA
2017-05-30,29.06999969482422,29.309999465942383,29.049999237060547,29.170000076293945,23.821199417114258,10700,RZA
2017-05-31,29.100000381469727,29.260000228881836,29.030000686645508,29.059999465942383,23.731374740600586,21000,RZA
2017-06-01,29.18000030517578,29.239999771118164,29.030000686645508,29.1299991607666,23.788536071777344,14800,RZA
2017-06-02,29.170000076293945,29.299999237060547,29.15999984741211,29.299999237060547,23.927364349365234,14500,RZA
2017-06-05,29.200000762939453,29.540000915527344,29.1299991607666,29.459999084472656,24.058029174804688,19900,RZA
2017-06-06,29.510000228881836,29.510000228881836,29.260000228881836,29.440000534057617,24.04169273376465,36000,RZA
2017-06-07,29.479999542236328,29.690000534057617,29.260000228881836,29.420000076293945,24.025362014770508,7600,RZA
2017-06-08,29.43000030517578,29.459999084472656,29.34000015258789,29.450000762939453,24.04986572265625,8200,RZA
2017-06-09,29.450000762939453,29.579999923706055,29.360000610351562,29.40999984741211,24.017196655273438,20800,RZA
2017-06-12,29.479999542236328,29.479999542236328,29.360000610351562,29.399999618530273,24.00902557373047,7500,RZA
2017-06-13,29.3799991607666,29.3799991607666,29.239999771118164,29.329999923706055,23.95186424255371,18500,RZA
2017-06-14,29.43000030517578,29.68000030517578,29.309999465942383,29.360000610351562,23.976364135742188,16800,RZA
2017-06-15,29.309999465942383,29.3799991607666,29.200000762939453,29.239999771118164,23.878366470336914,43000,RZA
2017-06-16,29.270000457763672,29.420000076293945,29.1200008392334,29.329999923706055,23.95186424255371,12700,RZA
2017-06-19,29.440000534057617,29.440000534057617,29.280000686645508,29.360000610351562,23.976364135742188,12900,RZA
2017-06-20,29.420000076293945,29.469999313354492,29.329999923706055,29.350000381469727,23.96820068359375,16100,RZA
2017-06-21,29.479999542236328,29.479999542236328,29.270000457763672,29.360000610351562,23.976364135742188,9900,RZA
2017-06-22,29.450000762939453,29.469999313354492,29.34000015258789,29.450000762939453,24.04986572265625,9300,RZA
2017-06-23,29.469999313354492,29.579999923706055,29.420000076293945,29.479999542236328,24.07436180114746,42700,RZA
2017-06-26,29.540000915527344,29.549999237060547,29.360000610351562,29.389999389648438,24.0008602142334,81500,RZA
2017-06-27,29.399999618530273,29.59000015258789,29.3700008392334,29.420000076293945,24.025362014770508,57700,RZA
2017-06-28,29.31999969482422,29.420000076293945,29.309999465942383,29.309999465942383,23.935535430908203,16700,RZA
2017-06-29,29.299999237060547,29.309999465942383,29.190000534057617,29.299999237060547,23.927364349365234,19400,RZA
2017-06-30,29.34000015258789,29.989999771118164,29.25,29.809999465942383,24.343849182128906,18000,RZA
2017-07-03,29.84000015258789,30.049999237060547,29.65999984741211,30.020000457763672,24.51534080505371,7300,RZA
2017-07-05,29.959999084472656,29.959999084472656,29.709999084472656,29.799999237060547,24.335681915283203,15900,RZA
2017-07-06,29.850000381469727,29.920000076293945,29.760000228881836,29.8700008392334,24.39284324645996,24600,RZA
2017-07-07,29.75,29.90999984741211,29.75,29.889999389648438,24.409175872802734,21300,RZA
2017-07-10,29.780000686645508,30.059999465942383,29.780000686645508,30.010000228881836,24.50717544555664,43900,RZA
2017-07-11,29.90999984741211,30.040000915527344,29.809999465942383,29.809999465942383,24.343849182128906,27000,RZA
2017-07-12,29.81999969482422,29.959999084472656,29.68000030517578,29.719999313354492,24.270349502563477,22800,RZA
2017-07-13,29.75,29.889999389648438,29.6299991607666,29.6299991607666,24.196853637695312,169900,RZA
2017-07-14,29.81999969482422,29.860000610351562,29.489999771118164,29.489999771118164,24.082523345947266,20400,RZA
2017-07-17,29.75,29.75,29.520000457763672,29.520000457763672,24.107025146484375,14600,RZA
2017-07-18,29.459999084472656,29.760000228881836,29.420000076293945,29.670000076293945,24.229522705078125,18900,RZA
2017-07-19,29.690000534057617,29.809999465942383,29.420000076293945,29.420000076293945,24.025362014770508,18000,RZA
2017-07-20,29.420000076293945,29.610000610351562,29.34000015258789,29.520000457763672,24.107025146484375,17900,RZA
2017-07-21,29.579999923706055,29.579999923706055,29.399999618530273,29.510000228881836,24.09885597229004,37600,RZA
2017-07-24,29.5,29.510000228881836,29.43000030517578,29.5,24.09069061279297,11500,RZA
2017-07-25,29.40999984741211,29.479999542236328,29.40999984741211,29.440000534057617,24.04169273376465,8000,RZA
2017-07-26,29.31999969482422,29.489999771118164,29.31999969482422,29.329999923706055,23.95186424255371,11900,RZA
2017-07-27,29.579999923706055,29.579999923706055,29.389999389648438,29.469999313354492,24.066190719604492,7300,RZA
2017-07-28,29.489999771118164,29.5,29.329999923706055,29.479999542236328,24.07436180114746,40500,RZA
2017-07-31,29.479999542236328,29.479999542236328,29.329999923706055,29.420000076293945,24.025362014770508,14600,RZA
2017-08-01,29.530000686645508,29.549999237060547,29.350000381469727,29.440000534057617,24.04169273376465,12200,RZA
2017-08-02,29.420000076293945,29.5,29.3799991607666,29.420000076293945,24.025362014770508,117200,RZA
2017-08-03,29.399999618530273,29.5,29.260000228881836,29.270000457763672,23.90286636352539,178900,RZA
2017-08-04,29.200000762939453,29.299999237060547,29.200000762939453,29.219999313354492,23.86203384399414,69900,RZA
2017-08-07,29.31999969482422,29.399999618530273,29.260000228881836,29.290000915527344,23.919198989868164,24700,RZA
2017-08-08,29.360000610351562,29.40999984741211,29.25,29.280000686645508,23.91103172302246,13400,RZA
2017-08-09,29.34000015258789,29.34000015258789,29.200000762939453,29.290000915527344,23.919198989868164,19000,RZA
2017-08-10,29.3799991607666,29.3799991607666,29.010000228881836,29.1299991607666,23.788536071777344,20800,RZA
2017-08-11,29.25,29.25,28.610000610351562,28.809999465942383,23.5272159576416,31000,RZA
2017-08-14,29.290000915527344,29.290000915527344,28.90999984741211,29.149999618530273,23.804868698120117,5000,RZA
2017-08-15,29.270000457763672,29.270000457763672,29.0,29.079999923706055,23.74770736694336,111200,RZA
2017-08-16,29.079999923706055,29.209999084472656,29.079999923706055,29.170000076293945,23.821199417114258,6900,RZA
2017-08-17,29.18000030517578,29.209999084472656,28.729999542236328,29.139999389648438,23.796703338623047,5500,RZA
2017-08-18,29.209999084472656,29.209999084472656,28.90999984741211,29.15999984741211,23.81303596496582,10200,RZA
2017-08-21,29.209999084472656,29.209999084472656,28.940000534057617,28.979999542236328,23.666040420532227,11200,RZA
2017-08-22,29.15999984741211,29.15999984741211,28.889999389648438,28.969999313354492,23.65787696838379,16600,RZA
2017-08-23,29.149999618530273,29.149999618530273,28.790000915527344,28.860000610351562,23.56804847717285,11900,RZA
2017-08-24,28.950000762939453,29.1200008392334,28.829999923706055,29.06999969482422,23.739540100097656,545400,RZA
2017-08-25,29.139999389648438,29.170000076293945,28.93000030517578,29.100000381469727,23.764039993286133,9400,RZA
2017-08-28,29.15999984741211,29.15999984741211,28.729999542236328,29.020000457763672,23.698705673217773,70500,RZA
2017-08-29,29.010000228881836,29.1299991607666,28.860000610351562,29.049999237060547,23.72320556640625,20700,RZA
2017-08-30,28.700000762939453,28.81999969482422,28.489999771118164,28.81999969482422,23.535381317138672,9600,RZA
2017-08-31,29.040000915527344,29.049999237060547,28.780000686645508,29.049999237060547,23.72320556640625,21500,RZA
2017-09-01,29.350000381469727,29.350000381469727,28.770000457763672,29.1200008392334,23.78036880493164,11400,RZA
2017-09-05,29.290000915527344,29.290000915527344,28.889999389648438,28.950000762939453,23.64154052734375,13400,RZA
2017-09-06,29.1200008392334,29.1200008392334,28.639999389648438,28.969999313354492,23.65787696838379,16100,RZA
2017-09-07,28.860000610351562,29.190000534057617,28.479999542236328,28.84000015258789,23.551712036132812,25100,RZA
2017-09-08,28.799999237060547,28.799999237060547,28.489999771118164,28.5,23.274059295654297,17300,RZA
2017-09-11,28.719999313354492,29.100000381469727,28.719999313354492,29.100000381469727,23.764039993286133,19700,RZA
2017-09-12,29.149999618530273,29.149999618530273,28.8799991607666,28.940000534057617,23.63337516784668,16100,RZA
2017-09-13,29.020000457763672,29.020000457763672,28.719999313354492,28.8700008392334,23.57621192932129,9200,RZA
2017-09-14,28.8700008392334,28.8700008392334,28.030000686645508,28.360000610351562,23.15972900390625,26800,RZA
2017-09-15,28.3799991607666,28.420000076293945,28.18000030517578,28.31999969482422,23.127063751220703,14000,RZA
2017-09-18,28.360000610351562,28.3700008392334,28.1299991607666,28.18000030517578,23.012739181518555,12400,RZA
2017-09-19,28.209999084472656,28.260000228881836,27.93000030517578,27.93000030517578,22.808578491210938,15400,RZA
2017-09-20,27.93000030517578,28.1200008392334,27.920000076293945,27.959999084472656,22.83307647705078,24700,RZA
2017-09-21,28.100000381469727,28.190000534057617,28.040000915527344,28.1200008392334,22.9637393951416,12800,RZA
2017-09-22,28.1200008392334,28.25,27.950000762939453,28.25,23.06989860534668,17600,RZA
2017-09-25,28.260000228881836,28.450000762939453,28.209999084472656,28.43000030517578,23.216894149780273,15500,RZA
2017-09-26,28.360000610351562,28.40999984741211,28.190000534057617,28.270000457763672,23.08623504638672,14000,RZA
2017-09-27,28.260000228881836,28.479999542236328,28.020000457763672,28.43000030517578,23.216894149780273,24900,RZA
2017-09-28,28.3700008392334,28.3700008392334,28.200000762939453,28.360000610351562,23.15972900390625,17900,RZA
2017-09-29,28.270000457763672,28.450000762939453,28.219999313354492,28.450000762939453,23.23322868347168,13700,RZA
2017-10-02,28.450000762939453,28.489999771118164,28.3700008392334,28.420000076293945,23.20872688293457,9900,RZA
2017-10-03,28.469999313354492,28.479999542236328,28.299999237060547,28.299999237060547,23.110733032226562,9500,RZA
2017-10-04,28.309999465942383,28.479999542236328,28.309999465942383,28.360000610351562,23.15972900390625,6500,RZA
2017-10-05,28.3700008392334,28.440000534057617,28.239999771118164,28.420000076293945,23.20872688293457,13100,RZA
2017-10-06,28.389999389648438,28.389999389648438,27.979999542236328,28.219999313354492,23.045400619506836,56300,RZA
2017-10-09,28.31999969482422,28.31999969482422,27.649999618530273,27.770000457763672,22.677913665771484,18400,RZA
2017-10-10,27.760000228881836,28.110000610351562,27.760000228881836,27.8700008392334,22.759580612182617,12500,RZA
2017-10-11,27.8700008392334,28.0,27.850000381469727,27.969999313354492,22.84123992919922,11400,RZA
2017-10-12,27.979999542236328,28.239999771118164,27.920000076293945,28.149999618530273,22.988235473632812,11600,RZA
2017-10-13,28.15999984741211,28.3799991607666,28.15999984741211,28.31999969482422,23.127063751220703,10800,RZA
2017-10-16,28.229999542236328,28.360000610351562,28.229999542236328,28.290000915527344,23.102563858032227,8600,RZA
2017-10-17,28.1299991607666,28.600000381469727,28.1299991607666,28.600000381469727,23.35572624206543,34700,RZA
2017-10-18,28.739999771118164,28.979999542236328,28.5,28.959999084472656,23.649707794189453,34200,RZA
2017-10-19,28.8700008392334,29.139999389648438,28.8700008392334,29.1200008392334,23.78036880493164,20100,RZA
2017-10-20,29.110000610351562,29.270000457763672,28.600000381469727,29.239999771118164,23.878366470336914,36600,RZA
2017-10-23,29.15999984741211,29.270000457763672,28.90999984741211,29.170000076293945,23.821199417114258,22700,RZA
2017-10-24,29.25,29.25,29.040000915527344,29.18000030517578,23.829370498657227,15500,RZA
2017-10-25,29.040000915527344,29.040000915527344,28.709999084472656,28.729999542236328,23.461881637573242,32500,RZA
2017-10-26,28.809999465942383,28.809999465942383,28.389999389648438,28.700000762939453,23.437387466430664,29200,RZA
2017-10-27,28.469999313354492,28.75,28.34000015258789,28.399999618530273,23.192392349243164,24000,RZA
2017-10-30,28.420000076293945,28.450000762939453,27.969999313354492,27.969999313354492,22.84123992919922,87400,RZA
2017-10-31,28.170000076293945,28.270000457763672,28.049999237060547,28.049999237060547,22.906572341918945,46300,RZA
2017-11-01,28.1299991607666,28.219999313354492,28.049999237060547,28.09000015258789,22.939239501953125,13500,RZA
2017-11-02,28.09000015258789,28.09000015258789,27.84000015258789,27.920000076293945,22.8004093170166,24700,RZA
2017-11-03,27.860000610351562,28.25,27.860000610351562,27.889999389648438,22.77591323852539,14900,RZA
2017-11-06,27.920000076293945,27.920000076293945,27.700000762939453,27.780000686645508,22.686084747314453,35600,RZA
2017-11-07,27.760000228881836,27.8700008392334,27.739999771118164,27.809999465942383,22.710580825805664,16100,RZA
2017-11-08,27.770000457763672,27.889999389648438,27.739999771118164,27.84000015258789,22.73508071899414,17400,RZA
2017-11-09,27.739999771118164,27.989999771118164,27.739999771118164,27.84000015258789,22.73508071899414,27300,RZA
2017-11-10,27.790000915527344,27.790000915527344,27.59000015258789,27.700000762939453,22.620752334594727,31100,RZA
2017-11-13,27.649999618530273,27.889999389648438,27.59000015258789,27.59000015258789,22.53092384338379,31000,RZA
2017-11-14,27.579999923706055,27.670000076293945,27.530000686645508,27.549999237060547,22.49825668334961,25100,RZA
2017-11-15,27.540000915527344,27.639999389648438,27.459999084472656,27.549999237060547,22.49825668334961,57300,RZA
2017-11-16,27.610000610351562,27.790000915527344,27.559999465942383,27.739999771118164,22.653417587280273,26700,RZA
2017-11-17,27.81999969482422,28.030000686645508,27.81999969482422,28.030000686645508,22.89023780822754,22700,RZA
2017-11-20,28.059999465942383,28.350000381469727,28.0,28.149999618530273,22.988235473632812,17600,RZA
2017-11-21,28.239999771118164,28.399999618530273,28.1299991607666,28.389999389648438,23.184228897094727,16300,RZA
2017-11-22,28.40999984741211,28.65999984741211,28.280000686645508,28.6299991607666,23.380216598510742,10500,RZA
2017-11-24,28.65999984741211,28.770000457763672,28.43000030517578,28.75,23.47821617126465,7100,RZA
2017-11-27,28.649999618530273,28.739999771118164,28.600000381469727,28.649999618530273,23.396554946899414,18200,RZA
2017-11-28,28.559999465942383,28.639999389648438,28.350000381469727,28.43000030517578,23.216894149780273,16600,RZA
2017-11-29,28.40999984741211,28.40999984741211,27.760000228881836,27.969999313354492,22.84123992919922,49300,RZA
2017-11-30,27.639999389648438,27.780000686645508,27.479999542236328,27.600000381469727,22.856151580810547,54100,RZA
2017-12-01,27.670000076293945,28.0,27.579999923706055,27.940000534057617,23.137712478637695,25200,RZA
2017-12-04,27.950000762939453,28.079999923706055,27.829999923706055,28.0,23.187397003173828,24300,RZA
2017-12-05,27.950000762939453,28.170000076293945,27.950000762939453,28.15999984741211,23.319894790649414,17000,RZA
2017-12-06,28.079999923706055,28.329999923706055,28.020000457763672,28.280000686645508,23.419275283813477,47000,RZA
2017-12-07,28.389999389648438,28.489999771118164,28.25,28.469999313354492,23.576614379882812,17400,RZA
2017-12-08,28.459999084472656,28.549999237060547,28.3700008392334,28.489999771118164,23.59317970275879,10900,RZA
2017-12-11,28.329999923706055,28.520000457763672,28.25,28.34000015258789,23.46895980834961,18100,RZA
2017-12-12,28.290000915527344,28.329999923706055,28.110000610351562,28.15999984741211,23.319894790649414,10500,RZA
2017-12-13,28.170000076293945,28.190000534057617,27.780000686645508,28.049999237060547,23.228803634643555,82300,RZA
2017-12-14,27.920000076293945,28.0,27.809999465942383,27.979999542236328,23.170833587646484,46600,RZA
2017-12-15,27.899999618530273,28.059999465942383,27.850000381469727,27.8799991607666,23.08802032470703,23500,RZA
2017-12-18,27.950000762939453,28.040000915527344,27.8799991607666,27.959999084472656,23.154273986816406,24800,RZA
2017-12-19,28.030000686645508,28.030000686645508,27.719999313354492,27.850000381469727,23.063180923461914,36400,RZA
2017-12-20,27.920000076293945,27.979999542236328,27.760000228881836,27.760000228881836,22.988651275634766,25600,RZA
2017-12-21,27.799999237060547,27.90999984741211,27.770000457763672,27.81999969482422,23.038333892822266,15700,RZA
2017-12-22,27.809999465942383,27.889999389648438,27.809999465942383,27.850000381469727,23.063180923461914,11200,RZA
2017-12-26,27.81999969482422,27.889999389648438,27.809999465942383,27.809999465942383,23.030054092407227,14100,RZA
2017-12-27,27.760000228881836,27.780000686645508,27.68000030517578,27.700000762939453,22.938962936401367,17200,RZA
2017-12-28,27.729999542236328,27.799999237060547,27.559999465942383,27.559999465942383,22.82302474975586,33000,RZA
2017-12-29,27.6200008392334,27.709999084472656,27.350000381469727,27.520000457763672,22.78989601135254,59300,RZA
2018-01-02,27.40999984741211,27.59000015258789,26.989999771118164,27.31999969482422,22.62427520751953,50000,RZA
2018-01-03,27.299999237060547,27.479999542236328,27.299999237060547,27.350000381469727,22.649120330810547,41200,RZA
2018-01-04,27.219999313354492,27.450000762939453,27.079999923706055,27.280000686645508,22.59115219116211,25800,RZA
2018-01-05,27.399999618530273,27.709999084472656,27.200000762939453,27.520000457763672,22.78989601135254,19200,RZA
2018-01-08,27.639999389648438,27.639999389648438,27.34000015258789,27.56999969482422,22.831300735473633,13800,RZA
2018-01-09,27.739999771118164,27.739999771118164,27.59000015258789,27.709999084472656,22.947242736816406,17100,RZA
2018-01-10,27.65999984741211,27.760000228881836,27.459999084472656,27.75,22.98036766052246,12900,RZA
2018-01-11,27.75,27.860000610351562,27.670000076293945,27.760000228881836,22.988651275634766,36600,RZA
2018-01-12,27.690000534057617,27.889999389648438,27.690000534057617,27.829999923706055,23.04661750793457,30800,RZA
2018-01-16,27.799999237060547,27.8799991607666,27.649999618530273,27.850000381469727,23.063180923461914,37200,RZA
2018-01-17,27.709999084472656,27.809999465942383,27.649999618530273,27.68000030517578,22.922399520874023,15200,RZA
2018-01-18,27.5,27.75,27.450000762939453,27.59000015258789,22.847867965698242,15400,RZA
2018-01-19,27.670000076293945,27.670000076293945,27.399999618530273,27.399999618530273,22.690523147583008,19900,RZA
2018-01-22,27.350000381469727,27.489999771118164,27.229999542236328,27.479999542236328,22.756772994995117,25300,RZA
2018-01-23,27.299999237060547,27.56999969482422,27.299999237060547,27.56999969482422,22.831300735473633,26400,RZA
2018-01-24,27.56999969482422,27.950000762939453,27.469999313354492,27.93000030517578,23.12942886352539,35300,RZA
2018-01-25,27.84000015258789,27.989999771118164,27.610000610351562,27.950000762939453,23.1459903717041,81800,RZA
2018-01-26,27.850000381469727,28.1200008392334,27.709999084472656,28.1200008392334,23.286771774291992,52200,RZA
2018-01-29,28.059999465942383,28.059999465942383,27.600000381469727,28.020000457763672,23.20395851135254,39100,RZA
2018-01-30,27.739999771118164,28.049999237060547,27.600000381469727,27.770000457763672,22.996929168701172,22200,RZA
2018-01-31,27.989999771118164,28.040000915527344,27.639999389648438,27.84000015258789,23.054895401000977,27200,RZA
2018-02-01,27.84000015258789,27.90999984741211,27.729999542236328,27.8799991607666,23.08802032470703,62100,RZA
2018-02-02,27.700000762939453,27.899999618530273,27.489999771118164,27.760000228881836,22.988651275634766,37000,RZA
2018-02-05,27.649999618530273,27.719999313354492,26.81999969482422,27.25,22.566308975219727,29400,RZA
2018-02-06,27.100000381469727,27.6299991607666,26.920000076293945,27.530000686645508,22.798181533813477,17000,RZA
2018-02-07,27.530000686645508,27.8799991607666,27.479999542236328,27.790000915527344,23.013490676879883,18500,RZA
2018-02-08,27.639999389648438,27.790000915527344,27.350000381469727,27.639999389648438,22.8892765045166,20100,RZA
2018-02-09,27.719999313354492,28.149999618530273,27.209999084472656,28.059999465942383,23.23708724975586,71900,RZA
2018-02-12,28.110000610351562,28.440000534057617,27.969999313354492,28.260000228881836,23.4027099609375,46400,RZA
2018-02-13,28.25,28.25,28.030000686645508,28.100000381469727,23.27021026611328,25600,RZA
2018-02-14,28.06999969482422,28.299999237060547,27.959999084472656,28.190000534057617,23.34473991394043,75000,RZA
2018-02-15,28.18000030517578,28.299999237060547,28.15999984741211,28.290000915527344,23.42755126953125,20800,RZA
2018-02-16,28.350000381469727,28.350000381469727,28.18000030517578,28.229999542236328,23.377866744995117,23300,RZA
2018-02-20,28.190000534057617,28.459999084472656,28.18000030517578,28.280000686645508,23.419275283813477,23200,RZA
2018-02-21,28.229999542236328,28.420000076293945,28.209999084472656,28.219999313354492,23.369583129882812,24400,RZA
2018-02-22,28.239999771118164,28.40999984741211,28.239999771118164,28.239999771118164,23.38614845275879,31400,RZA
2018-02-23,28.25,28.420000076293945,28.25,28.420000076293945,23.53520965576172,24900,RZA
2018-02-26,28.389999389648438,28.5,28.149999618530273,28.219999313354492,23.369583129882812,18700,RZA
2018-02-27,28.260000228881836,28.329999923706055,28.06999969482422,28.219999313354492,23.369583129882812,20600,RZA
2018-02-28,27.940000534057617,28.100000381469727,27.809999465942383,27.860000610351562,23.393096923828125,32100,RZA
2018-03-01,27.8700008392334,27.959999084472656,27.739999771118164,27.75,23.300735473632812,33000,RZA
2018-03-02,27.739999771118164,27.84000015258789,27.600000381469727,27.84000015258789,23.376300811767578,23600,RZA
2018-03-05,27.84000015258789,28.079999923706055,27.75,28.079999923706055,23.577821731567383,30300,RZA
2018-03-06,27.959999084472656,28.030000686645508,27.799999237060547,27.8799991607666,23.409887313842773,28600,RZA
2018-03-07,27.8799991607666,27.950000762939453,27.81999969482422,27.8700008392334,23.4014949798584,24300,RZA
2018-03-08,27.899999618530273,27.950000762939453,27.799999237060547,27.899999618530273,23.426681518554688,20500,RZA
2018-03-09,27.8700008392334,27.8700008392334,27.610000610351562,27.6299991607666,23.199968338012695,27400,RZA
2018-03-12,27.760000228881836,27.760000228881836,27.56999969482422,27.610000610351562,23.183177947998047,31400,RZA
2018-03-13,27.690000534057617,27.760000228881836,27.6299991607666,27.729999542236328,23.283939361572266,13900,RZA
2018-03-14,27.799999237060547,27.93000030517578,27.719999313354492,27.809999465942383,23.351112365722656,17000,RZA
2018-03-15,27.959999084472656,27.959999084472656,27.729999542236328,27.809999465942383,23.351112365722656,21100,RZA
2018-03-16,27.93000030517578,27.93000030517578,27.81999969482422,27.850000381469727,23.38469886779785,11200,RZA
2018-03-19,27.850000381469727,27.979999542236328,27.68000030517578,27.940000534057617,23.46026611328125,15500,RZA
2018-03-20,27.940000534057617,27.950000762939453,27.84000015258789,27.84000015258789,23.376300811767578,11800,RZA
2018-03-21,28.010000228881836,28.299999237060547,27.81999969482422,27.959999084472656,23.47706413269043,11100,RZA
2018-03-22,28.0,28.0,27.850000381469727,27.920000076293945,23.44347381591797,9600,RZA
2018-03-23,27.979999542236328,27.979999542236328,27.899999618530273,27.959999084472656,23.47706413269043,14500,RZA
2018-03-26,28.06999969482422,28.1200008392334,27.920000076293945,28.1200008392334,23.611412048339844,18800,RZA
2018-03-27,28.329999923706055,28.329999923706055,28.049999237060547,28.280000686645508,23.745758056640625,21100,RZA
2018-03-28,28.18000030517578,28.280000686645508,28.149999618530273,28.190000534057617,23.67018699645996,11600,RZA
2018-03-29,28.110000610351562,28.43000030517578,28.110000610351562,28.309999465942383,23.770944595336914,28400,RZA
2018-04-02,28.43000030517578,28.43000030517578,28.100000381469727,28.260000228881836,23.728960037231445,21200,RZA
2018-04-03,28.219999313354492,28.309999465942383,27.969999313354492,28.290000915527344,23.754152297973633,32100,RZA
2018-04-04,28.059999465942383,28.270000457763672,28.059999465942383,28.190000534057617,23.67018699645996,15100,RZA
2018-04-05,28.139999389648438,28.190000534057617,28.010000228881836,28.149999618530273,23.636594772338867,12300,RZA
2018-04-06,28.010000228881836,28.139999389648438,27.780000686645508,27.790000915527344,23.334318161010742,56800,RZA
2018-04-09,27.860000610351562,27.920000076293945,27.709999084472656,27.75,23.300735473632812,76400,RZA
2018-04-10,27.729999542236328,27.799999237060547,27.56999969482422,27.579999923706055,23.157989501953125,30000,RZA
2018-04-11,27.56999969482422,27.600000381469727,27.309999465942383,27.309999465942383,22.931278228759766,32300,RZA
2018-04-12,27.360000610351562,27.440000534057617,27.15999984741211,27.260000228881836,22.889291763305664,23200,RZA
2018-04-13,27.170000076293945,27.209999084472656,26.860000610351562,26.940000534057617,22.620601654052734,40900,RZA
2018-04-16,26.90999984741211,27.049999237060547,26.90999984741211,26.989999771118164,22.662582397460938,23500,RZA
2018-04-17,27.0,27.170000076293945,26.979999542236328,27.170000076293945,22.8137264251709,27900,RZA
2018-04-18,27.100000381469727,27.1200008392334,26.989999771118164,27.079999923706055,22.738155364990234,15300,RZA
2018-04-19,27.06999969482422,27.06999969482422,26.860000610351562,26.899999618530273,22.587018966674805,27200,RZA
2018-04-20,26.920000076293945,27.1200008392334,26.850000381469727,27.1200008392334,22.771743774414062,25200,RZA
2018-04-23,27.110000610351562,27.139999389648438,26.90999984741211,27.1299991607666,22.78013801574707,17800,RZA
2018-04-24,27.1299991607666,27.1299991607666,26.850000381469727,26.8799991607666,22.570220947265625,19200,RZA
2018-04-25,26.84000015258789,26.84000015258789,26.549999237060547,26.709999084472656,22.42747688293457,21100,RZA
2018-04-26,26.649999618530273,26.709999084472656,26.559999465942383,26.579999923706055,22.31832504272461,68900,RZA
2018-04-27,26.56999969482422,26.68000030517578,26.540000915527344,26.649999618530273,22.37710189819336,23500,RZA
2018-04-30,26.639999389648438,26.700000762939453,26.59000015258789,26.6200008392334,22.35190773010254,17100,RZA
2018-05-01,26.56999969482422,26.68000030517578,26.56999969482422,26.68000030517578,22.40229034423828,9700,RZA
2018-05-02,26.65999984741211,26.739999771118164,26.6200008392334,26.729999542236328,22.444271087646484,19900,RZA
2018-05-03,26.729999542236328,26.729999542236328,26.65999984741211,26.65999984741211,22.385499954223633,13300,RZA
2018-05-04,26.729999542236328,26.809999465942383,26.65999984741211,26.690000534057617,22.410686492919922,81500,RZA
2018-05-07,26.68000030517578,26.829999923706055,26.68000030517578,26.780000686645508,22.48625373840332,22900,RZA
2018-05-08,26.700000762939453,26.81999969482422,26.700000762939453,26.799999237060547,22.5030517578125,21800,RZA
2018-05-09,26.700000762939453,26.860000610351562,26.700000762939453,26.75,22.46106719970703,30200,RZA
2018-05-10,26.719999313354492,26.829999923706055,26.700000762939453,26.709999084472656,22.42747688293457,19000,RZA
2018-05-11,26.760000228881836,27.350000381469727,26.670000076293945,27.350000381469727,22.964866638183594,84700,RZA
2018-05-14,27.5,27.600000381469727,27.34000015258789,27.420000076293945,23.023643493652344,55900,RZA
2018-05-15,27.329999923706055,27.469999313354492,27.170000076293945,27.170000076293945,22.8137264251709,40600,RZA
2018-05-16,27.329999923706055,27.459999084472656,27.229999542236328,27.459999084472656,23.05722999572754,29800,RZA
2018-05-17,27.43000030517578,27.43000030517578,27.15999984741211,27.219999313354492,22.8557071685791,27400,RZA
2018-05-18,27.229999542236328,27.43000030517578,27.219999313354492,27.40999984741211,23.015243530273438,20700,RZA
2018-05-21,27.459999084472656,27.459999084472656,27.31999969482422,27.350000381469727,22.964866638183594,8500,RZA
2018-05-22,27.440000534057617,27.459999084472656,27.260000228881836,27.450000762939453,23.0488338470459,21300,RZA
2018-05-23,27.440000534057617,27.540000915527344,27.40999984741211,27.469999313354492,23.065624237060547,12300,RZA
2018-05-24,27.530000686645508,27.690000534057617,27.459999084472656,27.59000015258789,23.166385650634766,96100,RZA
2018-05-25,27.68000030517578,27.889999389648438,27.670000076293945,27.829999923706055,23.367902755737305,22900,RZA
2018-05-29,27.829999923706055,27.93000030517578,27.6200008392334,27.6200008392334,23.191574096679688,41700,RZA
2018-05-30,27.6200008392334,27.770000457763672,27.6200008392334,27.649999618530273,23.216764450073242,16500,RZA
2018-05-31,27.360000610351562,27.360000610351562,27.1200008392334,27.219999313354492,23.180999755859375,31100,RZA
2018-06-01,27.1299991607666,27.3700008392334,27.1200008392334,27.3700008392334,23.308738708496094,23700,RZA
2018-06-04,27.299999237060547,27.299999237060547,27.1299991607666,27.18000030517578,23.146930694580078,27300,RZA
2018-06-05,27.350000381469727,27.350000381469727,27.170000076293945,27.270000457763672,23.22357749938965,27900,RZA
2018-06-06,27.31999969482422,27.350000381469727,27.200000762939453,27.309999465942383,23.257640838623047,29200,RZA
2018-06-07,27.260000228881836,27.399999618530273,27.209999084472656,27.260000228881836,23.21506118774414,13200,RZA
2018-06-08,27.209999084472656,27.360000610351562,27.209999084472656,27.229999542236328,23.189512252807617,19700,RZA
2018-06-11,27.270000457763672,27.270000457763672,27.110000610351562,27.1299991607666,23.104352951049805,20600,RZA
2018-06-12,27.229999542236328,27.229999542236328,27.100000381469727,27.149999618530273,23.121381759643555,19100,RZA
2018-06-13,27.25,27.270000457763672,27.079999923706055,27.270000457763672,23.22357749938965,23000,RZA
2018-06-14,27.34000015258789,27.34000015258789,27.1299991607666,27.18000030517578,23.146930694580078,10700,RZA
2018-06-15,27.260000228881836,27.520000457763672,27.139999389648438,27.520000457763672,23.436479568481445,19700,RZA
2018-06-18,27.510000228881836,27.700000762939453,27.360000610351562,27.690000534057617,23.58125877380371,26100,RZA
2018-06-19,27.690000534057617,27.690000534057617,27.420000076293945,27.579999923706055,23.487579345703125,22600,RZA
2018-06-20,27.670000076293945,27.670000076293945,27.420000076293945,27.549999237060547,23.462032318115234,17300,RZA
2018-06-21,27.43000030517578,27.559999465942383,27.43000030517578,27.520000457763672,23.436479568481445,4900,RZA
2018-06-22,27.56999969482422,27.56999969482422,27.299999237060547,27.530000686645508,23.44500160217285,13700,RZA
2018-06-25,27.530000686645508,27.530000686645508,27.350000381469727,27.489999771118164,23.41092872619629,7800,RZA
2018-06-26,27.5,27.5,27.299999237060547,27.299999237060547,23.249126434326172,13900,RZA
2018-06-27,27.309999465942383,27.40999984741211,27.15999984741211,27.18000030517578,23.146930694580078,17500,RZA
2018-06-28,27.170000076293945,27.3700008392334,27.15999984741211,27.299999237060547,23.249126434326172,14400,RZA
2018-06-29,27.389999389648438,27.5,27.280000686645508,27.299999237060547,23.249126434326172,16600,RZA
2018-07-02,27.34000015258789,27.84000015258789,27.219999313354492,27.829999923706055,23.700481414794922,24300,RZA
2018-07-03,27.829999923706055,28.139999389648438,27.770000457763672,28.139999389648438,23.9644832611084,24400,RZA
2018-07-05,28.1299991607666,28.360000610351562,28.040000915527344,28.360000610351562,24.151838302612305,31700,RZA
2018-07-06,28.540000915527344,28.700000762939453,28.290000915527344,28.540000915527344,24.305130004882812,33100,RZA
2018-07-09,28.639999389648438,28.649999618530273,28.3799991607666,28.6299991607666,24.381776809692383,22300,RZA
2018-07-10,28.520000457763672,28.68000030517578,28.520000457763672,28.610000610351562,24.36474609375,22800,RZA
2018-07-11,28.579999923706055,28.65999984741211,28.100000381469727,28.290000915527344,24.092226028442383,67400,RZA
2018-07-12,28.239999771118164,28.280000686645508,27.860000610351562,27.860000610351562,23.726036071777344,48600,RZA
2018-07-13,27.979999542236328,28.079999923706055,27.59000015258789,27.75,23.632354736328125,20800,RZA
2018-07-16,27.670000076293945,27.8799991607666,27.489999771118164,27.59000015258789,23.49609375,15300,RZA
2018-07-17,27.56999969482422,27.56999969482422,27.309999465942383,27.510000228881836,23.42796516418457,18700,RZA
2018-07-18,27.399999618530273,27.579999923706055,27.389999389648438,27.389999389648438,23.325773239135742,10400,RZA
2018-07-19,27.389999389648438,27.579999923706055,27.34000015258789,27.360000610351562,23.30022430419922,14100,RZA
2018-07-20,27.43000030517578,27.5,27.34000015258789,27.450000762939453,23.376867294311523,49200,RZA
2018-07-23,27.489999771118164,27.489999771118164,27.309999465942383,27.350000381469727,23.29170799255371,13000,RZA
2018-07-24,27.299999237060547,27.3700008392334,27.200000762939453,27.229999542236328,23.189512252807617,21600,RZA
2018-07-25,27.31999969482422,27.459999084472656,27.100000381469727,27.190000534057617,23.15545082092285,17000,RZA
2018-07-26,27.3799991607666,27.3799991607666,27.139999389648438,27.270000457763672,23.22357749938965,15200,RZA
2018-07-27,27.399999618530273,27.399999618530273,26.959999084472656,27.15999984741211,23.129899978637695,15200,RZA
2018-07-30,27.079999923706055,27.1299991607666,26.959999084472656,26.959999084472656,22.95957374572754,9100,RZA
2018-07-31,26.979999542236328,27.09000015258789,26.809999465942383,26.809999465942383,22.831832885742188,14600,RZA
2018-08-01,26.8799991607666,26.8799991607666,26.6299991607666,26.719999313354492,22.75518798828125,23400,RZA
2018-08-02,26.739999771118164,26.989999771118164,26.739999771118164,26.93000030517578,22.93402862548828,14600,RZA
2018-08-03,26.979999542236328,27.09000015258789,26.899999618530273,26.90999984741211,22.916994094848633,46300,RZA
2018-08-06,26.940000534057617,27.049999237060547,26.93000030517578,27.030000686645508,23.01919174194336,30300,RZA
2018-08-07,27.06999969482422,27.190000534057617,26.959999084472656,27.139999389648438,23.112869262695312,20200,RZA
2018-08-08,27.100000381469727,27.239999771118164,27.100000381469727,27.239999771118164,23.198030471801758,13000,RZA
2018-08-09,27.239999771118164,27.25,27.1299991607666,27.239999771118164,23.198030471801758,9500,RZA
2018-08-10,27.219999313354492,27.239999771118164,27.149999618530273,27.239999771118164,23.198030471801758,8700,RZA
2018-08-13,27.239999771118164,27.329999923706055,27.170000076293945,27.290000915527344,23.240612030029297,10200,RZA
2018-08-14,27.329999923706055,27.420000076293945,27.260000228881836,27.3799991607666,23.317256927490234,14000,RZA
2018-08-15,27.3799991607666,27.5,27.329999923706055,27.5,23.419450759887695,6100,RZA
2018-08-16,27.5,27.6299991607666,27.299999237060547,27.350000381469727,23.29170799255371,36100,RZA
2018-08-17,27.350000381469727,27.420000076293945,27.260000228881836,27.3799991607666,23.317256927490234,12200,RZA
2018-08-20,27.399999618530273,27.600000381469727,27.3700008392334,27.600000381469727,23.50461196899414,17400,RZA
2018-08-21,27.700000762939453,27.700000762939453,27.329999923706055,27.3700008392334,23.308738708496094,62100,RZA
2018-08-22,27.450000762939453,27.5,27.329999923706055,27.3700008392334,23.308738708496094,15200,RZA
2018-08-23,27.450000762939453,27.450000762939453,27.209999084472656,27.280000686645508,23.23209571838379,12700,RZA
2018-08-24,27.3700008392334,27.3700008392334,27.15999984741211,27.280000686645508,23.23209571838379,18200,RZA
2018-08-27,27.280000686645508,27.31999969482422,27.15999984741211,27.25,23.206544876098633,22300,RZA
2018-08-28,27.25,27.350000381469727,27.110000610351562,27.309999465942383,23.257640838623047,32100,RZA
2018-08-29,27.329999923706055,27.459999084472656,27.31999969482422,27.389999389648438,23.325773239135742,24500,RZA
2018-08-30,27.06999969482422,27.149999618530273,27.040000915527344,27.100000381469727,23.410429000854492,7200,RZA
2018-08-31,27.139999389648438,27.200000762939453,27.049999237060547,27.1299991607666,23.43634605407715,16800,RZA
2018-09-04,27.299999237060547,27.309999465942383,27.020000457763672,27.100000381469727,23.410429000854492,13500,RZA
2018-09-05,27.149999618530273,27.149999618530273,26.700000762939453,26.90999984741211,23.246295928955078,21600,RZA
2018-09-06,27.049999237060547,27.049999237060547,26.809999465942383,26.899999618530273,23.237661361694336,34500,RZA
2018-09-07,26.889999389648438,26.889999389648438,26.81999969482422,26.84000015258789,23.185827255249023,23300,RZA
2018-09-10,26.989999771118164,27.190000534057617,26.75,27.010000228881836,23.332685470581055,12200,RZA
2018-09-11,27.15999984741211,27.15999984741211,27.030000686645508,27.049999237060547,23.36723518371582,11700,RZA
2018-09-12,26.940000534057617,27.09000015258789,26.940000534057617,26.989999771118164,23.315404891967773,12300,RZA
2018-09-13,27.100000381469727,27.149999618530273,26.8700008392334,26.950000762939453,23.280851364135742,13300,RZA
2018-09-14,26.969999313354492,26.989999771118164,26.81999969482422,26.979999542236328,23.3067684173584,17900,RZA
2018-09-17,26.979999542236328,27.1299991607666,26.93000030517578,27.030000686645508,23.349960327148438,14800,RZA
2018-09-18,26.969999313354492,27.110000610351562,26.969999313354492,27.040000915527344,23.358598709106445,13200,RZA
2018-09-19,27.020000457763672,27.110000610351562,26.93000030517578,27.040000915527344,23.358598709106445,24400,RZA
2018-09-20,27.040000915527344,27.110000610351562,26.850000381469727,27.010000228881836,23.332685470581055,11300,RZA
2018-09-21,27.1200008392334,27.1200008392334,26.920000076293945,27.010000228881836,23.332685470581055,13100,RZA
2018-09-24,27.049999237060547,27.15999984741211,26.959999084472656,27.15999984741211,23.462261199951172,10000,RZA
2018-09-25,27.18000030517578,27.18000030517578,26.639999389648438,26.790000915527344,23.142637252807617,28000,RZA
2018-09-26,26.850000381469727,27.030000686645508,26.780000686645508,26.780000686645508,23.133995056152344,16000,RZA
2018-09-27,26.920000076293945,26.920000076293945,26.790000915527344,26.790000915527344,23.142637252807617,31800,RZA
2018-09-28,26.790000915527344,26.959999084472656,26.6299991607666,26.670000076293945,23.038972854614258,49900,RZA
2018-10-01,26.719999313354492,26.75,26.34000015258789,26.459999084472656,22.85756492614746,44600,RZA
2018-10-02,26.559999465942383,26.649999618530273,26.43000030517578,26.43000030517578,22.831647872924805,35900,RZA
2018-10-03,26.440000534057617,26.520000457763672,26.18000030517578,26.190000534057617,22.62432289123535,32400,RZA
2018-10-04,26.209999084472656,26.209999084472656,26.020000457763672,26.079999923706055,22.529298782348633,27800,RZA
2018-10-05,26.079999923706055,26.229999542236328,25.90999984741211,26.100000381469727,22.54657745361328,24700,RZA
2018-10-08,25.979999542236328,26.110000610351562,25.979999542236328,26.06999969482422,22.52065658569336,13300,RZA
2018-10-09,26.079999923706055,26.170000076293945,26.079999923706055,26.15999984741211,22.59840965270996,26000,RZA
2018-10-10,26.010000228881836,26.149999618530273,25.850000381469727,25.940000534057617,22.40835952758789,45300,RZA
2018-10-11,25.8700008392334,26.420000076293945,25.8700008392334,26.420000076293945,22.823007583618164,60200,RZA
2018-10-12,26.350000381469727,26.5,26.350000381469727,26.5,22.892118453979492,42800,RZA
2018-10-15,26.5,26.5,26.200000762939453,26.399999618530273,22.80573272705078,493200,RZA
2018-10-16,26.489999771118164,26.489999771118164,26.299999237060547,26.31999969482422,22.73662567138672,18400,RZA
2018-10-17,26.31999969482422,26.40999984741211,26.219999313354492,26.40999984741211,22.814373016357422,13000,RZA
2018-10-18,26.459999084472656,26.459999084472656,26.219999313354492,26.440000534057617,22.840286254882812,24000,RZA
2018-10-19,26.399999618530273,26.559999465942383,26.34000015258789,26.440000534057617,22.840286254882812,83800,RZA
2018-10-22,26.59000015258789,26.59000015258789,26.40999984741211,26.479999542236328,22.874839782714844,53000,RZA
2018-10-23,26.479999542236328,26.59000015258789,26.3799991607666,26.40999984741211,22.814373016357422,51300,RZA
2018-10-24,26.489999771118164,26.59000015258789,26.329999923706055,26.459999084472656,22.85756492614746,22200,RZA
2018-10-25,26.350000381469727,26.5,26.34000015258789,26.399999618530273,22.80573272705078,57600,RZA
2018-10-26,26.489999771118164,26.489999771118164,26.329999923706055,26.399999618530273,22.80573272705078,17000,RZA
2018-10-29,26.459999084472656,26.489999771118164,26.34000015258789,26.350000381469727,22.76253890991211,17000,RZA
2018-10-30,26.420000076293945,26.459999084472656,26.34000015258789,26.3700008392334,22.77981948852539,11100,RZA
2018-10-31,26.34000015258789,26.3799991607666,26.25,26.299999237060547,22.71934700012207,21600,RZA
2018-11-01,26.280000686645508,26.440000534057617,26.280000686645508,26.399999618530273,22.80573272705078,10800,RZA
2018-11-02,26.329999923706055,26.3799991607666,26.1299991607666,26.139999389648438,22.58112907409668,11300,RZA
2018-11-05,26.139999389648438,26.3700008392334,26.139999389648438,26.3700008392334,22.77981948852539,6200,RZA
2018-11-06,26.389999389648438,26.389999389648438,26.219999313354492,26.31999969482422,22.73662567138672,43400,RZA
2018-11-07,26.40999984741211,26.40999984741211,26.280000686645508,26.290000915527344,22.71070671081543,34500,RZA
2018-11-08,26.350000381469727,26.350000381469727,26.25,26.270000457763672,22.693429946899414,11700,RZA
2018-11-09,26.34000015258789,26.34000015258789,26.170000076293945,26.34000015258789,22.753902435302734,14700,RZA
2018-11-12,26.34000015258789,26.34000015258789,26.219999313354492,26.239999771118164,22.667518615722656,10100,RZA
2018-11-13,26.299999237060547,26.3700008392334,26.170000076293945,26.25,22.6761531829834,13700,RZA
2018-11-14,26.239999771118164,26.3799991607666,26.190000534057617,26.200000762939453,22.632959365844727,11200,RZA
2018-11-15,26.229999542236328,26.309999465942383,26.059999465942383,26.059999465942383,22.512022018432617,17000,RZA
2018-11-16,26.079999923706055,26.1200008392334,26.0,26.100000381469727,22.54657745361328,34000,RZA
2018-11-19,26.100000381469727,26.229999542236328,26.0,26.0,22.46019172668457,30800,RZA
2018-11-20,26.030000686645508,26.030000686645508,25.799999237060547,25.84000015258789,22.321977615356445,22300,RZA
2018-11-21,25.920000076293945,26.06999969482422,25.8799991607666,26.049999237060547,22.50338363647461,10300,RZA
2018-11-23,26.049999237060547,26.170000076293945,25.989999771118164,26.010000228881836,22.46883201599121,60300,RZA
2018-11-26,26.1200008392334,26.1299991607666,25.920000076293945,25.969999313354492,22.434274673461914,79100,RZA
2018-11-27,25.969999313354492,26.030000686645508,25.899999618530273,25.899999618530273,22.373804092407227,86600,RZA
2018-11-28,25.979999542236328,26.040000915527344,25.940000534057617,25.940000534057617,22.40835952758789,27800,RZA
2018-11-29,25.649999618530273,25.670000076293945,25.360000610351562,25.420000076293945,22.292598724365234,55700,RZA
2018-11-30,25.43000030517578,25.530000686645508,25.260000228881836,25.329999923706055,22.213672637939453,114300,RZA
2018-12-03,25.469999313354492,25.559999465942383,25.25,25.559999465942383,22.415376663208008,70300,RZA
2018-12-04,25.440000534057617,25.649999618530273,25.290000915527344,25.6200008392334,22.467994689941406,207100,RZA
2018-12-06,25.459999084472656,25.600000381469727,25.350000381469727,25.56999969482422,22.42414665222168,76900,RZA
2018-12-07,25.56999969482422,25.760000228881836,25.450000762939453,25.450000762939453,22.318910598754883,22600,RZA
2018-12-10,25.559999465942383,25.729999542236328,25.360000610351562,25.510000228881836,22.371524810791016,29100,RZA
2018-12-11,25.600000381469727,25.809999465942383,25.110000610351562,25.170000076293945,22.07335662841797,107000,RZA
2018-12-12,25.25,25.360000610351562,25.1200008392334,25.209999084472656,22.108436584472656,123900,RZA
2018-12-13,25.190000534057617,25.31999969482422,25.030000686645508,25.209999084472656,22.108436584472656,24000,RZA
2018-12-14,25.15999984741211,25.239999771118164,25.020000457763672,25.219999313354492,22.117202758789062,36900,RZA
2018-12-17,25.219999313354492,25.219999313354492,24.899999618530273,24.959999084472656,21.889196395874023,31400,RZA
2018-12-18,25.06999969482422,25.15999984741211,24.709999084472656,24.8700008392334,21.810266494750977,42900,RZA
2018-12-19,24.899999618530273,25.190000534057617,24.719999313354492,24.940000534057617,21.87165641784668,95700,RZA
2018-12-20,24.860000610351562,24.93000030517578,24.56999969482422,24.809999465942383,21.757646560668945,62700,RZA
2018-12-21,24.809999465942383,24.950000762939453,24.6299991607666,24.790000915527344,21.740110397338867,82900,RZA
2018-12-24,24.700000762939453,25.200000762939453,24.5,25.1299991607666,22.038278579711914,28900,RZA
2018-12-26,25.0,25.209999084472656,24.579999923706055,25.200000762939453,22.099668502807617,225300,RZA
2018-12-27,25.190000534057617,25.190000534057617,24.739999771118164,24.90999984741211,21.845346450805664,58500,RZA
2018-12-28,25.09000015258789,25.1299991607666,24.90999984741211,24.93000030517578,21.862884521484375,35200,RZA
2018-12-31,25.030000686645508,25.280000686645508,24.950000762939453,25.020000457763672,21.941810607910156,36000,RZA
2019-01-02,25.0,25.399999618530273,25.0,25.360000610351562,22.23998260498047,46500,RZA
2019-01-03,25.350000381469727,25.389999389648438,25.200000762939453,25.3700008392334,22.248750686645508,19700,RZA
2019-01-04,25.450000762939453,26.079999923706055,25.3799991607666,25.899999618530273,22.713544845581055,39100,RZA
2019-01-07,25.899999618530273,26.049999237060547,25.899999618530273,25.989999771118164,22.79247283935547,36600,RZA
2019-01-08,26.030000686645508,26.030000686645508,25.68000030517578,25.920000076293945,22.731090545654297,24400,RZA
2019-01-09,25.920000076293945,25.979999542236328,25.760000228881836,25.760000228881836,22.590768814086914,27900,RZA
2019-01-10,25.829999923706055,25.84000015258789,25.670000076293945,25.84000015258789,22.66092872619629,19400,RZA
2019-01-11,25.84000015258789,26.229999542236328,25.709999084472656,26.18000030517578,22.959096908569336,77800,RZA
2019-01-14,26.18000030517578,26.25,25.799999237060547,26.110000610351562,22.897708892822266,49600,RZA
2019-01-15,26.190000534057617,26.280000686645508,26.030000686645508,26.170000076293945,22.95032501220703,30200,RZA
2019-01-16,26.170000076293945,26.170000076293945,25.950000762939453,26.010000228881836,22.810014724731445,24100,RZA
2019-01-17,26.1299991607666,26.190000534057617,26.010000228881836,26.190000534057617,22.967866897583008,21400,RZA
2019-01-18,26.149999618530273,26.520000457763672,26.149999618530273,26.520000457763672,23.257265090942383,54400,RZA
2019-01-22,26.399999618530273,26.59000015258789,26.299999237060547,26.59000015258789,23.31865692138672,65200,RZA
2019-01-23,26.56999969482422,26.56999969482422,26.399999618530273,26.399999618530273,23.15203094482422,11500,RZA
2019-01-24,26.510000228881836,26.649999618530273,26.40999984741211,26.600000381469727,23.32742691040039,11300,RZA
2019-01-25,26.600000381469727,26.860000610351562,26.450000762939453,26.510000228881836,23.248497009277344,17400,RZA
2019-01-28,26.579999923706055,26.850000381469727,26.450000762939453,26.829999923706055,23.52912712097168,34300,RZA
2019-01-29,26.829999923706055,26.829999923706055,26.700000762939453,26.780000686645508,23.485279083251953,19900,RZA
2019-01-30,26.829999923706055,26.920000076293945,26.700000762939453,26.700000762939453,23.415122985839844,26000,RZA
2019-01-31,26.700000762939453,27.030000686645508,26.25,26.25,23.020484924316406,172700,RZA
2019-02-01,26.40999984741211,26.5,26.1200008392334,26.290000915527344,23.05556297302246,61000,RZA
2019-02-04,26.290000915527344,26.350000381469727,26.260000228881836,26.299999237060547,23.064332962036133,24700,RZA
2019-02-05,26.25,26.420000076293945,26.25,26.40999984741211,23.16080093383789,21000,RZA
2019-02-06,26.350000381469727,26.360000610351562,26.170000076293945,26.329999923706055,23.09064483642578,45900,RZA
2019-02-07,26.18000030517578,26.3799991607666,26.149999618530273,26.25,23.020484924316406,25200,RZA
2019-02-08,26.239999771118164,26.3700008392334,26.1200008392334,26.149999618530273,22.932788848876953,19900,RZA
2019-02-11,26.15999984741211,26.34000015258789,26.149999618530273,26.25,23.020484924316406,12400,RZA
2019-02-12,26.270000457763672,26.530000686645508,26.270000457763672,26.399999618530273,23.15203094482422,30100,RZA
2019-02-13,26.399999618530273,26.610000610351562,26.399999618530273,26.610000610351562,23.336196899414062,17800,RZA
2019-02-14,26.610000610351562,26.8799991607666,26.489999771118164,26.8799991607666,23.572975158691406,14900,RZA
2019-02-15,26.8700008392334,27.079999923706055,26.579999923706055,27.079999923706055,23.748371124267578,17900,RZA
2019-02-19,27.079999923706055,27.079999923706055,26.75,27.0,23.678213119506836,15100,RZA
2019-02-20,27.079999923706055,27.270000457763672,26.979999542236328,27.040000915527344,23.713293075561523,18000,RZA
2019-02-21,27.25,27.25,26.809999465942383,26.84000015258789,23.537899017333984,40500,RZA
2019-02-22,26.979999542236328,27.260000228881836,26.979999542236328,27.260000228881836,23.906225204467773,17400,RZA
2019-02-25,27.260000228881836,27.260000228881836,26.889999389648438,27.0,23.678213119506836,36000,RZA
2019-02-26,27.030000686645508,27.030000686645508,26.8799991607666,26.940000534057617,23.62559700012207,16200,RZA
2019-02-27,26.989999771118164,26.989999771118164,26.8799991607666,26.8799991607666,23.572975158691406,18500,RZA
2019-02-28,26.600000381469727,26.600000381469727,26.329999923706055,26.43000030517578,23.51780891418457,48700,RZA
2019-03-01,26.739999771118164,27.1200008392334,26.43000030517578,27.020000457763672,24.042800903320312,43000,RZA
2019-03-04,27.020000457763672,27.020000457763672,26.809999465942383,26.950000762939453,23.980510711669922,19600,RZA
2019-03-05,27.040000915527344,27.170000076293945,26.93000030517578,27.149999618530273,24.15847396850586,39600,RZA
2019-03-06,27.100000381469727,27.34000015258789,26.959999084472656,27.34000015258789,24.327543258666992,28200,RZA
2019-03-07,27.31999969482422,27.420000076293945,26.959999084472656,27.0,24.02500343322754,28300,RZA
2019-03-08,26.90999984741211,27.020000457763672,26.90999984741211,26.979999542236328,24.0072078704834,19900,RZA
2019-03-11,26.920000076293945,27.049999237060547,26.770000457763672,26.799999237060547,23.8470401763916,25300,RZA
2019-03-12,26.860000610351562,26.8700008392334,26.799999237060547,26.799999237060547,23.8470401763916,12800,RZA
2019-03-13,26.799999237060547,27.020000457763672,26.799999237060547,26.889999389648438,23.927125930786133,26500,RZA
2019-03-14,26.8700008392334,26.959999084472656,26.780000686645508,26.850000381469727,23.891530990600586,58900,RZA
2019-03-15,26.920000076293945,26.920000076293945,26.739999771118164,26.790000915527344,23.838144302368164,42700,RZA
2019-03-18,26.809999465942383,26.809999465942383,26.6200008392334,26.65999984741211,23.72246742248535,70900,RZA
2019-03-19,26.690000534057617,26.729999542236328,26.579999923706055,26.579999923706055,23.651283264160156,13600,RZA
2019-03-20,26.600000381469727,26.75,26.5,26.719999313354492,23.775854110717773,29600,RZA
2019-03-21,26.6200008392334,26.790000915527344,26.6200008392334,26.690000534057617,23.749162673950195,34300,RZA
2019-03-22,26.719999313354492,26.75,26.6200008392334,26.649999618530273,23.71356964111328,25500,RZA
2019-03-25,26.719999313354492,26.719999313354492,26.59000015258789,26.639999389648438,23.704668045043945,23800,RZA
2019-03-26,26.670000076293945,26.690000534057617,26.540000915527344,26.56999969482422,23.642383575439453,16300,RZA
2019-03-27,26.670000076293945,26.68000030517578,26.540000915527344,26.649999618530273,23.71356964111328,19300,RZA
2019-03-28,26.68000030517578,26.68000030517578,26.520000457763672,26.520000457763672,23.597890853881836,19600,RZA
2019-03-29,26.649999618530273,26.649999618530273,26.479999542236328,26.579999923706055,23.651283264160156,83100,RZA
2019-04-01,26.690000534057617,26.690000534057617,26.56999969482422,26.56999969482422,23.642383575439453,67800,RZA
2019-04-02,26.649999618530273,26.790000915527344,26.600000381469727,26.739999771118164,23.793649673461914,41100,RZA
2019-04-03,26.790000915527344,26.979999542236328,26.739999771118164,26.809999465942383,23.855937957763672,54500,RZA
2019-04-04,26.809999465942383,27.06999969482422,26.809999465942383,27.030000686645508,24.051698684692383,45800,RZA
2019-04-05,27.030000686645508,27.059999465942383,27.010000228881836,27.049999237060547,24.069494247436523,12500,RZA
2019-04-08,26.969999313354492,27.059999465942383,26.90999984741211,26.90999984741211,23.94491958618164,11900,RZA
2019-04-09,26.90999984741211,27.049999237060547,26.90999984741211,26.969999313354492,23.99831199645996,25900,RZA
2019-04-10,27.049999237060547,27.209999084472656,26.93000030517578,27.040000915527344,24.060596466064453,32600,RZA
2019-04-11,27.0,27.280000686645508,26.969999313354492,27.280000686645508,24.274152755737305,19900,RZA
2019-04-12,27.280000686645508,27.280000686645508,27.100000381469727,27.18000030517578,24.185169219970703,40600,RZA
2019-04-15,27.260000228881836,27.290000915527344,27.1200008392334,27.25,24.24745750427246,10300,RZA
2019-04-16,27.260000228881836,27.329999923706055,27.209999084472656,27.299999237060547,24.291948318481445,37200,RZA
2019-04-17,27.329999923706055,27.329999923706055,27.170000076293945,27.209999084472656,24.21186637878418,19100,RZA
2019-04-18,27.170000076293945,27.200000762939453,27.030000686645508,27.030000686645508,24.051698684692383,42300,RZA
2019-04-22,27.040000915527344,27.110000610351562,26.93000030517578,26.950000762939453,23.980510711669922,16100,RZA
2019-04-23,26.93000030517578,27.020000457763672,26.920000076293945,26.979999542236328,24.0072078704834,29300,RZA
2019-04-24,27.040000915527344,27.040000915527344,26.90999984741211,26.950000762939453,23.980510711669922,35500,RZA
2019-04-25,27.030000686645508,27.030000686645508,26.780000686645508,26.780000686645508,23.829242706298828,23200,RZA
2019-04-26,26.780000686645508,26.799999237060547,26.43000030517578,26.450000762939453,23.535608291625977,66700,RZA
2019-04-29,26.510000228881836,26.649999618530273,26.510000228881836,26.6200008392334,23.686874389648438,126900,RZA
2019-04-30,26.65999984741211,26.770000457763672,26.610000610351562,26.770000457763672,23.82034683227539,53600,RZA
2019-05-01,26.770000457763672,26.770000457763672,26.65999984741211,26.770000457763672,23.82034683227539,16400,RZA
2019-05-02,26.770000457763672,26.770000457763672,26.65999984741211,26.729999542236328,23.78474998474121,21300,RZA
2019-05-03,26.729999542236328,26.729999542236328,26.6299991607666,26.700000762939453,23.758058547973633,21000,RZA
2019-05-06,26.690000534057617,26.770000457763672,26.600000381469727,26.770000457763672,23.82034683227539,45200,RZA
2019-05-07,26.760000228881836,26.770000457763672,26.690000534057617,26.760000228881836,23.81144905090332,43200,RZA
2019-05-08,26.700000762939453,26.760000228881836,26.639999389648438,26.760000228881836,23.81144905090332,18700,RZA
2019-05-09,26.729999542236328,26.760000228881836,26.649999618530273,26.760000228881836,23.81144905090332,17300,RZA
2019-05-10,26.760000228881836,26.84000015258789,26.68000030517578,26.84000015258789,23.882631301879883,13400,RZA
2019-05-13,26.729999542236328,26.84000015258789,26.639999389648438,26.81999969482422,23.86483383178711,16600,RZA
2019-05-14,26.75,27.0,26.639999389648438,26.989999771118164,24.01610565185547,25800,RZA
2019-05-15,26.920000076293945,27.149999618530273,26.920000076293945,27.149999618530273,24.15847396850586,17100,RZA
2019-05-16,27.100000381469727,27.270000457763672,27.010000228881836,27.149999618530273,24.15847396850586,40400,RZA
2019-05-17,27.110000610351562,27.219999313354492,27.110000610351562,27.15999984741211,24.167373657226562,15000,RZA
2019-05-20,27.170000076293945,27.170000076293945,26.940000534057617,26.969999313354492,23.99831199645996,29000,RZA
2019-05-21,27.110000610351562,27.15999984741211,26.920000076293945,27.030000686645508,24.051698684692383,11100,RZA
2019-05-22,27.15999984741211,27.190000534057617,26.979999542236328,27.190000534057617,24.194068908691406,10400,RZA
2019-05-23,27.030000686645508,27.290000915527344,27.0,27.280000686645508,24.274152755737305,15800,RZA
2019-05-24,27.280000686645508,27.31999969482422,27.18000030517578,27.31999969482422,24.309743881225586,11000,RZA
2019-05-28,27.219999313354492,27.459999084472656,27.219999313354492,27.459999084472656,24.43431854248047,12600,RZA
2019-05-29,27.389999389648438,27.459999084472656,27.200000762939453,27.209999084472656,24.21186637878418,40600,RZA
2019-05-30,26.959999084472656,27.059999465942383,26.75,26.75,24.14687156677246,24500,RZA
2019-05-31,26.75,26.860000610351562,26.649999618530273,26.850000381469727,24.237140655517578,20800,RZA
2019-06-03,26.920000076293945,26.920000076293945,26.719999313354492,26.84000015258789,24.228113174438477,8400,RZA
2019-06-04,26.969999313354492,26.969999313354492,26.729999542236328,26.799999237060547,24.19200325012207,48700,RZA
2019-06-05,26.84000015258789,26.90999984741211,26.790000915527344,26.799999237060547,24.19200325012207,33100,RZA
2019-06-06,26.889999389648438,26.950000762939453,26.770000457763672,26.770000457763672,24.16492462158203,19100,RZA
2019-06-07,26.8700008392334,26.8700008392334,26.809999465942383,26.829999923706055,24.219085693359375,18800,RZA
2019-06-10,26.899999618530273,26.959999084472656,26.790000915527344,26.84000015258789,24.228113174438477,31800,RZA
2019-06-11,26.8700008392334,26.8700008392334,26.770000457763672,26.790000915527344,24.182979583740234,12000,RZA
2019-06-12,26.850000381469727,26.860000610351562,26.770000457763672,26.770000457763672,24.16492462158203,11100,RZA
2019-06-13,26.860000610351562,26.920000076293945,26.770000457763672,26.899999618530273,24.282276153564453,20400,RZA
2019-06-14,26.889999389648438,26.93000030517578,26.770000457763672,26.920000076293945,24.30032730102539,38400,RZA
2019-06-17,26.920000076293945,27.15999984741211,26.920000076293945,26.989999771118164,24.363515853881836,25600,RZA
2019-06-18,27.079999923706055,27.110000610351562,26.899999618530273,26.920000076293945,24.30032730102539,52800,RZA
2019-06-19,26.959999084472656,26.989999771118164,26.770000457763672,26.770000457763672,24.16492462158203,38800,RZA
2019-06-20,26.850000381469727,26.950000762939453,26.850000381469727,26.8700008392334,24.255191802978516,23500,RZA
2019-06-21,26.950000762939453,27.0,26.8700008392334,26.90999984741211,24.29129981994629,32300,RZA
2019-06-24,26.959999084472656,26.959999084472656,26.81999969482422,26.860000610351562,24.246166229248047,16000,RZA
2019-06-25,26.899999618530273,27.0,26.850000381469727,26.940000534057617,24.318382263183594,26300,RZA
2019-06-26,26.920000076293945,26.959999084472656,26.860000610351562,26.920000076293945,24.30032730102539,24200,RZA
2019-06-27,26.959999084472656,26.959999084472656,26.799999237060547,26.829999923706055,24.219085693359375,20200,RZA
2019-06-28,26.8799991607666,26.959999084472656,26.579999923706055,26.579999923706055,23.9934139251709,103100,RZA
2019-07-01,26.709999084472656,26.829999923706055,26.690000534057617,26.799999237060547,24.19200325012207,73500,RZA
2019-07-02,26.809999465942383,27.1200008392334,26.799999237060547,27.079999923706055,24.44475555419922,36800,RZA
2019-07-03,27.100000381469727,27.270000457763672,27.0,27.219999313354492,24.57113265991211,71300,RZA
2019-07-05,27.219999313354492,27.219999313354492,27.020000457763672,27.06999969482422,24.43572998046875,18600,RZA
2019-07-08,27.149999618530273,27.219999313354492,27.100000381469727,27.219999313354492,24.57113265991211,9100,RZA
2019-07-09,27.149999618530273,27.290000915527344,27.049999237060547,27.09000015258789,24.45378303527832,34300,RZA
2019-07-10,27.149999618530273,27.299999237060547,27.09000015258789,27.190000534057617,24.54405403137207,21700,RZA
2019-07-11,27.139999389648438,27.200000762939453,27.139999389648438,27.170000076293945,24.525997161865234,17200,RZA
2019-07-12,27.25,27.309999465942383,27.209999084472656,27.209999084472656,24.562105178833008,11100,RZA
2019-07-15,27.299999237060547,27.34000015258789,27.149999618530273,27.25,24.598215103149414,10200,RZA
2019-07-16,27.309999465942383,27.34000015258789,27.190000534057617,27.260000228881836,24.60723876953125,23700,RZA
2019-07-17,27.219999313354492,27.3799991607666,27.219999313354492,27.309999465942383,24.652374267578125,15400,RZA
2019-07-18,27.3700008392334,27.399999618530273,27.209999084472656,27.34000015258789,24.67945671081543,28800,RZA
2019-07-19,27.239999771118164,27.450000762939453,27.209999084472656,27.350000381469727,24.688480377197266,50900,RZA
2019-07-22,27.350000381469727,27.450000762939453,27.350000381469727,27.350000381469727,24.688480377197266,11800,RZA
2019-07-23,27.399999618530273,27.479999542236328,27.25,27.389999389648438,24.724592208862305,16300,RZA
2019-07-24,27.440000534057617,27.579999923706055,27.399999618530273,27.579999923706055,24.896100997924805,20900,RZA
2019-07-25,27.549999237060547,27.59000015258789,27.3700008392334,27.469999313354492,24.796802520751953,19800,RZA
2019-07-26,27.559999465942383,27.649999618530273,27.450000762939453,27.600000381469727,24.91415786743164,168100,RZA
2019-07-29,27.6200008392334,27.690000534057617,27.549999237060547,27.690000534057617,24.995397567749023,48500,RZA
2019-07-30,27.690000534057617,27.690000534057617,27.489999771118164,27.549999237060547,24.869020462036133,17600,RZA
2019-07-31,27.6299991607666,27.6299991607666,27.3700008392334,27.420000076293945,24.751672744750977,74900,RZA
2019-08-01,27.530000686645508,27.799999237060547,27.459999084472656,27.489999771118164,24.814857482910156,42600,RZA
2019-08-02,27.350000381469727,27.600000381469727,27.350000381469727,27.530000686645508,24.850967407226562,18500,RZA
2019-08-05,27.600000381469727,27.600000381469727,27.200000762939453,27.309999465942383,24.652374267578125,19000,RZA
2019-08-06,27.350000381469727,27.610000610351562,27.280000686645508,27.610000610351562,24.923181533813477,18100,RZA
2019-08-07,27.520000457763672,27.530000686645508,27.329999923706055,27.420000076293945,24.751672744750977,10400,RZA
2019-08-08,27.5,27.549999237060547,27.3799991607666,27.540000915527344,24.859994888305664,12500,RZA
2019-08-09,27.540000915527344,27.540000915527344,27.3700008392334,27.420000076293945,24.751672744750977,17800,RZA
2019-08-12,27.479999542236328,27.540000915527344,27.43000030517578,27.540000915527344,24.859994888305664,8900,RZA
2019-08-13,27.540000915527344,27.559999465942383,27.43000030517578,27.520000457763672,24.84193992614746,71100,RZA
2019-08-14,27.489999771118164,27.549999237060547,27.420000076293945,27.549999237060547,24.869020462036133,21500,RZA
2019-08-15,27.65999984741211,27.690000534057617,27.549999237060547,27.690000534057617,24.995397567749023,23400,RZA
2019-08-16,27.690000534057617,27.700000762939453,27.510000228881836,27.559999465942383,24.8780460357666,10700,RZA
2019-08-19,27.6299991607666,27.68000030517578,27.360000610351562,27.489999771118164,24.814857482910156,19700,RZA
2019-08-20,27.489999771118164,27.549999237060547,27.479999542236328,27.5,24.823884963989258,27200,RZA
2019-08-21,27.6200008392334,27.729999542236328,27.540000915527344,27.649999618530273,24.959291458129883,13300,RZA
2019-08-22,27.649999618530273,27.649999618530273,27.479999542236328,27.510000228881836,24.832914352416992,28300,RZA
2019-08-23,27.600000381469727,27.600000381469727,27.290000915527344,27.40999984741211,24.742643356323242,23000,RZA
2019-08-26,27.450000762939453,27.450000762939453,27.260000228881836,27.3799991607666,24.71556282043457,13800,RZA
2019-08-27,27.40999984741211,27.489999771118164,27.299999237060547,27.479999542236328,24.805831909179688,30100,RZA
2019-08-28,27.479999542236328,27.690000534057617,27.469999313354492,27.670000076293945,24.97734260559082,44500,RZA
2019-08-29,27.299999237060547,27.299999237060547,26.93000030517578,27.149999618530273,24.85649299621582,24200,RZA
2019-08-30,27.149999618530273,27.239999771118164,27.0,27.0,24.71916389465332,85300,RZA
2019-09-03,27.059999465942383,27.18000030517578,26.959999084472656,27.15999984741211,24.86564826965332,24300,RZA
2019-09-04,27.18000030517578,27.290000915527344,27.1299991607666,27.280000686645508,24.975513458251953,32300,RZA
2019-09-05,27.280000686645508,27.3700008392334,27.200000762939453,27.309999465942383,25.002975463867188,18300,RZA
2019-09-06,27.3700008392334,27.459999084472656,27.290000915527344,27.450000762939453,25.131149291992188,22900,RZA
2019-09-09,27.459999084472656,27.520000457763672,27.360000610351562,27.520000457763672,25.195236206054688,18900,RZA
2019-09-10,27.520000457763672,27.59000015258789,27.309999465942383,27.489999771118164,25.16777229309082,17800,RZA
2019-09-11,27.479999542236328,27.530000686645508,27.290000915527344,27.420000076293945,25.10368537902832,14900,RZA
2019-09-12,27.459999084472656,27.6299991607666,27.399999618530273,27.559999465942383,25.23185920715332,19400,RZA
2019-09-13,27.579999923706055,27.579999923706055,26.860000610351562,27.200000762939453,24.902271270751953,31400,RZA
2019-09-16,27.299999237060547,27.549999237060547,27.1299991607666,27.5,25.176929473876953,19500,RZA
2019-09-17,27.489999771118164,27.600000381469727,27.399999618530273,27.600000381469727,25.26848030090332,10600,RZA
2019-09-18,27.75,27.780000686645508,27.469999313354492,27.690000534057617,25.35087776184082,37600,RZA
2019-09-19,27.75,27.75,27.459999084472656,27.68000030517578,25.341720581054688,19100,RZA
2019-09-20,27.739999771118164,27.770000457763672,27.59000015258789,27.770000457763672,25.42411994934082,10900,RZA
2019-09-23,27.770000457763672,27.889999389648438,27.610000610351562,27.610000610351562,25.27763557434082,33800,RZA
2019-09-24,27.850000381469727,27.850000381469727,27.530000686645508,27.530000686645508,25.20439338684082,14100,RZA
2019-09-25,27.75,27.75,27.440000534057617,27.549999237060547,25.222702026367188,15400,RZA
2019-09-26,27.719999313354492,27.719999313354492,27.530000686645508,27.540000915527344,25.213550567626953,18400,RZA
2019-09-27,27.649999618530273,27.670000076293945,27.450000762939453,27.600000381469727,25.26848030090332,19800,RZA
2019-09-30,27.600000381469727,27.790000915527344,27.479999542236328,27.59000015258789,25.259323120117188,79300,RZA
2019-10-01,27.68000030517578,27.860000610351562,27.649999618530273,27.790000915527344,25.442432403564453,9500,RZA
2019-10-02,27.850000381469727,27.889999389648438,27.530000686645508,27.81999969482422,25.469894409179688,12200,RZA
2019-10-03,27.829999923706055,27.940000534057617,27.649999618530273,27.889999389648438,25.533981323242188,15600,RZA
2019-10-04,27.920000076293945,28.1200008392334,27.84000015258789,28.0,25.634689331054688,15200,RZA
2019-10-07,28.0,28.190000534057617,27.950000762939453,28.190000534057617,25.808637619018555,17000,RZA
2019-10-08,28.110000610351562,28.170000076293945,27.979999542236328,28.09000015258789,25.71708869934082,15800,RZA
2019-10-09,28.020000457763672,28.15999984741211,27.90999984741211,27.90999984741211,25.55229377746582,24200,RZA
2019-10-10,27.920000076293945,28.079999923706055,27.84000015258789,28.020000457763672,25.65300178527832,13900,RZA
2019-10-11,27.899999618530273,28.030000686645508,27.469999313354492,27.600000381469727,25.26848030090332,84800,RZA
2019-10-14,27.780000686645508,27.780000686645508,27.610000610351562,27.770000457763672,25.42411994934082,19600,RZA
2019-10-15,27.770000457763672,27.81999969482422,27.649999618530273,27.790000915527344,25.442432403564453,13900,RZA
2019-10-16,27.81999969482422,27.81999969482422,27.489999771118164,27.530000686645508,25.20439338684082,45400,RZA
2019-10-17,27.540000915527344,27.719999313354492,27.309999465942383,27.309999465942383,25.002975463867188,42700,RZA
2019-10-18,27.309999465942383,27.479999542236328,27.209999084472656,27.219999313354492,24.920578002929688,16900,RZA
2019-10-21,27.31999969482422,27.540000915527344,27.270000457763672,27.43000030517578,25.112842559814453,21500,RZA
2019-10-22,27.43000030517578,27.600000381469727,27.40999984741211,27.459999084472656,25.140304565429688,38500,RZA
2019-10-23,27.549999237060547,27.700000762939453,27.43000030517578,27.450000762939453,25.131149291992188,72700,RZA
2019-10-24,27.610000610351562,27.6200008392334,27.40999984741211,27.469999313354492,25.14946174621582,74400,RZA
2019-10-25,27.559999465942383,27.600000381469727,27.350000381469727,27.459999084472656,25.140304565429688,29000,RZA
2019-10-28,27.479999542236328,27.600000381469727,27.280000686645508,27.389999389648438,25.076217651367188,27100,RZA
2019-10-29,27.450000762939453,27.459999084472656,27.309999465942383,27.31999969482422,25.012130737304688,12400,RZA
2019-10-30,27.190000534057617,27.600000381469727,27.190000534057617,27.440000534057617,25.121994018554688,33700,RZA
2019-10-31,27.440000534057617,27.549999237060547,27.260000228881836,27.260000228881836,24.95720100402832,176200,RZA
2019-11-01,27.3799991607666,27.40999984741211,27.09000015258789,27.190000534057617,24.89311408996582,36200,RZA
2019-11-04,27.200000762939453,27.309999465942383,27.09000015258789,27.139999389648438,24.847339630126953,19100,RZA
2019-11-05,27.09000015258789,27.229999542236328,27.049999237060547,27.18000030517578,24.88395881652832,53400,RZA
2019-11-06,27.18000030517578,27.34000015258789,27.18000030517578,27.260000228881836,24.95720100402832,35500,RZA
2019-11-07,27.18000030517578,27.25,27.1299991607666,27.1299991607666,24.83818244934082,21900,RZA
2019-11-08,27.219999313354492,27.329999923706055,27.059999465942383,27.329999923706055,25.02128791809082,24300,RZA
2019-11-11,27.170000076293945,27.579999923706055,27.170000076293945,27.549999237060547,25.222702026367188,19800,RZA
2019-11-12,27.549999237060547,27.809999465942383,27.450000762939453,27.719999313354492,25.37834358215332,81400,RZA
2019-11-13,27.75,27.8700008392334,27.739999771118164,27.790000915527344,25.442432403564453,24900,RZA
2019-11-14,27.81999969482422,27.950000762939453,27.489999771118164,27.600000381469727,25.26848030090332,40300,RZA
2019-11-15,27.6299991607666,27.75,27.469999313354492,27.540000915527344,25.213550567626953,18900,RZA
2019-11-18,27.6299991607666,27.739999771118164,27.389999389648438,27.520000457763672,25.195236206054688,31200,RZA
2019-11-19,27.360000610351562,27.65999984741211,27.350000381469727,27.59000015258789,25.259323120117188,25900,RZA
2019-11-20,27.639999389648438,27.639999389648438,27.420000076293945,27.5,25.176929473876953,19100,RZA
2019-11-21,27.59000015258789,27.600000381469727,27.420000076293945,27.520000457763672,25.195236206054688,27900,RZA
2019-11-22,27.6200008392334,27.6299991607666,27.469999313354492,27.600000381469727,25.26848030090332,24800,RZA
2019-11-25,27.510000228881836,27.65999984741211,27.5,27.65999984741211,25.32341194152832,34100,RZA
2019-11-26,27.68000030517578,27.780000686645508,27.530000686645508,27.780000686645508,25.433277130126953,16700,RZA
2019-11-27,27.389999389648438,27.450000762939453,27.290000915527344,27.43000030517578,25.468557357788086,39400,RZA
2019-11-29,27.3700008392334,27.389999389648438,27.219999313354492,27.229999542236328,25.282854080200195,64800,RZA
2019-12-02,27.3799991607666,27.3799991607666,27.170000076293945,27.290000915527344,25.33856964111328,24800,RZA
2019-12-03,27.280000686645508,27.389999389648438,27.06999969482422,27.309999465942383,25.357135772705078,34800,RZA
2019-12-04,27.239999771118164,27.450000762939453,27.239999771118164,27.3799991607666,25.422130584716797,16600,RZA
2019-12-05,27.40999984741211,27.440000534057617,27.1200008392334,27.329999923706055,25.375707626342773,22800,RZA
2019-12-06,27.219999313354492,27.34000015258789,27.09000015258789,27.34000015258789,25.384992599487305,14800,RZA
2019-12-09,27.389999389648438,27.43000030517578,27.209999084472656,27.3799991607666,25.422130584716797,11200,RZA
2019-12-10,27.3799991607666,27.459999084472656,27.229999542236328,27.459999084472656,25.496410369873047,21900,RZA
2019-12-11,27.3700008392334,27.469999313354492,27.299999237060547,27.399999618530273,25.44070053100586,26300,RZA
2019-12-12,27.450000762939453,27.459999084472656,27.31999969482422,27.420000076293945,25.459270477294922,46700,RZA
2019-12-13,27.420000076293945,27.600000381469727,27.309999465942383,27.600000381469727,25.626399993896484,18700,RZA
2019-12-16,27.649999618530273,27.649999618530273,27.559999465942383,27.600000381469727,25.626399993896484,20100,RZA
2019-12-17,27.670000076293945,27.760000228881836,27.559999465942383,27.700000762939453,25.719249725341797,29200,RZA
2019-12-18,27.610000610351562,27.920000076293945,27.610000610351562,27.920000076293945,25.92351722717285,18500,RZA
2019-12-19,27.729999542236328,27.8799991607666,27.729999542236328,27.75,25.76567268371582,62200,RZA
2019-12-20,27.75,27.90999984741211,27.75,27.860000610351562,25.867809295654297,26200,RZA
2019-12-23,27.8799991607666,27.90999984741211,27.790000915527344,27.899999618530273,25.904949188232422,13000,RZA
2019-12-24,27.899999618530273,27.90999984741211,27.790000915527344,27.90999984741211,25.914234161376953,8500,RZA
2019-12-26,27.90999984741211,27.969999313354492,27.8700008392334,27.969999313354492,25.969940185546875,11300,RZA
2019-12-27,28.0,28.010000228881836,27.860000610351562,27.989999771118164,25.98851203918457,15200,RZA
2019-12-30,27.8700008392334,28.149999618530273,27.8700008392334,27.969999313354492,25.969940185546875,58700,RZA
2019-12-31,27.979999542236328,28.0,27.65999984741211,27.729999542236328,25.747102737426758,36600,RZA
2020-01-02,27.84000015258789,28.110000610351562,27.84000015258789,28.09000015258789,26.081361770629883,55900,RZA
2020-01-03,28.049999237060547,28.34000015258789,27.989999771118164,28.290000915527344,26.267059326171875,52700,RZA
2020-01-06,28.09000015258789,28.280000686645508,28.09000015258789,28.170000076293945,26.1556396484375,22700,RZA
2020-01-07,28.229999542236328,28.229999542236328,28.030000686645508,28.040000915527344,26.034940719604492,40300,RZA
2020-01-08,27.979999542236328,28.219999313354492,27.860000610351562,27.93000030517578,25.932802200317383,97200,RZA
2020-01-09,28.040000915527344,28.059999465942383,27.84000015258789,27.84000015258789,25.8492374420166,204800,RZA
2020-01-10,27.899999618530273,27.959999084472656,27.790000915527344,27.790000915527344,25.802814483642578,319400,RZA
2020-01-13,27.809999465942383,27.90999984741211,27.799999237060547,27.809999465942383,25.82138442993164,119700,RZA
2020-01-14,27.8799991607666,27.8799991607666,27.760000228881836,27.829999923706055,25.83995246887207,63500,RZA
2020-01-15,27.770000457763672,27.84000015258789,27.690000534057617,27.690000534057617,25.7099666595459,63200,RZA
2020-01-16,27.739999771118164,27.75,27.670000076293945,27.739999771118164,25.756389617919922,28700,RZA
2020-01-17,27.75,27.829999923706055,27.75,27.829999923706055,25.83995246887207,21500,RZA
2020-01-21,27.829999923706055,27.899999618530273,27.790000915527344,27.799999237060547,25.81209945678711,19700,RZA
2020-01-22,27.780000686645508,27.850000381469727,27.770000457763672,27.770000457763672,25.784242630004883,20200,RZA
2020-01-23,27.770000457763672,27.8700008392334,27.700000762939453,27.81999969482422,25.830669403076172,14100,RZA
2020-01-24,27.829999923706055,27.860000610351562,27.75,27.75,25.76567268371582,14400,RZA
2020-01-27,27.829999923706055,27.8700008392334,27.729999542236328,27.850000381469727,25.858524322509766,20600,RZA
2020-01-28,27.790000915527344,27.799999237060547,27.579999923706055,27.59000015258789,25.617115020751953,77600,RZA
2020-01-29,27.65999984741211,27.809999465942383,27.65999984741211,27.719999313354492,25.737817764282227,18500,RZA
2020-01-30,27.729999542236328,27.780000686645508,27.649999618530273,27.729999542236328,25.747102737426758,31200,RZA
2020-01-31,27.739999771118164,27.850000381469727,27.670000076293945,27.670000076293945,25.691394805908203,37500,RZA
2020-02-03,27.670000076293945,27.829999923706055,27.670000076293945,27.829999923706055,25.83995246887207,41800,RZA
2020-02-04,27.829999923706055,27.829999923706055,27.739999771118164,27.780000686645508,25.793529510498047,23500,RZA
2020-02-05,27.780000686645508,27.959999084472656,27.780000686645508,27.8700008392334,25.877094268798828,21600,RZA
2020-02-06,27.920000076293945,27.959999084472656,27.850000381469727,27.860000610351562,25.867809295654297,14700,RZA
2020-02-07,27.950000762939453,28.0,27.84000015258789,27.90999984741211,25.914234161376953,19800,RZA
2020-02-10,27.889999389648438,27.989999771118164,27.8700008392334,27.940000534057617,25.942087173461914,16500,RZA
2020-02-11,27.950000762939453,27.979999542236328,27.920000076293945,27.959999084472656,25.960655212402344,31400,RZA
2020-02-12,27.969999313354492,27.979999542236328,27.860000610351562,27.920000076293945,25.92351722717285,25400,RZA
2020-02-13,27.950000762939453,28.049999237060547,27.889999389648438,27.940000534057617,25.942087173461914,18600,RZA
2020-02-14,28.040000915527344,28.149999618530273,27.899999618530273,28.110000610351562,26.099929809570312,18200,RZA
2020-02-18,28.110000610351562,28.190000534057617,28.010000228881836,28.149999618530273,26.137069702148438,40800,RZA
2020-02-19,28.15999984741211,28.15999984741211,27.75,27.75,25.76567268371582,14000,RZA
2020-02-20,27.799999237060547,28.200000762939453,27.799999237060547,28.190000534057617,26.174211502075195,22500,RZA
2020-02-21,28.18000030517578,28.18000030517578,27.889999389648438,27.90999984741211,25.914234161376953,19600,RZA
2020-02-24,27.950000762939453,27.989999771118164,27.65999984741211,27.65999984741211,25.68210792541504,19600,RZA
2020-02-25,27.850000381469727,27.93000030517578,27.540000915527344,27.610000610351562,25.635683059692383,96900,RZA
2020-02-26,27.709999084472656,27.940000534057617,27.389999389648438,27.5,25.533550262451172,31000,RZA
2020-02-27,27.280000686645508,27.280000686645508,26.809999465942383,27.139999389648438,25.19929313659668,35400,RZA
2020-02-28,27.0,27.170000076293945,26.6200008392334,26.68000030517578,24.772188186645508,82400,RZA
2020-03-02,26.719999313354492,27.0,26.559999465942383,26.8700008392334,24.94860076904297,93900,RZA
2020-03-03,26.979999542236328,27.309999465942383,26.59000015258789,26.670000076293945,24.762901306152344,71000,RZA
2020-03-04,26.850000381469727,26.969999313354492,26.68000030517578,26.940000534057617,25.013595581054688,41400,RZA
2020-03-05,26.75,26.940000534057617,26.479999542236328,26.479999542236328,24.58648681640625,27500,RZA
2020-03-06,26.209999084472656,26.739999771118164,25.93000030517578,26.31999969482422,24.437929153442383,252600,RZA
2020-03-09,25.350000381469727,26.510000228881836,25.010000228881836,25.610000610351562,23.77869987487793,233400,RZA
2020-03-10,25.809999465942383,26.229999542236328,25.75,26.049999237060547,24.18723487854004,32300,RZA
2020-03-11,25.889999389648438,26.170000076293945,25.549999237060547,26.0,24.140811920166016,99000,RZA
2020-03-12,25.0,25.049999237060547,23.100000381469727,23.43000030517578,21.75458526611328,678500,RZA
2020-03-13,23.979999542236328,24.34000015258789,23.610000610351562,23.8799991607666,22.172407150268555,48200,RZA
2020-03-16,23.350000381469727,23.350000381469727,21.5,22.31999969482422,20.723957061767578,101100,RZA
2020-03-17,22.540000915527344,22.93000030517578,21.8700008392334,21.8700008392334,20.306137084960938,69800,RZA
2020-03-18,21.5,21.670000076293945,15.390000343322754,16.010000228881836,14.865169525146484,61500,RZA
2020-03-19,16.25,18.850000381469727,16.0,17.299999237060547,16.062925338745117,182600,RZA
2020-03-20,17.989999771118164,20.0,17.899999618530273,18.950000762939453,17.594940185546875,116100,RZA
2020-03-23,18.75,19.959999084472656,18.030000686645508,18.790000915527344,17.446380615234375,148000,RZA
2020-03-24,19.399999618530273,22.190000534057617,19.350000381469727,20.649999618530273,19.17337417602539,62800,RZA
2020-03-25,21.200000762939453,23.110000610351562,21.149999618530273,21.780000686645508,20.22257423400879,61900,RZA
2020-03-26,21.790000915527344,23.200000762939453,21.790000915527344,23.190000534057617,21.531747817993164,76200,RZA
2020-03-27,22.729999542236328,24.790000915527344,22.510000228881836,22.639999389648438,21.021076202392578,61700,RZA
2020-03-30,23.770000457763672,23.770000457763672,22.5,22.579999923706055,20.96536636352539,47100,RZA
2020-03-31,22.639999389648438,23.950000762939453,22.600000381469727,23.549999237060547,21.866004943847656,53100,RZA
2020-04-01,22.989999771118164,23.209999084472656,21.020000457763672,21.489999771118164,19.95330810546875,62900,RZA
2020-04-02,21.020000457763672,22.139999389648438,20.510000228881836,21.56999969482422,20.027587890625,61700,RZA
2020-04-03,21.1299991607666,21.59000015258789,20.239999771118164,21.440000534057617,19.90688705444336,35100,RZA
2020-04-06,22.280000686645508,22.969999313354492,22.06999969482422,22.360000610351562,20.761098861694336,61900,RZA
2020-04-07,22.850000381469727,23.719999313354492,22.81999969482422,23.719999313354492,22.023845672607422,67300,RZA
2020-04-08,23.739999771118164,25.06999969482422,23.639999389648438,24.5,22.74807357788086,36100,RZA
2020-04-09,24.5,26.030000686645508,24.020000457763672,25.18000030517578,23.37944984436035,72900,RZA
2020-04-13,25.18000030517578,25.56999969482422,24.459999084472656,25.350000381469727,23.537290573120117,29600,RZA
2020-04-14,25.729999542236328,26.0,25.290000915527344,25.739999771118164,23.899404525756836,20000,RZA
2020-04-15,25.09000015258789,25.700000762939453,24.799999237060547,25.600000381469727,23.7694149017334,21100,RZA
2020-04-16,25.709999084472656,26.059999465942383,25.170000076293945,25.950000762939453,24.09438705444336,22100,RZA
2020-04-17,26.059999465942383,26.729999542236328,25.899999618530273,26.729999542236328,24.818613052368164,88100,RZA
2020-04-20,26.59000015258789,26.889999389648438,26.56999969482422,26.889999389648438,24.9671688079834,34400,RZA
2020-04-21,26.520000457763672,26.860000610351562,25.559999465942383,26.860000610351562,24.93931770324707,48800,RZA
2020-04-22,26.649999618530273,26.780000686645508,26.31999969482422,26.6200008392334,24.71647834777832,48500,RZA
2020-04-23,26.399999618530273,26.68000030517578,26.329999923706055,26.420000076293945,24.530778884887695,41900,RZA
2020-04-24,26.549999237060547,26.549999237060547,25.549999237060547,25.610000610351562,23.77869987487793,83700,RZA
2020-04-27,25.75,25.920000076293945,25.389999389648438,25.579999923706055,23.750843048095703,34100,RZA
2020-04-28,25.579999923706055,25.739999771118164,25.530000686645508,25.549999237060547,23.722990036010742,18800,RZA
2020-04-29,25.549999237060547,25.860000610351562,25.5,25.690000534057617,23.852977752685547,25800,RZA
2020-04-30,25.530000686645508,25.979999542236328,25.280000686645508,25.329999923706055,23.518720626831055,77900,RZA
2020-05-01,25.31999969482422,25.31999969482422,25.010000228881836,25.18000030517578,23.37944984436035,26200,RZA
2020-05-04,25.06999969482422,25.3799991607666,25.0,25.040000915527344,23.24945831298828,54400,RZA
2020-05-05,25.239999771118164,25.350000381469727,25.1200008392334,25.15999984741211,23.360876083374023,40700,RZA
2020-05-06,25.229999542236328,25.239999771118164,24.969999313354492,25.040000915527344,23.24945831298828,66200,RZA
2020-05-07,25.100000381469727,25.200000762939453,25.100000381469727,25.1200008392334,23.3237361907959,63600,RZA
2020-05-08,25.239999771118164,25.350000381469727,25.170000076293945,25.219999313354492,23.416587829589844,29500,RZA
2020-05-11,25.270000457763672,25.299999237060547,25.100000381469727,25.110000610351562,23.314451217651367,75200,RZA
2020-05-12,25.190000534057617,25.190000534057617,24.899999618530273,24.899999618530273,23.11946678161621,53000,RZA
2020-05-13,25.040000915527344,25.040000915527344,24.290000915527344,24.290000915527344,22.553089141845703,175100,RZA
2020-05-14,24.100000381469727,24.65999984741211,23.65999984741211,24.639999389648438,22.878061294555664,101300,RZA
2020-05-15,24.579999923706055,25.100000381469727,24.350000381469727,24.5,22.74807357788086,49300,RZA
2020-05-18,25.010000228881836,25.209999084472656,24.719999313354492,24.809999465942383,23.035903930664062,39800,RZA
2020-05-19,24.959999084472656,25.18000030517578,24.93000030517578,24.969999313354492,23.184463500976562,23300,RZA
2020-05-20,25.200000762939453,25.200000762939453,24.65999984741211,24.940000534057617,23.15660858154297,53400,RZA
2020-05-21,25.09000015258789,25.09000015258789,24.850000381469727,24.899999618530273,23.11946678161621,41100,RZA
2020-05-22,25.059999465942383,25.06999969482422,24.81999969482422,24.850000381469727,23.07304573059082,71600,RZA
2020-05-26,25.06999969482422,25.06999969482422,24.579999923706055,24.6299991607666,22.868776321411133,218100,RZA
2020-05-27,24.729999542236328,24.950000762939453,24.649999618530273,24.799999237060547,23.026620864868164,96800,RZA
2020-05-28,24.93000030517578,25.020000457763672,24.850000381469727,24.889999389648438,23.11018180847168,97300,RZA
2020-05-29,24.510000228881836,24.799999237060547,24.510000228881836,24.6200008392334,23.22148323059082,79600,RZA
2020-06-01,24.709999084472656,25.040000915527344,24.700000762939453,25.040000915527344,23.617624282836914,61100,RZA
2020-06-02,25.049999237060547,25.200000762939453,25.020000457763672,25.170000076293945,23.74024200439453,41700,RZA
2020-06-03,25.25,25.469999313354492,25.219999313354492,25.469999313354492,24.023195266723633,49000,RZA
2020-06-04,25.420000076293945,25.530000686645508,25.309999465942383,25.34000015258789,23.90058135986328,77400,RZA
2020-06-05,25.610000610351562,25.610000610351562,25.049999237060547,25.149999618530273,23.721372604370117,231400,RZA
2020-06-08,25.209999084472656,25.399999618530273,25.209999084472656,25.399999618530273,23.957176208496094,26300,RZA
2020-06-09,25.3700008392334,25.469999313354492,25.270000457763672,25.459999084472656,24.013763427734375,30800,RZA
2020-06-10,25.3700008392334,25.469999313354492,25.299999237060547,25.469999313354492,24.023195266723633,25800,RZA
2020-06-11,25.219999313354492,25.270000457763672,24.809999465942383,25.219999313354492,23.787399291992188,50600,RZA
2020-06-12,25.270000457763672,25.43000030517578,25.149999618530273,25.18000030517578,23.74967384338379,26800,RZA
2020-06-15,25.030000686645508,25.170000076293945,24.889999389648438,25.0,23.579896926879883,39200,RZA
2020-06-16,25.31999969482422,25.6200008392334,25.15999984741211,25.31999969482422,23.881717681884766,11500,RZA
2020-06-17,25.309999465942383,25.309999465942383,25.200000762939453,25.200000762939453,23.768535614013672,75500,RZA
2020-06-18,25.200000762939453,25.34000015258789,25.110000610351562,25.299999237060547,23.86285400390625,23500,RZA
2020-06-19,25.299999237060547,25.309999465942383,25.15999984741211,25.18000030517578,23.74967384338379,48200,RZA
2020-06-22,25.200000762939453,25.280000686645508,24.81999969482422,24.8700008392334,23.45728302001953,41700,RZA
2020-06-23,24.920000076293945,25.15999984741211,24.920000076293945,24.940000534057617,23.523303985595703,48200,RZA
2020-06-24,25.0,25.059999465942383,24.84000015258789,24.940000534057617,23.523303985595703,148700,RZA
2020-06-25,25.010000228881836,25.020000457763672,24.940000534057617,24.940000534057617,23.523303985595703,142000,RZA
2020-06-26,24.979999542236328,25.049999237060547,24.81999969482422,24.81999969482422,23.410120010375977,23800,RZA
2020-06-29,24.93000030517578,25.100000381469727,24.850000381469727,25.100000381469727,23.67421531677246,30800,RZA
2020-06-30,25.040000915527344,25.18000030517578,25.040000915527344,25.110000610351562,23.68364715576172,187500,RZA
2020-07-01,25.100000381469727,25.299999237060547,25.100000381469727,25.260000228881836,23.82512664794922,24200,RZA
2020-07-02,25.309999465942383,25.350000381469727,25.290000915527344,25.290000915527344,23.853424072265625,18700,RZA
2020-07-06,25.3799991607666,25.729999542236328,25.3799991607666,25.510000228881836,24.06092643737793,29200,RZA
2020-07-07,25.5,25.5,25.389999389648438,25.479999542236328,24.032630920410156,85900,RZA
2020-07-08,25.479999542236328,25.510000228881836,25.25,25.43000030517578,23.985469818115234,89000,RZA
2020-07-09,25.489999771118164,25.489999771118164,25.43000030517578,25.450000762939453,24.00433349609375,30500,RZA
2020-07-10,25.479999542236328,25.489999771118164,25.350000381469727,25.399999618530273,23.957176208496094,26700,RZA
2020-07-13,25.40999984741211,25.510000228881836,25.40999984741211,25.420000076293945,23.976037979125977,47300,RZA
2020-07-14,25.350000381469727,25.489999771118164,25.299999237060547,25.43000030517578,23.985469818115234,24600,RZA
2020-07-15,25.40999984741211,25.700000762939453,25.40999984741211,25.690000534057617,24.23069953918457,662300,RZA
2020-07-16,25.59000015258789,25.84000015258789,25.59000015258789,25.739999771118164,24.277862548828125,361900,RZA
2020-07-17,25.739999771118164,25.84000015258789,25.739999771118164,25.84000015258789,24.372180938720703,15300,RZA
2020-07-20,25.84000015258789,25.84000015258789,25.670000076293945,25.84000015258789,24.372180938720703,14000,RZA
2020-07-21,25.850000381469727,25.989999771118164,25.850000381469727,25.940000534057617,24.466501235961914,31200,RZA
2020-07-22,25.8799991607666,25.959999084472656,25.809999465942383,25.940000534057617,24.466501235961914,19000,RZA
2020-07-23,25.81999969482422,26.110000610351562,25.81999969482422,26.06999969482422,24.589113235473633,25200,RZA
2020-07-24,26.110000610351562,26.110000610351562,25.959999084472656,26.079999923706055,24.598546981811523,221800,RZA
2020-07-27,26.100000381469727,26.5,26.010000228881836,26.5,24.994691848754883,21100,RZA
2020-07-28,26.479999542236328,26.479999542236328,26.170000076293945,26.399999618530273,24.90036964416504,14700,RZA
2020-07-29,26.31999969482422,26.700000762939453,26.31999969482422,26.690000534057617,25.173898696899414,26900,RZA
2020-07-30,26.639999389648438,26.84000015258789,26.440000534057617,26.65999984741211,25.145599365234375,17200,RZA
2020-07-31,26.760000228881836,27.0,26.760000228881836,26.950000762939453,25.41912841796875,33300,RZA
2020-08-03,26.90999984741211,27.100000381469727,26.809999465942383,27.030000686645508,25.494585037231445,18900,RZA
2020-08-04,26.959999084472656,26.959999084472656,26.719999313354492,26.75,25.230487823486328,18100,RZA
2020-08-05,26.81999969482422,26.93000030517578,26.729999542236328,26.860000610351562,25.33424186706543,15300,RZA
2020-08-06,26.8799991607666,26.8799991607666,26.510000228881836,26.600000381469727,25.089008331298828,28000,RZA
2020-08-07,26.600000381469727,26.600000381469727,26.09000015258789,26.25,24.75889015197754,57300,RZA
2020-08-10,26.239999771118164,26.579999923706055,26.219999313354492,26.579999923706055,25.070146560668945,11700,RZA
2020-08-11,26.549999237060547,26.780000686645508,26.520000457763672,26.670000076293945,25.155033111572266,22000,RZA
2020-08-12,26.610000610351562,26.889999389648438,26.540000915527344,26.709999084472656,25.192760467529297,20100,RZA
2020-08-13,26.81999969482422,26.940000534057617,26.68000030517578,26.829999923706055,25.30594253540039,32400,RZA
2020-08-14,26.770000457763672,26.899999618530273,26.610000610351562,26.760000228881836,25.23992156982422,26500,RZA
2020-08-17,26.84000015258789,26.899999618530273,26.760000228881836,26.84000015258789,25.31537628173828,51900,RZA
2020-08-18,26.829999923706055,27.010000228881836,26.770000457763672,27.0,25.466285705566406,23600,RZA
2020-08-19,26.8799991607666,27.040000915527344,26.860000610351562,27.030000686645508,25.494585037231445,14500,RZA
2020-08-20,26.920000076293945,27.0,26.809999465942383,26.829999923706055,25.30594253540039,33800,RZA
2020-08-21,26.93000030517578,27.010000228881836,26.850000381469727,26.979999542236328,25.44742202758789,31100,RZA
2020-08-24,27.049999237060547,27.170000076293945,27.0,27.059999465942383,25.52288055419922,21300,RZA
2020-08-25,27.18000030517578,27.25,27.1299991607666,27.15999984741211,25.617198944091797,24000,RZA
2020-08-26,27.229999542236328,27.260000228881836,27.200000762939453,27.219999313354492,25.67378807067871,21700,RZA
2020-08-27,27.299999237060547,27.329999923706055,27.1299991607666,27.1299991607666,25.58890151977539,19000,RZA
2020-08-28,27.229999542236328,27.239999771118164,27.079999923706055,27.079999923706055,25.541744232177734,13500,RZA
2020-08-31,27.0,27.040000915527344,26.799999237060547,26.90999984741211,25.750350952148438,32400,RZA
2020-09-01,26.969999313354492,26.989999771118164,26.889999389648438,26.899999618530273,25.74077796936035,29800,RZA
2020-09-02,27.020000457763672,27.040000915527344,26.600000381469727,26.8799991607666,25.721641540527344,22200,RZA
2020-09-03,26.889999389648438,26.889999389648438,26.6299991607666,26.760000228881836,25.606813430786133,12300,RZA
2020-09-04,26.860000610351562,26.860000610351562,26.450000762939453,26.520000457763672,25.377155303955078,28000,RZA
2020-09-08,26.520000457763672,26.520000457763672,26.360000610351562,26.360000610351562,25.22405242919922,15100,RZA
2020-09-09,26.420000076293945,26.93000030517578,26.360000610351562,26.829999923706055,25.673795700073242,25300,RZA
2020-09-10,26.8700008392334,26.8799991607666,26.610000610351562,26.639999389648438,25.49198341369629,19400,RZA
2020-09-11,26.770000457763672,26.770000457763672,26.6200008392334,26.649999618530273,25.501554489135742,17400,RZA
2020-09-14,26.670000076293945,26.829999923706055,26.6200008392334,26.809999465942383,25.654659271240234,16000,RZA
2020-09-15,26.829999923706055,26.829999923706055,26.719999313354492,26.799999237060547,25.645090103149414,17800,RZA
2020-09-16,26.93000030517578,26.959999084472656,26.8799991607666,26.8799991607666,25.721641540527344,35900,RZA
2020-09-17,26.8700008392334,26.8799991607666,26.469999313354492,26.729999542236328,25.578105926513672,15700,RZA
2020-09-18,26.739999771118164,26.84000015258789,26.5,26.649999618530273,25.501554489135742,8800,RZA
2020-09-21,26.68000030517578,26.700000762939453,26.309999465942383,26.690000534057617,25.539831161499023,21900,RZA
2020-09-22,26.729999542236328,26.780000686645508,26.670000076293945,26.760000228881836,25.606813430786133,54100,RZA
2020-09-23,26.850000381469727,26.850000381469727,25.739999771118164,26.100000381469727,24.975255966186523,29800,RZA
2020-09-24,26.200000762939453,26.200000762939453,25.950000762939453,26.040000915527344,24.917842864990234,31700,RZA
2020-09-25,26.049999237060547,26.520000457763672,26.049999237060547,26.5,25.35801887512207,21700,RZA
2020-09-28,26.540000915527344,26.700000762939453,26.299999237060547,26.329999923706055,25.195343017578125,35700,RZA
2020-09-29,26.40999984741211,26.520000457763672,26.219999313354492,26.229999542236328,25.099653244018555,27800,RZA
2020-09-30,26.25,26.34000015258789,26.110000610351562,26.110000610351562,24.98482322692871,79500,RZA
2020-10-01,26.290000915527344,26.3700008392334,26.239999771118164,26.360000610351562,25.22405242919922,75800,RZA
2020-10-02,26.229999542236328,26.479999542236328,26.229999542236328,26.440000534057617,25.30060386657715,26000,RZA
2020-10-05,26.56999969482422,26.649999618530273,26.34000015258789,26.40999984741211,25.271896362304688,35300,RZA
2020-10-06,26.579999923706055,26.739999771118164,26.56999969482422,26.68000030517578,25.530261993408203,93100,RZA
2020-10-07,26.760000228881836,26.899999618530273,26.579999923706055,26.829999923706055,25.673795700073242,36200,RZA
2020-10-08,26.8700008392334,26.940000534057617,26.799999237060547,26.90999984741211,25.750350952148438,25500,RZA
2020-10-09,26.989999771118164,26.989999771118164,26.719999313354492,26.959999084472656,25.798194885253906,20300,RZA
2020-10-12,26.899999618530273,26.969999313354492,26.639999389648438,26.850000381469727,25.692935943603516,19500,RZA
2020-10-13,26.739999771118164,26.920000076293945,26.739999771118164,26.8700008392334,25.712074279785156,21000,RZA
2020-10-14,26.93000030517578,26.93000030517578,26.75,26.780000686645508,25.625951766967773,11400,RZA
2020-10-15,26.75,26.979999542236328,26.75,26.979999542236328,25.817331314086914,20700,RZA
2020-10-16,26.969999313354492,27.049999237060547,26.81999969482422,27.020000457763672,25.85561180114746,20100,RZA
2020-10-19,27.020000457763672,27.079999923706055,26.8799991607666,27.040000915527344,25.87474822998047,33700,RZA
2020-10-20,27.049999237060547,27.100000381469727,26.959999084472656,27.09000015258789,25.922592163085938,36900,RZA
2020-10-21,27.190000534057617,27.190000534057617,26.75,27.020000457763672,25.85561180114746,24000,RZA
2020-10-22,26.940000534057617,27.170000076293945,26.8799991607666,27.170000076293945,25.999143600463867,16100,RZA
2020-10-23,27.200000762939453,27.299999237060547,27.110000610351562,27.299999237060547,26.12354278564453,43600,RZA
2020-10-26,27.25,27.25,26.770000457763672,26.770000457763672,25.616382598876953,20300,RZA
2020-10-27,26.760000228881836,27.0,26.559999465942383,26.559999465942383,25.415430068969727,16700,RZA
2020-10-28,26.540000915527344,26.670000076293945,26.0,26.020000457763672,24.89870262145996,17900,RZA
2020-10-29,26.1200008392334,26.540000915527344,26.0,26.0,24.87956428527832,12200,RZA
2020-10-30,26.049999237060547,26.389999389648438,26.049999237060547,26.3799991607666,25.243188858032227,59900,RZA
2020-11-02,26.5,26.700000762939453,26.3799991607666,26.3799991607666,25.243188858032227,9900,RZA
2020-11-03,26.420000076293945,26.799999237060547,26.420000076293945,26.700000762939453,25.549400329589844,13200,RZA
2020-11-04,26.700000762939453,26.979999542236328,26.559999465942383,26.940000534057617,25.779056549072266,20800,RZA
2020-11-05,26.940000534057617,27.149999618530273,26.93000030517578,27.100000381469727,25.932161331176758,12800,RZA
2020-11-06,27.030000686645508,27.06999969482422,26.860000610351562,26.93000030517578,25.769487380981445,12900,RZA
2020-11-09,27.020000457763672,27.229999542236328,27.020000457763672,27.200000762939453,26.02785301208496,21400,RZA
2020-11-10,27.06999969482422,27.219999313354492,27.030000686645508,27.110000610351562,25.941730499267578,14400,RZA
2020-11-11,27.09000015258789,27.25,27.079999923706055,27.1299991607666,25.96086883544922,13200,RZA
2020-11-12,27.1299991607666,27.270000457763672,26.8700008392334,27.209999084472656,26.03742027282715,13100,RZA
2020-11-13,27.1200008392334,27.170000076293945,27.030000686645508,27.100000381469727,25.932161331176758,13700,RZA
2020-11-16,27.100000381469727,27.100000381469727,26.8700008392334,27.06999969482422,25.903453826904297,26600,RZA
2020-11-17,26.93000030517578,27.049999237060547,26.899999618530273,27.0,25.836469650268555,29200,RZA
2020-11-18,26.920000076293945,27.059999465942383,26.889999389648438,26.920000076293945,25.759920120239258,16100,RZA
2020-11-19,26.809999465942383,26.950000762939453,26.809999465942383,26.899999618530273,25.74077796936035,16600,RZA
2020-11-20,26.979999542236328,26.979999542236328,26.799999237060547,26.81999969482422,25.664228439331055,33100,RZA
2020-11-23,26.90999984741211,26.90999984741211,26.75,26.790000915527344,25.63551902770996,46900,RZA
2020-11-24,26.860000610351562,26.899999618530273,26.75,26.799999237060547,25.645090103149414,45100,RZA
2020-11-25,26.770000457763672,26.8799991607666,26.709999084472656,26.860000610351562,25.702503204345703,13000,RZA
2020-11-27,26.8700008392334,26.8700008392334,26.799999237060547,26.81999969482422,25.664228439331055,11000,RZA
2020-11-30,26.649999618530273,26.649999618530273,26.270000457763672,26.329999923706055,25.5651912689209,43900,RZA
2020-12-01,26.40999984741211,26.420000076293945,26.350000381469727,26.40999984741211,25.642866134643555,22900,RZA
2020-12-02,26.34000015258789,26.520000457763672,26.34000015258789,26.450000762939453,25.681705474853516,48100,RZA
2020-12-03,26.450000762939453,26.6200008392334,26.450000762939453,26.59000015258789,25.81764030456543,19900,RZA
2020-12-04,26.549999237060547,26.6200008392334,26.5,26.6200008392334,25.84676742553711,16100,RZA
2020-12-07,26.56999969482422,26.670000076293945,26.520000457763672,26.670000076293945,25.895315170288086,21700,RZA
2020-12-08,26.579999923706055,26.729999542236328,26.579999923706055,26.729999542236328,25.953571319580078,19800,RZA
2020-12-09,26.670000076293945,26.790000915527344,26.559999465942383,26.639999389648438,25.866186141967773,21000,RZA
2020-12-10,26.690000534057617,26.799999237060547,26.690000534057617,26.760000228881836,25.98270034790039,15600,RZA
2020-12-11,26.670000076293945,26.850000381469727,26.670000076293945,26.799999237060547,26.02153968811035,15700,RZA
2020-12-14,26.770000457763672,27.139999389648438,26.770000457763672,27.139999389648438,26.35166358947754,35400,RZA
2020-12-15,27.15999984741211,27.200000762939453,27.0,27.200000762939453,26.40991973876953,19000,RZA
2020-12-16,27.209999084472656,27.68000030517578,27.190000534057617,27.649999618530273,26.846847534179688,30000,RZA
2020-12-17,27.639999389648438,27.639999389648438,27.3700008392334,27.56999969482422,26.76917266845703,25600,RZA
2020-12-18,27.489999771118164,27.739999771118164,27.25,27.739999771118164,26.934234619140625,21600,RZA
2020-12-21,27.56999969482422,27.809999465942383,27.559999465942383,27.75,26.94394302368164,27700,RZA
2020-12-22,27.649999618530273,28.0,27.399999618530273,27.649999618530273,26.846847534179688,36200,RZA
2020-12-23,27.790000915527344,27.920000076293945,27.479999542236328,27.8700008392334,27.06045913696289,18600,RZA
2020-12-24,27.90999984741211,28.15999984741211,27.760000228881836,28.1200008392334,27.303197860717773,16500,RZA
2020-12-28,28.09000015258789,28.1200008392334,27.719999313354492,28.010000228881836,27.196392059326172,28700,RZA
2020-12-29,28.0,28.100000381469727,27.68000030517578,28.059999465942383,27.24493980407715,39900,RZA
2020-12-30,27.989999771118164,28.059999465942383,27.75,27.84000015258789,27.031330108642578,26000,RZA
2020-12-31,27.84000015258789,27.90999984741211,27.5,27.5,26.70120620727539,230800,RZA
2021-01-04,27.5,27.5,26.920000076293945,27.09000015258789,26.303115844726562,27400,RZA
2021-01-05,26.940000534057617,27.239999771118164,26.899999618530273,27.020000457763672,26.235149383544922,16700,RZA
2021-01-06,26.950000762939453,26.950000762939453,26.25,26.31999969482422,25.55548095703125,60800,RZA
2021-01-07,26.389999389648438,26.68000030517578,26.260000228881836,26.450000762939453,25.681705474853516,35800,RZA
2021-01-08,26.579999923706055,26.649999618530273,26.350000381469727,26.600000381469727,25.827348709106445,16600,RZA
2021-01-11,26.59000015258789,26.81999969482422,26.510000228881836,26.719999313354492,25.943862915039062,33200,RZA
2021-01-12,26.709999084472656,26.739999771118164,26.389999389648438,26.739999771118164,25.963281631469727,35100,RZA
2021-01-13,26.739999771118164,27.06999969482422,26.670000076293945,27.06999969482422,26.283695220947266,17800,RZA
2021-01-14,27.100000381469727,27.280000686645508,26.90999984741211,27.280000686645508,26.48759651184082,19800,RZA
2021-01-15,27.299999237060547,27.489999771118164,27.170000076293945,27.43000030517578,26.63323974609375,21200,RZA
2021-01-19,27.479999542236328,27.479999542236328,27.010000228881836,27.389999389648438,26.59440040588379,22300,RZA
2021-01-20,27.43000030517578,27.440000534057617,27.329999923706055,27.440000534057617,26.642948150634766,15000,RZA
2021-01-21,27.43000030517578,27.459999084472656,27.1200008392334,27.1200008392334,26.332242965698242,15700,RZA
2021-01-22,27.25,27.389999389648438,27.1200008392334,27.270000457763672,26.477888107299805,6500,RZA
2021-01-25,27.3700008392334,27.43000030517578,27.040000915527344,27.040000915527344,26.254568099975586,12800,RZA
2021-01-26,27.229999542236328,27.43000030517578,26.940000534057617,27.270000457763672,26.477888107299805,15600,RZA
2021-01-27,27.059999465942383,27.280000686645508,26.59000015258789,26.690000534057617,25.914735794067383,15500,RZA
2021-01-28,26.84000015258789,27.239999771118164,26.610000610351562,27.239999771118164,26.448759078979492,27000,RZA
2021-01-29,27.15999984741211,27.219999313354492,26.760000228881836,26.959999084472656,26.176889419555664,65600,RZA
2021-02-01,26.940000534057617,26.940000534057617,26.729999542236328,26.760000228881836,25.98270034790039,24300,RZA
2021-02-02,26.780000686645508,26.950000762939453,26.729999542236328,26.829999923706055,26.05066680908203,15400,RZA
2021-02-03,26.780000686645508,26.8799991607666,26.6299991607666,26.690000534057617,25.914735794067383,16700,RZA
2021-02-04,26.75,26.959999084472656,26.540000915527344,26.850000381469727,26.070087432861328,25600,RZA
2021-02-05,26.8799991607666,26.8799991607666,26.68000030517578,26.860000610351562,26.079795837402344,19000,RZA
2021-02-08,26.760000228881836,26.8799991607666,26.760000228881836,26.8799991607666,26.099214553833008,13800,RZA
2021-02-09,26.889999389648438,26.979999542236328,26.84000015258789,26.940000534057617,26.157472610473633,11700,RZA
2021-02-10,26.979999542236328,26.979999542236328,26.700000762939453,26.93000030517578,26.147764205932617,19600,RZA
2021-02-11,26.979999542236328,26.979999542236328,26.700000762939453,26.799999237060547,26.02153968811035,18900,RZA
2021-02-12,26.75,26.809999465942383,26.34000015258789,26.719999313354492,25.943862915039062,14900,RZA
2021-02-16,26.729999542236328,26.729999542236328,26.360000610351562,26.360000610351562,25.59432029724121,40000,RZA
2021-02-17,26.5,26.5,26.40999984741211,26.479999542236328,25.710834503173828,24100,RZA
2021-02-18,26.40999984741211,26.649999618530273,26.3799991607666,26.649999618530273,25.87589454650879,24600,RZA
2021-02-19,26.600000381469727,26.790000915527344,26.56999969482422,26.6200008392334,25.84676742553711,13400,RZA
2021-02-22,26.520000457763672,26.65999984741211,26.450000762939453,26.489999771118164,25.720542907714844,16100,RZA
2021-02-23,26.530000686645508,26.6299991607666,26.5,26.540000915527344,25.76909065246582,11500,RZA
2021-02-24,26.690000534057617,26.690000534057617,26.3799991607666,26.5,25.730253219604492,16000,RZA
2021-02-25,26.399999618530273,26.6200008392334,26.350000381469727,26.59000015258789,25.81764030456543,41500,RZA
2021-02-26,26.489999771118164,26.489999771118164,26.09000015258789,26.15999984741211,25.776254653930664,42900,RZA
2021-03-01,26.299999237060547,26.299999237060547,26.15999984741211,26.18000030517578,25.795961380004883,19600,RZA
2021-03-02,26.190000534057617,26.34000015258789,26.18000030517578,26.209999084472656,25.825519561767578,15000,RZA
2021-03-03,26.209999084472656,26.34000015258789,26.100000381469727,26.219999313354492,25.835372924804688,19300,RZA
2021-03-04,26.219999313354492,26.31999969482422,26.059999465942383,26.149999618530273,25.766401290893555,23600,RZA
2021-03-05,26.239999771118164,26.450000762939453,26.18000030517578,26.399999618530273,26.012733459472656,18300,RZA
2021-03-08,26.329999923706055,26.360000610351562,26.239999771118164,26.360000610351562,25.97332191467285,10700,RZA
2021-03-09,26.389999389648438,26.5,26.280000686645508,26.5,26.11126708984375,15000,RZA
2021-03-10,26.489999771118164,26.530000686645508,26.420000076293945,26.530000686645508,26.140827178955078,18100,RZA
2021-03-11,26.440000534057617,26.709999084472656,26.399999618530273,26.709999084472656,26.318185806274414,19600,RZA
2021-03-12,26.610000610351562,26.68000030517578,26.350000381469727,26.579999923706055,26.190093994140625,238000,RZA
2021-03-15,26.649999618530273,27.010000228881836,26.649999618530273,26.850000381469727,26.456132888793945,21600,RZA
2021-03-16,26.75,26.850000381469727,26.75,26.850000381469727,26.456132888793945,10300,RZA
2021-03-17,26.84000015258789,26.969999313354492,26.600000381469727,26.959999084472656,26.564517974853516,15100,RZA
2021-03-18,26.889999389648438,26.889999389648438,26.520000457763672,26.59000015258789,26.199947357177734,15200,RZA
2021-03-19,26.600000381469727,26.829999923706055,26.350000381469727,26.440000534057617,26.052146911621094,18600,RZA
2021-03-22,26.489999771118164,26.809999465942383,26.440000534057617,26.780000686645508,26.38715934753418,12800,RZA
2021-03-23,26.65999984741211,26.799999237060547,26.6299991607666,26.75,26.35759925842285,6300,RZA
2021-03-24,26.860000610351562,26.979999542236328,26.809999465942383,26.940000534057617,26.54481315612793,16700,RZA
2021-03-25,26.899999618530273,26.959999084472656,26.829999923706055,26.959999084472656,26.564517974853516,9000,RZA
2021-03-26,26.950000762939453,26.979999542236328,26.8700008392334,26.950000762939453,26.55466651916504,10100,RZA
2021-03-29,26.979999542236328,26.979999542236328,26.729999542236328,26.739999771118164,26.347745895385742,14800,RZA
2021-03-30,26.68000030517578,26.899999618530273,26.68000030517578,26.799999237060547,26.4068660736084,10100,RZA
2021-03-31,26.8799991607666,26.989999771118164,26.799999237060547,26.8700008392334,26.475839614868164,41400,RZA
2021-04-01,26.920000076293945,27.1200008392334,26.84000015258789,27.100000381469727,26.702465057373047,46800,RZA
2021-04-05,27.100000381469727,27.209999084472656,27.030000686645508,27.209999084472656,26.810850143432617,25700,RZA
2021-04-06,27.1299991607666,27.209999084472656,26.780000686645508,26.780000686645508,26.38715934753418,87900,RZA
2021-04-07,26.850000381469727,26.90999984741211,26.68000030517578,26.68000030517578,26.288625717163086,73200,RZA
2021-04-08,26.709999084472656,26.75,26.639999389648438,26.670000076293945,26.278772354125977,16400,RZA
2021-04-09,26.780000686645508,26.780000686645508,26.670000076293945,26.690000534057617,26.298480987548828,17600,RZA
2021-04-12,26.690000534057617,26.719999313354492,26.6200008392334,26.649999618530273,26.259065628051758,13300,RZA
2021-04-13,26.639999389648438,26.709999084472656,26.559999465942383,26.579999923706055,26.190093994140625,28400,RZA
2021-04-14,26.530000686645508,26.670000076293945,26.520000457763672,26.670000076293945,26.278772354125977,27800,RZA
2021-04-15,26.709999084472656,26.709999084472656,26.520000457763672,26.579999923706055,26.190093994140625,27600,RZA
2021-04-16,26.59000015258789,26.649999618530273,26.5,26.510000228881836,26.12112045288086,67000,RZA
2021-04-19,26.540000915527344,26.6299991607666,26.510000228881836,26.520000457763672,26.13097381591797,13400,RZA
2021-04-20,26.540000915527344,26.540000915527344,26.440000534057617,26.479999542236328,26.09156036376953,21100,RZA
2021-04-21,26.479999542236328,26.6200008392334,26.479999542236328,26.489999771118164,26.10141372680664,29100,RZA
2021-04-22,26.520000457763672,26.540000915527344,26.40999984741211,26.530000686645508,26.140827178955078,57700,RZA
2021-04-23,26.59000015258789,26.770000457763672,26.510000228881836,26.6200008392334,26.229507446289062,188800,RZA
2021-04-26,26.56999969482422,26.760000228881836,26.510000228881836,26.709999084472656,26.318185806274414,14600,RZA
2021-04-27,26.65999984741211,26.729999542236328,26.6200008392334,26.670000076293945,26.278772354125977,15400,RZA
2021-04-28,26.610000610351562,26.739999771118164,26.559999465942383,26.709999084472656,26.318185806274414,13500,RZA
2021-04-29,26.709999084472656,26.709999084472656,26.530000686645508,26.56999969482422,26.180238723754883,11600,RZA
2021-04-30,26.469999313354492,26.6200008392334,26.469999313354492,26.5,26.11126708984375,48200,RZA
2021-05-03,26.520000457763672,26.670000076293945,26.520000457763672,26.6200008392334,26.229507446289062,14500,RZA
2021-05-04,26.540000915527344,26.690000534057617,26.540000915527344,26.670000076293945,26.278772354125977,15700,RZA
2021-05-05,26.59000015258789,26.780000686645508,26.59000015258789,26.780000686645508,26.38715934753418,25000,RZA
2021-05-06,26.6299991607666,26.75,26.540000915527344,26.700000762939453,26.308334350585938,11600,RZA
2021-05-07,26.6299991607666,26.770000457763672,26.610000610351562,26.670000076293945,26.278772354125977,14400,RZA
2021-05-10,26.6299991607666,26.719999313354492,26.549999237060547,26.56999969482422,26.180238723754883,22100,RZA
2021-05-11,26.5,26.559999465942383,26.290000915527344,26.549999237060547,26.160531997680664,20200,RZA
2021-05-12,26.5,26.5,26.350000381469727,26.450000762939453,26.062000274658203,26900,RZA
2021-05-13,26.43000030517578,26.610000610351562,26.399999618530273,26.520000457763672,26.13097381591797,7300,RZA
2021-05-14,26.579999923706055,26.579999923706055,26.440000534057617,26.5,26.11126708984375,14600,RZA
2021-05-17,26.549999237060547,26.549999237060547,26.40999984741211,26.5,26.11126708984375,19800,RZA
2021-05-18,26.5,26.56999969482422,26.459999084472656,26.5,26.11126708984375,18000,RZA
2021-05-19,26.389999389648438,26.510000228881836,26.3700008392334,26.40999984741211,26.022586822509766,13700,RZA
2021-05-20,26.459999084472656,26.56999969482422,26.40999984741211,26.520000457763672,26.13097381591797,20300,RZA
2021-05-21,26.530000686645508,26.700000762939453,26.450000762939453,26.530000686645508,26.140827178955078,17500,RZA
2021-05-24,26.649999618530273,26.760000228881836,26.469999313354492,26.489999771118164,26.10141372680664,23100,RZA
2021-05-25,26.489999771118164,26.549999237060547,26.440000534057617,26.469999313354492,26.081707000732422,25300,RZA
2021-05-26,26.489999771118164,26.510000228881836,26.40999984741211,26.40999984741211,26.022586822509766,21300,RZA
2021-05-27,26.3700008392334,26.5,26.3700008392334,26.450000762939453,26.062000274658203,32800,RZA
2021-05-28,26.139999389648438,26.18000030517578,26.0,26.09000015258789,26.09000015258789,173800,RZA
2021-06-01,26.139999389648438,26.190000534057617,26.09000015258789,26.15999984741211,26.15999984741211,25600,RZA
2021-06-02,26.190000534057617,26.270000457763672,26.170000076293945,26.229999542236328,26.229999542236328,42900,RZA
2021-06-03,26.18000030517578,26.229999542236328,26.1299991607666,26.219999313354492,26.219999313354492,21000,RZA
2021-06-04,26.219999313354492,26.31999969482422,26.219999313354492,26.260000228881836,26.260000228881836,27100,RZA
2021-06-07,26.299999237060547,26.299999237060547,26.200000762939453,26.25,26.25,13100,RZA
2021-06-08,26.280000686645508,26.290000915527344,26.190000534057617,26.25,26.25,13700,RZA
2021-06-09,26.25,26.299999237060547,26.219999313354492,26.25,26.25,18000,RZA
2021-06-10,26.25,26.34000015258789,26.239999771118164,26.34000015258789,26.34000015258789,38900,RZA
2021-06-11,26.299999237060547,26.399999618530273,26.299999237060547,26.389999389648438,26.389999389648438,24700,RZA
2021-06-14,26.31999969482422,26.440000534057617,26.31999969482422,26.43000030517578,26.43000030517578,26500,RZA
2021-06-15,26.450000762939453,26.469999313354492,26.3700008392334,26.469999313354492,26.469999313354492,132800,RZA
2021-06-16,26.489999771118164,26.549999237060547,26.43000030517578,26.489999771118164,26.489999771118164,38300,RZA
2021-06-17,26.510000228881836,26.690000534057617,26.479999542236328,26.690000534057617,26.690000534057617,27800,RZA
2021-06-18,26.690000534057617,26.75,26.6299991607666,26.739999771118164,26.739999771118164,28200,RZA
2021-06-21,26.739999771118164,26.8700008392334,26.65999984741211,26.8700008392334,26.8700008392334,29700,RZA
2021-06-22,26.729999542236328,27.100000381469727,26.729999542236328,27.100000381469727,27.100000381469727,35800,RZA
2021-06-23,27.100000381469727,27.25,27.100000381469727,27.209999084472656,27.209999084472656,26100,RZA
2021-06-24,27.209999084472656,27.25,27.020000457763672,27.200000762939453,27.200000762939453,43400,RZA
2021-06-25,27.1200008392334,27.31999969482422,27.06999969482422,27.299999237060547,27.299999237060547,46000,RZA
2021-06-28,27.229999542236328,27.31999969482422,27.170000076293945,27.270000457763672,27.270000457763672,20600,RZA
2021-06-29,27.290000915527344,27.290000915527344,27.1299991607666,27.170000076293945,27.170000076293945,24000,RZA
2021-06-30,27.25,27.309999465942383,27.059999465942383,27.229999542236328,27.229999542236328,64500,RZA
2021-07-01,27.229999542236328,27.25,27.139999389648438,27.18000030517578,27.18000030517578,18400,RZA
2021-07-02,27.149999618530273,27.260000228881836,27.149999618530273,27.170000076293945,27.170000076293945,21200,RZA
2021-07-06,27.209999084472656,27.239999771118164,27.0,27.06999969482422,27.06999969482422,48400,RZA
2021-07-07,27.149999618530273,27.170000076293945,27.0,27.170000076293945,27.170000076293945,23800,RZA
2021-07-08,27.059999465942383,27.170000076293945,27.020000457763672,27.059999465942383,27.059999465942383,10200,RZA
2021-07-09,27.06999969482422,27.170000076293945,27.06999969482422,27.149999618530273,27.149999618530273,10600,RZA
2021-07-12,27.09000015258789,27.170000076293945,26.760000228881836,26.84000015258789,26.84000015258789,86300,RZA
2021-07-13,26.719999313354492,26.84000015258789,26.309999465942383,26.440000534057617,26.440000534057617,165300,RZA
2021-07-14,26.399999618530273,26.540000915527344,26.329999923706055,26.5,26.5,31000,RZA
2021-07-15,26.510000228881836,26.6200008392334,26.479999542236328,26.549999237060547,26.549999237060547,62300,RZA
2021-07-16,26.549999237060547,26.56999969482422,26.450000762939453,26.520000457763672,26.520000457763672,22200,RZA
2021-07-19,26.420000076293945,26.510000228881836,26.299999237060547,26.489999771118164,26.489999771118164,15900,RZA
2021-07-20,26.510000228881836,26.65999984741211,26.459999084472656,26.610000610351562,26.610000610351562,25500,RZA
2021-07-21,26.56999969482422,26.610000610351562,26.5,26.600000381469727,26.600000381469727,13800,RZA
2021-07-22,26.59000015258789,26.59000015258789,26.459999084472656,26.549999237060547,26.549999237060547,10500,RZA
2021-07-23,26.559999465942383,26.600000381469727,26.540000915527344,26.600000381469727,26.600000381469727,11000,RZA
2021-07-26,26.59000015258789,26.670000076293945,26.59000015258789,26.610000610351562,26.610000610351562,17200,RZA
2021-07-27,26.600000381469727,26.639999389648438,26.489999771118164,26.600000381469727,26.600000381469727,8600,RZA
2021-07-28,26.549999237060547,26.649999618530273,26.549999237060547,26.600000381469727,26.600000381469727,10900,RZA
2021-07-29,26.56999969482422,26.760000228881836,26.56999969482422,26.739999771118164,26.739999771118164,18300,RZA
2021-07-30,26.65999984741211,26.829999923706055,26.65999984741211,26.799999237060547,26.799999237060547,24500,RZA
2021-08-02,26.829999923706055,26.940000534057617,26.829999923706055,26.940000534057617,26.940000534057617,15100,RZA
2021-08-03,26.889999389648438,26.940000534057617,26.770000457763672,26.920000076293945,26.920000076293945,12900,RZA
2021-08-04,26.899999618530273,26.979999542236328,26.809999465942383,26.959999084472656,26.959999084472656,21500,RZA
2021-08-05,26.950000762939453,27.079999923706055,26.860000610351562,27.030000686645508,27.030000686645508,15300,RZA
2021-08-06,27.010000228881836,27.1200008392334,26.940000534057617,27.100000381469727,27.100000381469727,22200,RZA
2021-08-09,27.110000610351562,27.110000610351562,26.93000030517578,26.950000762939453,26.950000762939453,17300,RZA
2021-08-10,26.950000762939453,27.09000015258789,26.68000030517578,26.899999618530273,26.899999618530273,18900,RZA
2021-08-11,26.899999618530273,27.049999237060547,26.8700008392334,27.020000457763672,27.020000457763672,15600,RZA
2021-08-12,26.989999771118164,27.1200008392334,26.989999771118164,27.09000015258789,27.09000015258789,15600,RZA
2021-08-13,27.06999969482422,27.209999084472656,27.06999969482422,27.15999984741211,27.15999984741211,14800,RZA
2021-08-16,27.139999389648438,27.18000030517578,27.09000015258789,27.149999618530273,27.149999618530273,18500,RZA
2021-08-17,26.989999771118164,27.1299991607666,26.920000076293945,27.100000381469727,27.100000381469727,13700,RZA
2021-08-18,27.100000381469727,27.1299991607666,26.920000076293945,26.979999542236328,26.979999542236328,23000,RZA
2021-08-19,26.959999084472656,27.020000457763672,26.790000915527344,26.979999542236328,26.979999542236328,11400,RZA
2021-08-20,26.940000534057617,27.049999237060547,26.940000534057617,26.979999542236328,26.979999542236328,31500,RZA
2021-08-23,26.979999542236328,26.979999542236328,26.860000610351562,26.93000030517578,26.93000030517578,26200,RZA
2021-08-24,26.950000762939453,26.950000762939453,26.84000015258789,26.8799991607666,26.8799991607666,23300,RZA
2021-08-25,26.90999984741211,26.940000534057617,26.8799991607666,26.889999389648438,26.889999389648438,30100,RZA
2021-08-26,26.90999984741211,26.90999984741211,26.809999465942383,26.860000610351562,26.860000610351562,20400,RZA
2021-08-27,26.8799991607666,26.940000534057617,26.809999465942383,26.899999618530273,26.899999618530273,24700,RZA
2021-08-30,26.8799991607666,26.979999542236328,26.739999771118164,26.81999969482422,26.81999969482422,30900,RZA
2021-08-31,26.43000030517578,26.479999542236328,26.34000015258789,26.389999389648438,26.389999389648438,47400,RZA
2021-09-01,26.459999084472656,26.610000610351562,26.420000076293945,26.530000686645508,26.530000686645508,17700,RZA
2021-09-02,26.639999389648438,26.770000457763672,26.6299991607666,26.770000457763672,26.770000457763672,22100,RZA
2021-09-03,26.729999542236328,26.75,26.489999771118164,26.5,26.5,20600,RZA
2021-09-07,26.520000457763672,26.520000457763672,26.31999969482422,26.34000015258789,26.34000015258789,34300,RZA
2021-09-08,26.350000381469727,26.389999389648438,26.229999542236328,26.280000686645508,26.280000686645508,16400,RZA
2021-09-09,26.25,26.34000015258789,26.18000030517578,26.229999542236328,26.229999542236328,40500,RZA
2021-09-10,26.229999542236328,26.299999237060547,26.200000762939453,26.260000228881836,26.260000228881836,37300,RZA
2021-09-13,26.260000228881836,26.309999465942383,26.1299991607666,26.190000534057617,26.190000534057617,37900,RZA
2021-09-14,26.200000762939453,26.219999313354492,26.040000915527344,26.100000381469727,26.100000381469727,31600,RZA
2021-09-15,26.15999984741211,26.209999084472656,26.100000381469727,26.170000076293945,26.170000076293945,46100,RZA
2021-09-16,26.15999984741211,26.25,26.149999618530273,26.209999084472656,26.209999084472656,27200,RZA
2021-09-17,26.200000762939453,26.229999542236328,26.149999618530273,26.15999984741211,26.15999984741211,31900,RZA
2021-09-20,26.059999465942383,26.1299991607666,26.0,26.030000686645508,26.030000686645508,47400,RZA
2021-09-21,26.1299991607666,26.1299991607666,26.020000457763672,26.030000686645508,26.030000686645508,45300,RZA
2021-09-22,26.079999923706055,26.209999084472656,26.049999237060547,26.110000610351562,26.110000610351562,57200,RZA
2021-09-23,26.15999984741211,26.25,26.020000457763672,26.059999465942383,26.059999465942383,95300,RZA
2021-09-24,26.06999969482422,26.1200008392334,26.030000686645508,26.06999969482422,26.06999969482422,76600,RZA
2021-09-27,26.040000915527344,26.110000610351562,26.040000915527344,26.079999923706055,26.079999923706055,60500,RZA
2021-09-28,26.020000457763672,26.149999618530273,25.959999084472656,26.030000686645508,26.030000686645508,106100,RZA
2021-09-29,26.059999465942383,26.170000076293945,26.010000228881836,26.040000915527344,26.040000915527344,226700,RZA
2021-09-30,26.040000915527344,26.350000381469727,26.030000686645508,26.25,26.25,617100,RZA
2021-10-01,26.25,26.43000030517578,26.200000762939453,26.309999465942383,26.309999465942383,92400,RZA
2021-10-04,26.270000457763672,26.299999237060547,26.149999618530273,26.18000030517578,26.18000030517578,113400,RZA
2021-10-05,26.170000076293945,26.190000534057617,26.030000686645508,26.049999237060547,26.049999237060547,119300,RZA
2021-10-06,26.049999237060547,26.139999389648438,26.010000228881836,26.1200008392334,26.1200008392334,51600,RZA
2021-10-07,26.079999923706055,26.139999389648438,26.040000915527344,26.06999969482422,26.06999969482422,10800,RZA
2021-10-08,26.100000381469727,26.139999389648438,26.079999923706055,26.1299991607666,26.1299991607666,20500,RZA
2021-10-11,26.110000610351562,26.18000030517578,26.100000381469727,26.1299991607666,26.1299991607666,18600,RZA
2021-10-12,26.15999984741211,26.229999542236328,26.1299991607666,26.15999984741211,26.15999984741211,34000,RZA
2021-10-13,26.149999618530273,26.299999237060547,26.149999618530273,26.170000076293945,26.170000076293945,20800,RZA
2021-10-14,26.219999313354492,26.360000610351562,26.190000534057617,26.270000457763672,26.270000457763672,43500,RZA
2021-10-15,26.239999771118164,26.329999923706055,26.170000076293945,26.25,26.25,68000,RZA
2021-10-18,26.219999313354492,26.420000076293945,26.209999084472656,26.3799991607666,26.3799991607666,32600,RZA
2021-10-19,26.360000610351562,26.520000457763672,26.360000610351562,26.479999542236328,26.479999542236328,109200,RZA
2021-10-20,26.479999542236328,26.600000381469727,26.420000076293945,26.600000381469727,26.600000381469727,150400,RZA
2021-10-21,26.5,26.549999237060547,26.459999084472656,26.479999542236328,26.479999542236328,28100,RZA
2021-10-22,26.479999542236328,26.5,26.3799991607666,26.40999984741211,26.40999984741211,11900,RZA
2021-10-25,26.3799991607666,26.489999771118164,26.3799991607666,26.420000076293945,26.420000076293945,15800,RZA
2021-10-26,26.399999618530273,26.399999618530273,26.299999237060547,26.34000015258789,26.34000015258789,21700,RZA
2021-10-27,26.329999923706055,26.479999542236328,26.309999465942383,26.399999618530273,26.399999618530273,13400,RZA
2021-10-28,26.360000610351562,26.469999313354492,26.270000457763672,26.290000915527344,26.290000915527344,33100,RZA
2021-10-29,26.280000686645508,26.350000381469727,26.170000076293945,26.209999084472656,26.209999084472656,54700,RZA
2021-11-01,26.219999313354492,26.31999969482422,26.170000076293945,26.299999237060547,26.299999237060547,24100,RZA
2021-11-02,26.260000228881836,26.399999618530273,26.229999542236328,26.350000381469727,26.350000381469727,13400,RZA
2021-11-03,26.3700008392334,26.469999313354492,26.299999237060547,26.440000534057617,26.440000534057617,17700,RZA
2021-11-04,26.3799991607666,26.579999923706055,26.3799991607666,26.520000457763672,26.520000457763672,16400,RZA
2021-11-05,26.479999542236328,26.579999923706055,26.389999389648438,26.549999237060547,26.549999237060547,15300,RZA
2021-11-08,26.450000762939453,26.56999969482422,26.399999618530273,26.56999969482422,26.56999969482422,15200,RZA
2021-11-09,26.479999542236328,26.540000915527344,26.459999084472656,26.520000457763672,26.520000457763672,8000,RZA
2021-11-10,26.420000076293945,26.469999313354492,26.239999771118164,26.350000381469727,26.350000381469727,12800,RZA
2021-11-11,26.399999618530273,26.489999771118164,26.09000015258789,26.09000015258789,26.09000015258789,11200,RZA
2021-11-12,26.149999618530273,26.3799991607666,26.149999618530273,26.149999618530273,26.149999618530273,10500,RZA
2021-11-15,26.139999389648438,26.209999084472656,26.100000381469727,26.15999984741211,26.15999984741211,9300,RZA
2021-11-16,26.200000762939453,26.440000534057617,26.139999389648438,26.170000076293945,26.170000076293945,9000,RZA
2021-11-17,26.170000076293945,26.239999771118164,26.1200008392334,26.139999389648438,26.139999389648438,20200,RZA
2021-11-18,26.170000076293945,26.229999542236328,26.110000610351562,26.149999618530273,26.149999618530273,35100,RZA
2021-11-19,26.209999084472656,26.280000686645508,26.15999984741211,26.280000686645508,26.280000686645508,15300,RZA
2021-11-22,26.200000762939453,26.329999923706055,26.15999984741211,26.200000762939453,26.200000762939453,10900,RZA
2021-11-23,26.170000076293945,26.229999542236328,26.079999923706055,26.1299991607666,26.1299991607666,26900,RZA
2021-11-24,26.1299991607666,26.209999084472656,26.06999969482422,26.1200008392334,26.1200008392334,58100,RZA
2021-11-26,26.06999969482422,26.100000381469727,26.059999465942383,26.100000381469727,26.100000381469727,27700,RZA
2021-11-29,26.1299991607666,26.200000762939453,26.09000015258789,26.1200008392334,26.1200008392334,21400,RZA
2021-11-30,25.860000610351562,26.079999923706055,25.670000076293945,26.020000457763672,26.020000457763672,67000,RZA
2021-12-01,26.049999237060547,26.100000381469727,25.75,25.770000457763672,25.770000457763672,79800,RZA
2021-12-02,25.760000228881836,25.920000076293945,25.709999084472656,25.780000686645508,25.780000686645508,38300,RZA
2021-12-03,25.760000228881836,25.780000686645508,25.719999313354492,25.75,25.75,29100,RZA
2021-12-06,25.780000686645508,25.90999984741211,25.760000228881836,25.799999237060547,25.799999237060547,31400,RZA
2021-12-07,25.81999969482422,25.93000030517578,25.799999237060547,25.81999969482422,25.81999969482422,23600,RZA
2021-12-08,25.81999969482422,25.850000381469727,25.770000457763672,25.780000686645508,25.780000686645508,14800,RZA
2021-12-09,25.780000686645508,25.850000381469727,25.729999542236328,25.75,25.75,26200,RZA
2021-12-10,25.780000686645508,25.799999237060547,25.709999084472656,25.739999771118164,25.739999771118164,54900,RZA
2021-12-13,25.719999313354492,25.790000915527344,25.709999084472656,25.75,25.75,22800,RZA
2021-12-14,25.75,25.770000457763672,25.719999313354492,25.75,25.75,17100,RZA
2021-12-15,25.75,25.889999389648438,25.729999542236328,25.75,25.75,20400,RZA
2021-12-16,25.770000457763672,25.8700008392334,25.739999771118164,25.790000915527344,25.790000915527344,54600,RZA
2021-12-17,25.780000686645508,25.8700008392334,25.739999771118164,25.739999771118164,25.739999771118164,37900,RZA
2021-12-20,25.709999084472656,25.780000686645508,25.709999084472656,25.780000686645508,25.780000686645508,29600,RZA
2021-12-21,25.770000457763672,25.8799991607666,25.760000228881836,25.790000915527344,25.790000915527344,56100,RZA
2021-12-22,25.780000686645508,26.049999237060547,25.770000457763672,25.799999237060547,25.799999237060547,116300,RZA
2021-12-23,25.860000610351562,25.860000610351562,25.790000915527344,25.809999465942383,25.809999465942383,36100,RZA
2021-12-27,25.84000015258789,25.8700008392334,25.790000915527344,25.809999465942383,25.809999465942383,37600,RZA
2021-12-28,25.809999465942383,25.829999923706055,25.75,25.780000686645508,25.780000686645508,14700,RZA
2021-12-29,25.770000457763672,25.84000015258789,25.770000457763672,25.829999923706055,25.829999923706055,16000,RZA
2021-12-30,25.799999237060547,25.84000015258789,25.75,25.81999969482422,25.81999969482422,27300,RZA
